merge_samples_with_btl/SKQ202309T/ctd/skq202309t_007.cnv
* Sea-Bird SBE 9 Data File:
* FileName = D:\CTD\SKQ202309T\SKQ202309T_007.hex
* Software Version Seasave V 7.26.7.121
* Temperature SN = 6177
* Conductivity SN = 0369
* Number of Bytes Per Scan = 38
* Number of Voltage Words = 3
* Number of Scans Averaged by the Deck Unit = 1
* NMEA Latitude = 64 14.62 N
* NMEA Longitude = 165 32.56 W
* NMEA UTC (Time) = Jun 12 2023  15:23:52
* NMEA baud rate = 4800
** Ship: R/V Sikuliaq
** Station Number: 007
** Station Name: 011
** Bottom Depth: 19
** Operator: Steve Dykstra
# nquan = 23
# nvalues = 4666                                  
# units = specified
# name 0 = depSM: Depth [salt water, m]
# name 1 = latitude: Latitude [deg]
# name 2 = longitude: Longitude [deg]
# name 3 = prDM: Pressure, Digiquartz [db]
# name 4 = t090C: Temperature [ITS-90, deg C]
# name 5 = t190C: Temperature, 2 [ITS-90, deg C]
# name 6 = potemp090C: Potential Temperature [ITS-90, deg C]
# name 7 = sal00: Salinity, Practical [PSU]
# name 8 = sal11: Salinity, Practical, 2 [PSU]
# name 9 = density00: Density [density, kg/m^3]
# name 10 = sigma-é00: Density [sigma-theta, kg/m^3]
# name 11 = sbox0Mm/Kg: Oxygen, SBE 43 [umol/kg]
# name 12 = sbox1Mm/Kg: Oxygen, SBE 43, 2 [umol/kg]
# name 13 = oxsolMm/Kg: Oxygen Saturation, Garcia & Gordon [umol/kg]
# name 14 = sbeox0PS: Oxygen, SBE 43 [% saturation]
# name 15 = sbeox1PS: Oxygen, SBE 43, 2 [% saturation]
# name 16 = v0: Voltage 0
# name 17 = flECO-AFL: Fluorescence, WET Labs ECO-AFL/FL [mg/m^3]
# name 18 = v1: Voltage 1
# name 19 = CStarAt0: Beam Attenuation, WET Labs C-Star [1/m]
# name 20 = scan: Scan Count
# name 21 = timeM: Time, Elapsed [minutes]
# name 22 = flag:  0.000e+00
# span 0 =      1.331,     13.983                 
# span 1 =   64.24362,   64.24366                 
# span 2 = -165.54258, -165.54254                 
# span 3 =      1.344,     14.121                 
# span 4 =     1.5460,     8.0700                 
# span 5 =     1.5473,     8.1328                 
# span 6 =     1.5455,     8.0699                 
# span 7 =    18.1737,    28.9193                 
# span 8 =    18.0919,    28.9311                 
# span 9 =  1014.0922,  1023.1964                 
# span 10 =    14.0853,    23.1297                
# span 11 =    337.981,    387.448                
# span 12 =    333.466,    375.242                
# span 13 =  323.78766,  352.42372                
# span 14 =    102.227,    112.749                
# span 15 =     99.383,    107.663                
# span 16 =     0.1245,     0.4322                
# span 17 =     0.3993,     2.2454                
# span 18 =     2.4554,     3.9267                
# span 19 =     0.7296,     2.6084                
# span 20 =          1,       4666                
# span 21 =     0.0000,     3.2396                
# span 22 = 0.0000e+00, 0.0000e+00                
# interval = seconds: 0.0416667
# start_time = Jun 12 2023 15:28:02 [NMEA time, first data scan]
# bad_flag = -9.990e-29
*END*
[from data line 3150]
     13.868   64.24364 -165.54254     14.005     1.5728     1.5763     1.5723    28.9124    28.9231  1023.1898    23.1230    383.290    372.888  350.22202    109.442    106.490     0.2393     1.0879     3.6410     1.0319       3151     2.1875  0.000e+00
     13.837   64.24364 -165.54254     13.973     1.5733     1.5754     1.5728    28.9119    28.9232  1023.1892    23.1226    383.291    372.703  350.21888    109.443    106.435     0.2381     1.0806     3.6435     1.0292       3152     2.1882  0.000e+00
     13.868   64.24364 -165.54254     14.005     1.5732     1.5750     1.5727    28.9117    28.9232  1023.1893    23.1225    383.064    372.698  350.22026    109.378    106.433     0.2393     1.0879     3.6484     1.0239       3153     2.1889  0.000e+00
     13.814   64.24364 -165.54254     13.950     1.5724     1.5748     1.5719    28.9124    28.9236  1023.1896    23.1231    383.075    372.870  350.22594    109.379    106.481     0.2393     1.0879     3.6496     1.0225       3154     2.1896  0.000e+00
     13.837   64.24364 -165.54254     13.973     1.5707     1.5750     1.5702    28.9134    28.9232  1023.1906    23.1240    383.101    372.857  350.23836    109.383    106.478     0.2393     1.0879     3.6496     1.0225       3155     2.1903  0.000e+00
     13.868   64.24364 -165.54254     14.005     1.5705     1.5752     1.5700    28.9134    28.9230  1023.1908    23.1240    383.308    372.869  350.23989    109.441    106.482     0.2393     1.0879     3.6496     1.0225       3156     2.1910  0.000e+00
     13.868   64.24364 -165.54254     14.005     1.5708     1.5750     1.5702    28.9138    28.9232  1023.1911    23.1243    383.311    372.882  350.23691    109.443    106.485     0.2393     1.0879     3.6496     1.0225       3157     2.1917  0.000e+00
     13.814   64.24364 -165.54254     13.950     1.5716     1.5744     1.5711    28.9135    28.9238  1023.1905    23.1240    383.304    372.893  350.22989    109.444    106.487     0.2393     1.0879     3.6496     1.0225       3158     2.1924  0.000e+00
     13.899   64.24364 -165.54254     14.036     1.5727     1.5735     1.5722    28.9124    28.9244  1023.1900    23.1231    383.302    372.705  350.22288    109.445    106.431     0.2381     1.0806     3.6496     1.0225       3159     2.1931  0.000e+00
     13.814   64.24364 -165.54254     13.950     1.5730     1.5740     1.5725    28.9124    28.9241  1023.1896    23.1231    383.297    372.679  350.22047    109.444    106.425     0.2393     1.0879     3.6496     1.0225       3160     2.1938  0.000e+00
     13.868   64.24364 -165.54254     14.005     1.5736     1.5747     1.5730    28.9125    28.9239  1023.1899    23.1231    383.334    372.657  350.21521    109.457    106.420     0.2381     1.0806     3.6496     1.0225       3161     2.1944  0.000e+00
     13.814   64.24364 -165.54254     13.950     1.5738     1.5752     1.5732    28.9127    28.9243  1023.1898    23.1233    383.329    372.630  350.21268    109.456    106.415     0.2393     1.0879     3.6496     1.0225       3162     2.1951  0.000e+00
     13.899   64.24364 -165.54254     14.036     1.5735     1.5750     1.5730    28.9135    28.9251  1023.1908    23.1239    383.332    372.617  350.21312    109.457    106.411     0.2393     1.0879     3.6496     1.0225       3163     2.1958  0.000e+00
     13.814   64.24364 -165.54254     13.950     1.5739     1.5759     1.5734    28.9132    28.9248  1023.1901    23.1236    383.320    372.587  350.21005    109.454    106.404     0.2381     1.0806     3.6496     1.0225       3164     2.1965  0.000e+00
     13.868   64.24364 -165.54254     14.005     1.5742     1.5777     1.5736    28.9129    28.9238  1023.1902    23.1234    383.316    372.556  350.20870    109.454    106.400     0.2393     1.0879     3.6496     1.0225       3165     2.1972  0.000e+00
     13.837   64.24364 -165.54254     13.974     1.5738     1.5793     1.5732    28.9131    28.9232  1023.1902    23.1236    383.312    372.521  350.21178    109.452    106.394     0.2393     1.0879     3.6496     1.0225       3166     2.1979  0.000e+00
     13.814   64.24364 -165.54254     13.950     1.5732     1.5803     1.5726    28.9133    28.9226  1023.1903    23.1238    383.309    372.494  350.21659    109.449    106.388     0.2393     1.0879     3.6496     1.0225       3167     2.1986  0.000e+00
     13.868   64.24364 -165.54254     14.005     1.5735     1.5804     1.5730    28.9136    28.9227  1023.1907    23.1240    383.297    372.478  350.21287    109.447    106.384     0.2381     1.0806     3.6496     1.0225       3168     2.1993  0.000e+00
     13.868   64.24364 -165.54254     14.005     1.5752     1.5802     1.5747    28.9135    28.9223  1023.1906    23.1238    383.307    372.464  350.19732    109.455    106.379     0.2393     1.0879     3.6496     1.0225       3169     2.2000  0.000e+00
     13.837   64.24364 -165.54254     13.974     1.5772     1.5798     1.5767    28.9133    28.9226  1023.1902    23.1236    383.272    372.448  350.18011    109.450    106.374     0.2381     1.0806     3.6496     1.0225       3170     2.2007  0.000e+00
     13.814   64.24364 -165.54254     13.950     1.5789     1.5796     1.5784    28.9127    28.9225  1023.1894    23.1229    383.282    372.433  350.16665    109.457    106.369     0.2381     1.0806     3.6496     1.0225       3171     2.2014  0.000e+00
     13.868   64.24364 -165.54254     14.005     1.5796     1.5791     1.5790    28.9123    28.9226  1023.1894    23.1226    383.030    372.451  350.16173    109.387    106.372     0.2393     1.0879     3.6484     1.0239       3172     2.2021  0.000e+00
     13.760   64.24364 -165.54254     13.896     1.5802     1.5791     1.5797    28.9114    28.9226  1023.1881    23.1218    383.244    372.429  350.15835    109.449    106.366     0.2381     1.0806     3.6435     1.0292       3173     2.2028  0.000e+00
     13.899   64.24364 -165.54254     14.036     1.5810     1.5781     1.5805    28.9109    28.9225  1023.1883    23.1214    383.272    372.431  350.15283    109.458    106.364     0.2369     1.0732     3.6410     1.0319       3174     2.2035  0.000e+00
     13.868   64.24364 -165.54254     14.005     1.5819     1.5768     1.5814    28.9102    28.9227  1023.1876    23.1208    383.290    372.454  350.14621    109.466    106.367     0.2357     1.0659     3.6410     1.0319       3175     2.2042  0.000e+00
     13.868   64.24364 -165.54254     14.005     1.5820     1.5761     1.5815    28.9105    28.9228  1023.1878    23.1210    383.274    372.446  350.14457    109.462    106.363     0.2369     1.0732     3.6422     1.0306       3176     2.2049  0.000e+00
     13.837   64.24364 -165.54254     13.974     1.5841     1.5760     1.5835    28.9107    28.9232  1023.1876    23.1210    383.276    372.430  350.12586    109.468    106.358     0.2357     1.0659     3.6410     1.0319       3177     2.2056  0.000e+00
     13.814   64.24364 -165.54254     13.950     1.5868     1.5756     1.5862    28.9096    28.9234  1023.1866    23.1201    383.274    372.417  350.10455    109.474    106.354     0.2357     1.0659     3.6422     1.0306       3178     2.2062  0.000e+00
     13.868   64.24364 -165.54254     14.005     1.5871     1.5764     1.5865    28.9086    28.9232  1023.1860    23.1193    383.026    372.396  350.10425    109.403    106.350     0.2357     1.0659     3.6410     1.0319       3179     2.2069  0.000e+00
     13.814   64.24364 -165.54254     13.950     1.5855     1.5781     1.5850    28.9092    28.9230  1023.1863    23.1198    383.261    372.361  350.11709    109.467    106.344     0.2369     1.0732     3.6410     1.0319       3180     2.2076  0.000e+00
     13.899   64.24364 -165.54254     14.036     1.5844     1.5797     1.5839    28.9094    28.9223  1023.1869    23.1200    383.304    372.334  350.12640    109.476    106.341     0.2369     1.0732     3.6422     1.0306       3181     2.2083  0.000e+00
     13.814   64.24364 -165.54254     13.950     1.5836     1.5795     1.5831    28.9101    28.9230  1023.1871    23.1206    382.628    372.525  350.13127    109.281    106.395     0.2357     1.0659     3.6410     1.0319       3182     2.2090  0.000e+00
     13.868   64.24364 -165.54254     14.005     1.5841     1.5800     1.5835    28.9104    28.9228  1023.1876    23.1208    383.200    372.323  350.12663    109.446    106.339     0.2369     1.0732     3.6422     1.0306       3183     2.2097  0.000e+00
     13.837   64.24364 -165.54254     13.974     1.5853     1.5813     1.5848    28.9103    28.9227  1023.1873    23.1207    383.173    372.501  350.11539    109.442    106.393     0.2357     1.0659     3.6410     1.0319       3184     2.2104  0.000e+00
     13.868   64.24364 -165.54254     14.005     1.5866     1.5817     1.5861    28.9097    28.9231  1023.1869    23.1201    383.191    372.297  350.10590    109.450    106.336     0.2369     1.0732     3.6422     1.0306       3185     2.2111  0.000e+00
     13.814   64.24364 -165.54254     13.950     1.5872     1.5822     1.5867    28.9090    28.9232  1023.1860    23.1195    383.211    372.298  350.10233    109.457    106.338     0.2357     1.0659     3.6410     1.0319       3186     2.2118  0.000e+00
     13.868   64.24364 -165.54254     14.005     1.5859     1.5831     1.5854    28.9088    28.9222  1023.1862    23.1194    383.257    372.277  350.11422    109.466    106.333     0.2369     1.0732     3.6422     1.0306       3187     2.2125  0.000e+00
     13.837   64.24364 -165.54254     13.974     1.5847     1.5832     1.5842    28.9090    28.9222  1023.1863    23.1197    383.296    372.285  350.12429    109.474    106.336     0.2357     1.0659     3.6422     1.0306       3188     2.2132  0.000e+00
     13.868   64.24364 -165.54254     14.005     1.5846     1.5836     1.5840    28.9096    28.9219  1023.1869    23.1202    383.326    372.296  350.12425    109.483    106.340     0.2357     1.0659     3.6422     1.0306       3189     2.2139  0.000e+00
     13.814   64.24364 -165.54254     13.950     1.5855     1.5836     1.5850    28.9098    28.9220  1023.1868    23.1203    383.299    372.096  350.11543    109.478    106.283     0.2369     1.0732     3.6410     1.0319       3190     2.2146  0.000e+00
     13.868   64.24364 -165.54254     14.005     1.5867     1.5842     1.5862    28.9089    28.9217  1023.1862    23.1195    383.318    372.291  350.10706    109.486    106.340     0.2357     1.0659     3.6422     1.0306       3191     2.2153  0.000e+00
     13.837   64.24364 -165.54254     13.974     1.5878     1.5850     1.5873    28.9086    28.9215  1023.1858    23.1192    383.524    372.062  350.09747    109.548    106.276     0.2369     1.0732     3.6422     1.0306       3192     2.2160  0.000e+00
     13.814   64.24364 -165.54254     13.950     1.5877     1.5859     1.5871    28.9085    28.9211  1023.1856    23.1191    383.312    372.226  350.09933    109.487    106.326     0.2357     1.0659     3.6508     1.0212       3193     2.2167  0.000e+00
     13.868   64.24364 -165.54254     14.005     1.5863     1.5866     1.5857    28.9078    28.9207  1023.1854    23.1187    383.312    372.212  350.11374    109.482    106.323     0.2369     1.0732     3.6557     1.0158       3194     2.2174  0.000e+00
     13.899   64.24364 -165.54254     14.036     1.5841     1.5866     1.5835    28.9077    28.9207  1023.1855    23.1186    383.318    372.204  350.13393    109.477    106.321     0.2357     1.0659     3.6557     1.0158       3195     2.2181  0.000e+00
     13.814   64.24364 -165.54254     13.950     1.5813     1.5864     1.5807    28.9090    28.9210  1023.1863    23.1198    383.553    371.982  350.15550    109.538    106.257     0.2369     1.0732     3.6557     1.0158       3196     2.2188  0.000e+00
     13.868   64.24364 -165.54254     14.005     1.5807     1.5860     1.5801    28.9100    28.9211  1023.1875    23.1207    383.338    372.190  350.15803    109.476    106.316     0.2357     1.0659     3.6545     1.0172       3197     2.2194  0.000e+00
     13.868   64.24364 -165.54254     14.005     1.5811     1.5866     1.5806    28.9105    28.9211  1023.1879    23.1211    383.303    372.203  350.15269    109.467    106.321     0.2369     1.0732     3.6545     1.0172       3198     2.2201  0.000e+00
     13.837   64.24364 -165.54254     13.974     1.5818     1.5873     1.5812    28.9103    28.9212  1023.1875    23.1209    383.500    372.215  350.14745    109.525    106.326     0.2369     1.0732     3.6557     1.0158       3199     2.2208  0.000e+00
     13.868   64.24364 -165.54254     14.005     1.5827     1.5873     1.5822    28.9100    28.9212  1023.1874    23.1206    383.305    372.238  350.13978    109.472    106.333     0.2369     1.0732     3.6557     1.0158       3200     2.2215  0.000e+00
     13.814   64.24364 -165.54254     13.950     1.5836     1.5862     1.5831    28.9106    28.9207  1023.1875    23.1210    383.533    372.244  350.13002    109.540    106.331     0.2381     1.0806     3.6557     1.0158       3201     2.2222  0.000e+00
     13.899   64.24364 -165.54254     14.036     1.5863     1.5826     1.5857    28.9097    28.9216  1023.1870    23.1201    383.280    372.070  350.10880    109.475    106.273     0.2369     1.0732     3.6545     1.0172       3202     2.2229  0.000e+00
     13.814   64.24364 -165.54254     13.950     1.5877     1.5799     1.5871    28.9086    28.9232  1023.1857    23.1192    383.227    372.089  350.09902    109.462    106.272     0.2381     1.0806     3.6545     1.0172       3203     2.2236  0.000e+00
     13.868   64.24364 -165.54254     14.005     1.5872     1.5803     1.5867    28.9085    28.9235  1023.1859    23.1192    383.197    372.086  350.10354    109.453    106.272     0.2369     1.0732     3.6545     1.0172       3204     2.2243  0.000e+00
     13.868   64.24364 -165.54254     14.005     1.5865     1.5797     1.5860    28.9086    28.9233  1023.1860    23.1193    383.441    372.096  350.10926    109.520    106.273     0.2369     1.0732     3.6557     1.0158       3205     2.2250  0.000e+00
     13.837   64.24364 -165.54254     13.974     1.5869     1.5771     1.5864    28.9088    28.9240  1023.1860    23.1194    383.474    372.124  350.10528    109.531    106.275     0.2369     1.0732     3.6557     1.0158       3206     2.2257  0.000e+00
     13.868   64.24364 -165.54254     14.005     1.5871     1.5770     1.5865    28.9086    28.9233  1023.1860    23.1192    383.513    372.135  350.10436    109.542    106.277     0.2369     1.0732     3.6557     1.0158       3207     2.2264  0.000e+00
     13.868   64.24364 -165.54254     14.005     1.5877     1.5778     1.5871    28.9082    28.9228  1023.1856    23.1188    383.544    372.110  350.10013    109.553    106.272     0.2381     1.0806     3.6545     1.0172       3208     2.2271  0.000e+00
     13.868   64.24364 -165.54254     14.005     1.5875     1.5779     1.5869    28.9084    28.9232  1023.1858    23.1191    383.815    372.091  350.10135    109.630    106.267     0.2369     1.0732     3.6557     1.0158       3209     2.2278  0.000e+00
     13.837   64.24364 -165.54254     13.974     1.5869     1.5780     1.5864    28.9090    28.9228  1023.1862    23.1196    383.654    372.073  350.10476    109.583    106.262     0.2381     1.0806     3.6557     1.0158       3210     2.2285  0.000e+00
     13.868   64.24364 -165.54254     14.005     1.5868     1.5778     1.5862    28.9091    28.9227  1023.1864    23.1196    383.687    372.062  350.10597    109.592    106.258     0.2369     1.0732     3.6557     1.0158       3211     2.2292  0.000e+00
     13.814   64.24364 -165.54254     13.950     1.5867     1.5780     1.5862    28.9095    28.9233  1023.1865    23.1200    383.712    372.042  350.10532    109.599    106.253     0.2381     1.0806     3.6557     1.0158       3212     2.2299  0.000e+00
