merge_samples_with_btl/SKQ202309T/ctd/skq202309t_003.cnv
* Sea-Bird SBE 9 Data File:
* FileName = D:\CTD\SKQ202309T\SKQ202309T_003.hex
* Software Version Seasave V 7.26.7.121
* Temperature SN = 6177
* Conductivity SN = 0369
* Number of Bytes Per Scan = 38
* Number of Voltage Words = 3
* Number of Scans Averaged by the Deck Unit = 1
* NMEA Latitude = 56 26.56 N
* NMEA Longitude = 166 33.22 W
* NMEA UTC (Time) = Jun 10 2023  04:39:46
* NMEA baud rate = 4800
** Ship: R/V Sikuliaq
** Station Number: 003
** Station Name: STN 004
** Bottom Depth: 101
** Operator: Julia Moriarty
# nquan = 23
# nvalues = 9701                                  
# units = specified
# name 0 = depSM: Depth [salt water, m]
# name 1 = latitude: Latitude [deg]
# name 2 = longitude: Longitude [deg]
# name 3 = prDM: Pressure, Digiquartz [db]
# name 4 = t090C: Temperature [ITS-90, deg C]
# name 5 = t190C: Temperature, 2 [ITS-90, deg C]
# name 6 = potemp090C: Potential Temperature [ITS-90, deg C]
# name 7 = sal00: Salinity, Practical [PSU]
# name 8 = sal11: Salinity, Practical, 2 [PSU]
# name 9 = density00: Density [density, kg/m^3]
# name 10 = sigma-é00: Density [sigma-theta, kg/m^3]
# name 11 = sbox0Mm/Kg: Oxygen, SBE 43 [umol/kg]
# name 12 = sbox1Mm/Kg: Oxygen, SBE 43, 2 [umol/kg]
# name 13 = oxsolMm/Kg: Oxygen Saturation, Garcia & Gordon [umol/kg]
# name 14 = sbeox0PS: Oxygen, SBE 43 [% saturation]
# name 15 = sbeox1PS: Oxygen, SBE 43, 2 [% saturation]
# name 16 = v0: Voltage 0
# name 17 = flECO-AFL: Fluorescence, WET Labs ECO-AFL/FL [mg/m^3]
# name 18 = v1: Voltage 1
# name 19 = CStarAt0: Beam Attenuation, WET Labs C-Star [1/m]
# name 20 = scan: Scan Count
# name 21 = timeM: Time, Elapsed [minutes]
# name 22 = flag:  0.000e+00
# span 0 =      1.756,     95.786                 
# span 1 =   56.44268,   56.44276                 
# span 2 = -166.55362, -166.55346                 
# span 3 =      1.772,     96.692                 
# span 4 =     3.6067,     6.8002                 
# span 5 =     3.6070,     6.8034                 
# span 6 =     3.6028,     6.8001                 
# span 7 =    31.7989,    32.3667                 
# span 8 =    31.8191,    32.3776                 
# span 9 =  1024.9856,  1026.1435                 
# span 10 =    24.9741,    25.6932                
# span 11 =    250.129,    423.188                
# span 12 =    242.122,    410.900                
# span 13 =  301.66348,  325.03991                
# span 14 =     77.877,    136.898                
# span 15 =     75.391,    133.522                
# span 16 =     0.0842,     4.1087                
# span 17 =     0.1575,    24.3040                
# span 18 =     2.7827,     4.4591                
# span 19 =     0.2209,     2.1077                
# span 20 =          1,       9701                
# span 21 =     0.0000,     6.7361                
# span 22 = 0.0000e+00, 0.0000e+00                
# interval = seconds: 0.0416667
# start_time = Jun 10 2023 04:44:02 [NMEA time, first data scan]
# bad_flag = -9.990e-29
*END*
[from data line 2268]
     11.064   56.44268 -166.55360     11.166     5.2227     5.2172     5.2219    31.8839    31.8993  1025.2330    25.1811    413.098    402.044  312.95739    131.998    128.464     0.3651     1.8425     4.1111     0.5460       2269     1.5750  0.000e+00
     11.095   56.44268 -166.55360     11.197     5.2181     5.2140     5.2173    31.8854    31.9001  1025.2348    25.1829    413.175    402.048  312.98753    132.010    128.457     0.3651     1.8425     4.1026     0.5544       2270     1.5757  0.000e+00
     11.041   56.44268 -166.55360     11.143     5.2149     5.2117     5.2141    31.8866    31.8997  1025.2359    25.1842    413.409    402.200  313.00898    132.076    128.497     0.3651     1.8425     4.1013     0.5556       2271     1.5764  0.000e+00
     11.156   56.44268 -166.55360     11.260     5.2128     5.2087     5.2120    31.8866    31.9010  1025.2367    25.1844    413.475    402.376  313.02426    132.090    128.546     0.3639     1.8352     4.1026     0.5544       2272     1.5771  0.000e+00
     11.118   56.44268 -166.55360     11.221     5.2094     5.2071     5.2086    31.8869    31.9013  1025.2371    25.1850    413.753    402.526  313.04896    132.169    128.589     0.3651     1.8425     4.1026     0.5544       2273     1.5778  0.000e+00
     11.095   56.44268 -166.55360     11.197     5.2064     5.2062     5.2056    31.8872    31.9013  1025.2375    25.1856    413.829    402.683  313.07055    132.184    128.636     0.3639     1.8352     4.1026     0.5544       2274     1.5785  0.000e+00
     11.156   56.44268 -166.55360     11.260     5.2034     5.2050     5.2026    31.8872    31.9017  1025.2382    25.1859    414.087    402.676  313.09277    132.257    128.631     0.3651     1.8425     4.1026     0.5544       2275     1.5792  0.000e+00
     11.156   56.44268 -166.55360     11.260     5.2014     5.2028     5.2006    31.8873    31.9024  1025.2385    25.1862    414.160    402.853  313.10721    132.274    128.682     0.3956     2.0256     4.1026     0.5544       2276     1.5799  0.000e+00
     11.118   56.44268 -166.55360     11.221     5.1994     5.2017     5.1986    31.8879    31.9021  1025.2390    25.1869    414.408    402.831  313.12116    132.347    128.671     0.4371     2.2747     4.1026     0.5544       2277     1.5806  0.000e+00
     11.156   56.44268 -166.55360     11.260     5.1983     5.2003     5.1975    31.8877    31.9018  1025.2391    25.1869    414.482    402.994  313.12928    132.368    128.718     0.4493     2.3480     4.1026     0.5544       2278     1.5813  0.000e+00
     11.210   56.44268 -166.55360     11.314     5.1973     5.1988     5.1965    31.8879    31.9019  1025.2397    25.1872    414.125    403.149  313.13643    132.251    128.763     0.4457     2.3260     4.1026     0.5544       2279     1.5819  0.000e+00
     11.156   56.44268 -166.55360     11.260     5.1973     5.1974     5.1965    31.8882    31.9023  1025.2396    25.1874    414.880    403.128  313.13583    132.492    128.753     0.4444     2.3187     4.1026     0.5544       2280     1.5826  0.000e+00
     11.180   56.44268 -166.55360     11.283     5.1963     5.1961     5.1955    31.8891    31.9025  1025.2406    25.1882    414.962    403.105  313.14133    132.516    128.742     0.4432     2.3113     4.1026     0.5544       2281     1.5833  0.000e+00
     11.210   56.44268 -166.55360     11.314     5.1952     5.1952     5.1944    31.8890    31.9030  1025.2407    25.1882    415.222    403.254  313.14935    132.596    128.787     0.4444     2.3187     4.1026     0.5544       2282     1.5840  0.000e+00
     11.210   56.44268 -166.55360     11.314     5.1938     5.1944     5.1930    31.8892    31.9029  1025.2411    25.1886    415.486    403.417  313.15958    132.675    128.836     0.4444     2.3187     4.1026     0.5544       2283     1.5847  0.000e+00
     11.210   56.44268 -166.55360     11.314     5.1925     5.1934     5.1916    31.8885    31.9031  1025.2407    25.1882    415.580    403.595  313.17116    132.700    128.891     0.4444     2.3187     4.1026     0.5544       2284     1.5854  0.000e+00
     11.234   56.44268 -166.55360     11.338     5.1910     5.1922     5.1901    31.8892    31.9031  1025.2415    25.1888    415.644    403.611  313.18079    132.717    128.892     0.4444     2.3187     4.1026     0.5544       2285     1.5861  0.000e+00
     11.265   56.44268 -166.55360     11.369     5.1900     5.1901     5.1891    31.8892    31.9031  1025.2418    25.1890    415.879    403.631  313.18800    132.789    128.892     0.4444     2.3187     4.1026     0.5544       2286     1.5868  0.000e+00
     11.265   56.44268 -166.55360     11.369     5.1887     5.1879     5.1878    31.8891    31.9032  1025.2418    25.1890    416.147    403.810  313.19788    132.870    128.943     0.4444     2.3187     4.1026     0.5544       2287     1.5875  0.000e+00
     11.265   56.44268 -166.55360     11.369     5.1874     5.1863     5.1866    31.8880    31.9035  1025.2411    25.1884    416.215    403.977  313.20991    132.887    128.991     0.4444     2.3187     4.1026     0.5544       2288     1.5882  0.000e+00
     11.234   56.44268 -166.55360     11.338     5.1861     5.1849     5.1853    31.8880    31.9031  1025.2411    25.1885    416.482    403.975  313.21921    132.968    128.986     0.4432     2.3113     4.1026     0.5544       2289     1.5889  0.000e+00
     11.326   56.44268 -166.55360     11.431     5.1845     5.1830     5.1837    31.8882    31.9044  1025.2419    25.1888    416.557    404.138  313.23063    132.987    129.033     0.4444     2.3187     4.1026     0.5544       2290     1.5896  0.000e+00
     11.265   56.44268 -166.55360     11.369     5.1825     5.1817     5.1816    31.8891    31.9047  1025.2425    25.1897    416.597    404.303  313.24402    132.994    129.082     0.4444     2.3187     4.1026     0.5544       2291     1.5903  0.000e+00
     11.326   56.44268 -166.55360     11.431     5.1810     5.1810     5.1802    31.8888    31.9046  1025.2428    25.1897    416.843    404.303  313.25532    133.068    129.080     0.4444     2.3187     4.1013     0.5556       2292     1.5910  0.000e+00
     11.326   56.44268 -166.55360     11.431     5.1798     5.1801     5.1789    31.8894    31.9045  1025.2434    25.1903    417.081    404.478  313.26322    133.141    129.133     0.4444     2.3187     4.1026     0.5544       2293     1.5917  0.000e+00
     11.295   56.44268 -166.55360     11.400     5.1791     5.1794     5.1783    31.8885    31.9040  1025.2426    25.1897    417.143    404.667  313.27029    133.158    129.191     0.4444     2.3187     4.1026     0.5544       2294     1.5924  0.000e+00
     11.380   56.44268 -166.55360     11.486     5.1784     5.1787     5.1775    31.8890    31.9041  1025.2434    25.1901    417.178    404.491  313.27469    133.167    129.133     0.4444     2.3187     4.1026     0.5544       2295     1.5931  0.000e+00
     11.326   56.44268 -166.55360     11.431     5.1776     5.1778     5.1767    31.8896    31.9036  1025.2438    25.1907    417.379    404.835  313.27930    133.229    129.239     0.4444     2.3187     4.1026     0.5544       2296     1.5938  0.000e+00
     11.380   56.44268 -166.55360     11.486     5.1767     5.1767     5.1759    31.8897    31.9043  1025.2442    25.1908    417.586    404.835  313.28529    133.292    129.236     0.4444     2.3187     4.1026     0.5544       2297     1.5944  0.000e+00
     11.349   56.44268 -166.55360     11.454     5.1755     5.1758     5.1747    31.8898    31.9042  1025.2443    25.1911    417.619    404.643  313.29415    133.299    129.172     0.4444     2.3187     4.1013     0.5556       2298     1.5951  0.000e+00
     11.442   56.44268 -166.55360     11.548     5.1748     5.1747     5.1740    31.8893    31.9046  1025.2444    25.1908    417.623    404.964  313.30036    133.298    129.272     0.4444     2.3187     4.1013     0.5556       2299     1.5958  0.000e+00
     11.380   56.44268 -166.55360     11.486     5.1744     5.1738     5.1735    31.8893    31.9042  1025.2441    25.1908    417.817    404.946  313.30389    133.359    129.263     0.4432     2.3113     4.1026     0.5544       2300     1.5965  0.000e+00
     11.380   56.44268 -166.55360     11.486     5.1731     5.1728     5.1722    31.8894    31.9045  1025.2443    25.1910    417.821    405.110  313.31332    133.356    129.313     0.4396     2.2894     4.1026     0.5544       2301     1.5972  0.000e+00
     11.411   56.44268 -166.55360     11.517     5.1719     5.1719     5.1710    31.8895    31.9041  1025.2447    25.1913    417.794    405.293  313.32180    133.343    129.368     0.3956     2.0256     4.1026     0.5544       2302     1.5979  0.000e+00
     11.442   56.44268 -166.55360     11.548     5.1702     5.1711     5.1694    31.8901    31.9029  1025.2455    25.1919    417.973    405.473  313.33288    133.396    129.422     0.3748     1.9011     4.1026     0.5544       2303     1.5986  0.000e+00
     11.442   56.44268 -166.55360     11.548     5.1695     5.1704     5.1687    31.8900    31.9034  1025.2455    25.1919    418.342    405.478  313.33801    133.511    129.421     0.3724     1.8864     4.1013     0.5556       2304     1.5993  0.000e+00
     11.496   56.44268 -166.55360     11.602     5.1688     5.1696     5.1679    31.8899    31.9038  1025.2458    25.1919    418.165    405.646  313.34391    133.452    129.473     0.3748     1.9011     4.1013     0.5556       2305     1.6000  0.000e+00
     11.465   56.44268 -166.55360     11.571     5.1674     5.1684     5.1666    31.8902    31.9041  1025.2460    25.1923    418.131    405.648  313.35331    133.437    129.470     0.3748     1.9011     4.1013     0.5556       2306     1.6007  0.000e+00
     11.442   56.44268 -166.55360     11.548     5.1662     5.1671     5.1654    31.8900    31.9046  1025.2459    25.1923    418.299    405.991  313.36263    133.487    129.576     0.3761     1.9084     4.1013     0.5556       2307     1.6014  0.000e+00
     11.558   56.44268 -166.55360     11.665     5.1652     5.1659     5.1644    31.8901    31.9047  1025.2466    25.1925    418.299    405.992  313.36968    133.484    129.573     0.3773     1.9157     4.1013     0.5556       2308     1.6021  0.000e+00
     11.442   56.44268 -166.55360     11.548     5.1648     5.1644     5.1639    31.8898    31.9045  1025.2459    25.1923    418.454    406.181  313.37377    133.532    129.629     0.3761     1.9084     4.1038     0.5532       2309     1.6028  0.000e+00
     11.581   56.44268 -166.55360     11.688     5.1633     5.1633     5.1625    31.8897    31.9047  1025.2466    25.1923    418.461    406.212  313.38490    133.529    129.635     0.3761     1.9084     4.1087     0.5484       2310     1.6035  0.000e+00
     11.496   56.44268 -166.55360     11.602     5.1617     5.1627     5.1609    31.8894    31.9039  1025.2461    25.1923    418.631    406.205  313.39757    133.578    129.630     0.3761     1.9084     4.1099     0.5472       2311     1.6042  0.000e+00
     11.558   56.44268 -166.55360     11.665     5.1602     5.1613     5.1593    31.8895    31.9044  1025.2467    25.1925    418.603    406.390  313.40879    133.565    129.686     0.3761     1.9084     4.1099     0.5472       2312     1.6049  0.000e+00
     11.558   56.44268 -166.55360     11.665     5.1586     5.1600     5.1577    31.8901    31.9047  1025.2474    25.1932    418.571    406.385  313.41930    133.550    129.680     0.3748     1.9011     4.1099     0.5472       2313     1.6056  0.000e+00
     11.519   56.44268 -166.55360     11.626     5.1571     5.1585     5.1563    31.8896    31.9040  1025.2470    25.1930    418.742    406.380  313.43122    133.599    129.673     0.3761     1.9084     4.1087     0.5484       2314     1.6063  0.000e+00
     11.612   56.44268 -166.55360     11.719     5.1562     5.1567     5.1553    31.8883    31.9040  1025.2464    25.1920    418.311    406.542  313.44140    133.457    129.719     0.3748     1.9011     4.1099     0.5472       2315     1.6069  0.000e+00
     11.612   56.44268 -166.55360     11.719     5.1531     5.1547     5.1523    31.8883    31.9041  1025.2468    25.1923    418.850    406.717  313.46407    133.620    129.769     0.3761     1.9084     4.1087     0.5484       2316     1.6076  0.000e+00
     11.612   56.44268 -166.55360     11.719     5.1501     5.1521     5.1492    31.8888    31.9046  1025.2475    25.1931    418.840    406.915  313.48565    133.607    129.825     0.3761     1.9084     4.1099     0.5472       2317     1.6083  0.000e+00
     11.581   56.44268 -166.55360     11.688     5.1479     5.1499     5.1470    31.8895    31.9048  1025.2482    25.1939    418.819    407.102  313.50046    133.594    129.878     0.3761     1.9084     4.1099     0.5472       2318     1.6090  0.000e+00
     11.666   56.44268 -166.55360     11.774     5.1465     5.1471     5.1456    31.8890    31.9048  1025.2483    25.1936    418.973    407.116  313.51207    133.638    129.874     0.3748     1.9011     4.1099     0.5472       2319     1.6097  0.000e+00
     11.612   56.44268 -166.55360     11.719     5.1436     5.1448     5.1427    31.8903    31.9051  1025.2494    25.1950    419.161    407.112  313.53063    133.691    129.866     0.3761     1.9084     4.1099     0.5472       2320     1.6104  0.000e+00
     11.666   56.44268 -166.55360     11.774     5.1421     5.1428     5.1413    31.8905    31.9048  1025.2500    25.1953    419.141    407.110  313.54095    133.680    129.859     0.3773     1.9157     4.1099     0.5472       2321     1.6111  0.000e+00
     11.635   56.44268 -166.55360     11.743     5.1409     5.1413     5.1400    31.8897    31.9053  1025.2494    25.1948    419.319    407.274  313.55198    133.732    129.907     0.3761     1.9084     4.1087     0.5484       2322     1.6118  0.000e+00
     11.666   56.44268 -166.55360     11.774     5.1385     5.1392     5.1376    31.8893    31.9056  1025.2495    25.1948    419.311    407.466  313.57065    133.721    129.962     0.3761     1.9084     4.1087     0.5484       2323     1.6125  0.000e+00
     11.728   56.44268 -166.55360     11.836     5.1358     5.1373     5.1349    31.8900    31.9056  1025.2505    25.1956    419.307    407.474  313.58962    133.712    129.959     0.3748     1.9011     4.1099     0.5472       2324     1.6132  0.000e+00
     11.728   56.44268 -166.55360     11.836     5.1345     5.1359     5.1337    31.8897    31.9054  1025.2505    25.1955    419.458    407.470  313.59953    133.756    129.953     0.3761     1.9084     4.1099     0.5472       2325     1.6139  0.000e+00
     11.697   56.44268 -166.55360     11.805     5.1334     5.1344     5.1325    31.8890    31.9052  1025.2499    25.1951    419.235    407.628  313.60967    133.680    129.998     0.3761     1.9084     4.1087     0.5484       2326     1.6146  0.000e+00
     11.782   56.44268 -166.55360     11.891     5.1310     5.1327     5.1301    31.8880    31.9053  1025.2498    25.1946    419.583    407.626  313.62967    133.783    129.992     0.4103     2.1135     4.1087     0.5484       2327     1.6153  0.000e+00
     11.728   56.44268 -166.55360     11.836     5.1285     5.1309     5.1277    31.8868    31.9049  1025.2488    25.1939    419.690    407.618  313.65104    133.808    129.984     0.4628     2.4286     4.1099     0.5472       2328     1.6160  0.000e+00
     11.782   56.44268 -166.55360     11.891     5.1267     5.1282     5.1258    31.8856    31.9045  1025.2483    25.1931    419.714    407.787  313.66732    133.809    130.029     0.4786     2.5238     4.0977     0.5591       2329     1.6167  0.000e+00
     11.751   56.44268 -166.55360     11.860     5.1232     5.1245     5.1223    31.8842    31.9041  1025.2475    25.1924    419.927    407.777  313.69675    133.864    130.014     0.4762     2.5091     4.0525     0.6035       2330     1.6174  0.000e+00
