merge_samples_with_btl/SKQ202309T/ctd/skq202309t_002svp.cnv
* Sea-Bird SBE 9 Data File:
* FileName = D:\CTD\SKQ202309T\SKQ202309T_002.hex
* Software Version Seasave V 7.26.7.121
* Temperature SN = 6177
* Conductivity SN = 0369
* Number of Bytes Per Scan = 38
* Number of Voltage Words = 3
* Number of Scans Averaged by the Deck Unit = 1
* NMEA Latitude = 54 25.07 N
* NMEA Longitude = 165 12.78 W
* NMEA UTC (Time) = Jun 09 2023  15:02:10
* NMEA baud rate = 4800
** Ship: R/V Sikuliaq
** Station Number: 002
** Station Name: STN002
** Bottom Depth: 177
** Operator: SZ
# nquan = 7
# nvalues = 18024                                 
# units = specified
# name 0 = depSM: Depth [salt water, m]
# name 1 = latitude: Latitude [deg]
# name 2 = longitude: Longitude [deg]
# name 3 = t090C: Temperature [ITS-90, deg C]
# name 4 = sal00: Salinity, Practical [PSU]
# name 5 = svCM: Sound Velocity [Chen-Millero, m/s]
# name 6 = flag:  0.000e+00
# span 0 =      1.482,    168.265                 
# span 1 =   54.41784,   54.41820                 
# span 2 = -165.21356, -165.21312                 
# span 3 =     4.4396,     5.4025                 
# span 4 =    32.2285,    33.0757                 
# span 5 =    1468.38,    1469.32                 
# span 6 = 0.0000e+00, 0.0000e+00                 
# interval = seconds: 0.0416667
# start_time = Jun 09 2023 15:06:35 [NMEA time, first data scan]
# bad_flag = -9.990e-29
*END*
[from data line 11898]
    125.409   54.41790 -165.21318     4.6062    32.9272    1468.54  0.000e+00
    125.402   54.41790 -165.21318     4.6065    32.9271    1468.54  0.000e+00
    125.348   54.41790 -165.21318     4.6062    32.9271    1468.54  0.000e+00
    125.402   54.41790 -165.21318     4.6062    32.9269    1468.54  0.000e+00
    125.409   54.41790 -165.21318     4.6061    32.9273    1468.54  0.000e+00
    125.348   54.41790 -165.21318     4.6060    32.9271    1468.54  0.000e+00
    125.402   54.41790 -165.21318     4.6061    32.9266    1468.54  0.000e+00
    125.410   54.41790 -165.21318     4.6062    32.9270    1468.54  0.000e+00
    125.348   54.41790 -165.21318     4.6064    32.9271    1468.54  0.000e+00
    125.402   54.41790 -165.21318     4.6062    32.9269    1468.54  0.000e+00
    125.348   54.41790 -165.21318     4.6068    32.9266    1468.54  0.000e+00
    125.348   54.41790 -165.21318     4.6068    32.9270    1468.54  0.000e+00
    125.402   54.41790 -165.21318     4.6065    32.9273    1468.54  0.000e+00
    125.348   54.41790 -165.21318     4.6065    32.9268    1468.54  0.000e+00
    125.402   54.41790 -165.21318     4.6065    32.9268    1468.54  0.000e+00
    125.348   54.41790 -165.21318     4.6066    32.9267    1468.54  0.000e+00
    125.348   54.41790 -165.21318     4.6067    32.9266    1468.54  0.000e+00
    125.348   54.41790 -165.21318     4.6062    32.9271    1468.54  0.000e+00
    125.410   54.41790 -165.21318     4.6059    32.9275    1468.54  0.000e+00
    125.348   54.41790 -165.21318     4.6057    32.9275    1468.54  0.000e+00
    125.348   54.41790 -165.21318     4.6054    32.9280    1468.54  0.000e+00
    125.348   54.41790 -165.21318     4.6058    32.9272    1468.54  0.000e+00
    125.348   54.41790 -165.21318     4.6057    32.9274    1468.54  0.000e+00
    125.348   54.41790 -165.21318     4.6058    32.9275    1468.54  0.000e+00
    125.294   54.41790 -165.21318     4.6059    32.9274    1468.54  0.000e+00
    125.348   54.41790 -165.21318     4.6060    32.9275    1468.54  0.000e+00
    125.348   54.41790 -165.21318     4.6063    32.9273    1468.54  0.000e+00
    125.348   54.41790 -165.21318     4.6064    32.9272    1468.54  0.000e+00
    125.294   54.41790 -165.21318     4.6063    32.9268    1468.54  0.000e+00
    125.348   54.41790 -165.21318     4.6062    32.9270    1468.54  0.000e+00
    125.294   54.41790 -165.21318     4.6065    32.9273    1468.54  0.000e+00
    125.348   54.41790 -165.21318     4.6067    32.9269    1468.54  0.000e+00
    125.294   54.41790 -165.21318     4.6068    32.9266    1468.54  0.000e+00
    125.348   54.41790 -165.21318     4.6068    32.9269    1468.54  0.000e+00
    125.294   54.41790 -165.21318     4.6068    32.9266    1468.54  0.000e+00
    125.294   54.41790 -165.21318     4.6071    32.9268    1468.54  0.000e+00
    125.348   54.41790 -165.21318     4.6068    32.9271    1468.54  0.000e+00
    125.294   54.41790 -165.21318     4.6070    32.9264    1468.54  0.000e+00
    125.294   54.41790 -165.21318     4.6071    32.9262    1468.54  0.000e+00
    125.294   54.41790 -165.21318     4.6068    32.9263    1468.54  0.000e+00
    125.294   54.41790 -165.21318     4.6071    32.9263    1468.54  0.000e+00
    125.294   54.41790 -165.21318     4.6068    32.9267    1468.54  0.000e+00
    125.294   54.41790 -165.21318     4.6069    32.9265    1468.54  0.000e+00
    125.294   54.41790 -165.21318     4.6067    32.9271    1468.54  0.000e+00
    125.294   54.41790 -165.21318     4.6066    32.9268    1468.54  0.000e+00
    125.294   54.41790 -165.21318     4.6064    32.9272    1468.54  0.000e+00
    125.294   54.41790 -165.21318     4.6063    32.9270    1468.54  0.000e+00
    125.294   54.41790 -165.21318     4.6064    32.9267    1468.54  0.000e+00
    125.294   54.41790 -165.21318     4.6063    32.9270    1468.54  0.000e+00
    125.233   54.41790 -165.21318     4.6064    32.9269    1468.54  0.000e+00
    125.294   54.41790 -165.21318     4.6069    32.9266    1468.54  0.000e+00
    125.233   54.41790 -165.21318     4.6071    32.9263    1468.54  0.000e+00
    125.349   54.41790 -165.21318     4.6071    32.9261    1468.54  0.000e+00
    125.233   54.41790 -165.21318     4.6073    32.9261    1468.54  0.000e+00
    125.233   54.41790 -165.21318     4.6071    32.9262    1468.54  0.000e+00
    125.294   54.41790 -165.21318     4.6071    32.9265    1468.54  0.000e+00
    125.233   54.41790 -165.21318     4.6071    32.9265    1468.54  0.000e+00
    125.233   54.41790 -165.21318     4.6074    32.9266    1468.54  0.000e+00
    125.295   54.41790 -165.21318     4.6075    32.9263    1468.54  0.000e+00
    125.233   54.41790 -165.21318     4.6074    32.9262    1468.54  0.000e+00
    125.233   54.41790 -165.21318     4.6071    32.9267    1468.54  0.000e+00
    125.233   54.41790 -165.21318     4.6071    32.9268    1468.54  0.000e+00
    125.295   54.41790 -165.21318     4.6070    32.9267    1468.54  0.000e+00
    125.233   54.41790 -165.21318     4.6068    32.9266    1468.54  0.000e+00
    125.233   54.41790 -165.21318     4.6065    32.9271    1468.54  0.000e+00
    125.233   54.41790 -165.21318     4.6065    32.9269    1468.54  0.000e+00
    125.295   54.41790 -165.21318     4.6062    32.9271    1468.54  0.000e+00
    125.233   54.41790 -165.21318     4.6062    32.9272    1468.54  0.000e+00
    125.233   54.41790 -165.21318     4.6061    32.9275    1468.54  0.000e+00
    125.233   54.41790 -165.21318     4.6063    32.9271    1468.54  0.000e+00
    125.295   54.41790 -165.21318     4.6062    32.9273    1468.54  0.000e+00
    125.233   54.41790 -165.21318     4.6065    32.9271    1468.54  0.000e+00
    125.295   54.41790 -165.21318     4.6065    32.9268    1468.54  0.000e+00
    125.233   54.41790 -165.21318     4.6065    32.9271    1468.54  0.000e+00
    125.295   54.41790 -165.21318     4.6065    32.9271    1468.54  0.000e+00
    125.295   54.41790 -165.21318     4.6066    32.9270    1468.54  0.000e+00
    125.233   54.41790 -165.21318     4.6067    32.9269    1468.54  0.000e+00
    125.295   54.41790 -165.21318     4.6069    32.9265    1468.54  0.000e+00
    125.295   54.41790 -165.21318     4.6068    32.9264    1468.54  0.000e+00
    125.295   54.41790 -165.21318     4.6068    32.9262    1468.54  0.000e+00
    125.295   54.41790 -165.21318     4.6065    32.9265    1468.54  0.000e+00
    125.233   54.41790 -165.21318     4.6065    32.9270    1468.54  0.000e+00
    125.295   54.41790 -165.21318     4.6063    32.9270    1468.54  0.000e+00
    125.295   54.41790 -165.21318     4.6065    32.9268    1468.54  0.000e+00
    125.295   54.41790 -165.21318     4.6066    32.9269    1468.54  0.000e+00
    125.295   54.41790 -165.21318     4.6067    32.9269    1468.54  0.000e+00
    125.295   54.41790 -165.21318     4.6065    32.9270    1468.54  0.000e+00
    125.295   54.41790 -165.21318     4.6064    32.9269    1468.54  0.000e+00
    125.295   54.41790 -165.21318     4.6062    32.9271    1468.54  0.000e+00
    125.349   54.41790 -165.21318     4.6064    32.9269    1468.54  0.000e+00
    125.233   54.41790 -165.21318     4.6062    32.9270    1468.54  0.000e+00
    125.349   54.41790 -165.21318     4.6061    32.9273    1468.54  0.000e+00
    125.295   54.41790 -165.21318     4.6062    32.9272    1468.54  0.000e+00
    125.349   54.41790 -165.21318     4.6061    32.9275    1468.54  0.000e+00
    125.295   54.41790 -165.21318     4.6058    32.9273    1468.54  0.000e+00
    125.349   54.41790 -165.21318     4.6056    32.9276    1468.54  0.000e+00
    125.295   54.41790 -165.21318     4.6057    32.9279    1468.54  0.000e+00
    125.349   54.41790 -165.21318     4.6056    32.9277    1468.54  0.000e+00
    125.349   54.41790 -165.21318     4.6057    32.9273    1468.54  0.000e+00
    125.349   54.41790 -165.21318     4.6059    32.9273    1468.54  0.000e+00
    125.350   54.41790 -165.21318     4.6060    32.9275    1468.54  0.000e+00
    125.411   54.41790 -165.21320     4.6057    32.9275    1468.54  0.000e+00
    125.350   54.41790 -165.21320     4.6057    32.9278    1468.54  0.000e+00
    125.411   54.41790 -165.21320     4.6057    32.9275    1468.54  0.000e+00
    125.350   54.41790 -165.21320     4.6054    32.9276    1468.54  0.000e+00
    125.404   54.41790 -165.21320     4.6051    32.9278    1468.54  0.000e+00
    125.411   54.41790 -165.21320     4.6047    32.9284    1468.54  0.000e+00
    125.404   54.41790 -165.21320     4.6047    32.9285    1468.54  0.000e+00
    125.412   54.41790 -165.21320     4.6043    32.9289    1468.54  0.000e+00
    125.412   54.41790 -165.21320     4.6047    32.9287    1468.54  0.000e+00
    125.404   54.41790 -165.21320     4.6045    32.9286    1468.54  0.000e+00
    125.412   54.41790 -165.21320     4.6045    32.9284    1468.54  0.000e+00
    125.466   54.41790 -165.21320     4.6045    32.9284    1468.54  0.000e+00
    125.404   54.41790 -165.21320     4.6045    32.9284    1468.54  0.000e+00
    125.412   54.41790 -165.21320     4.6045    32.9284    1468.54  0.000e+00
    125.466   54.41790 -165.21320     4.6044    32.9288    1468.54  0.000e+00
    125.404   54.41790 -165.21320     4.6043    32.9287    1468.54  0.000e+00
    125.466   54.41790 -165.21320     4.6045    32.9284    1468.54  0.000e+00
    125.466   54.41790 -165.21320     4.6045    32.9287    1468.54  0.000e+00
    125.466   54.41790 -165.21320     4.6044    32.9264    1468.53  0.000e+00
    125.412   54.41790 -165.21320     4.6043    32.9265    1468.53  0.000e+00
    125.466   54.41790 -165.21320     4.6044    32.9283    1468.54  0.000e+00
    125.520   54.41790 -165.21320     4.6043    32.9287    1468.54  0.000e+00
    125.466   54.41790 -165.21320     4.6044    32.9289    1468.54  0.000e+00
    125.466   54.41790 -165.21320     4.6045    32.9285    1468.54  0.000e+00
    125.520   54.41790 -165.21320     4.6044    32.9288    1468.54  0.000e+00
    125.466   54.41790 -165.21320     4.6042    32.9289    1468.54  0.000e+00
    125.466   54.41790 -165.21320     4.6045    32.9287    1468.54  0.000e+00
    125.520   54.41790 -165.21320     4.6041    32.9289    1468.54  0.000e+00
    125.520   54.41790 -165.21320     4.6043    32.9287    1468.54  0.000e+00
    125.520   54.41790 -165.21320     4.6042    32.9287    1468.54  0.000e+00
    125.520   54.41790 -165.21320     4.6043    32.9286    1468.54  0.000e+00
    125.520   54.41790 -165.21320     4.6039    32.9291    1468.54  0.000e+00
    125.520   54.41790 -165.21320     4.6039    32.9293    1468.54  0.000e+00
    125.520   54.41790 -165.21320     4.6039    32.9292    1468.54  0.000e+00
    125.520   54.41790 -165.21320     4.6042    32.9292    1468.54  0.000e+00
    125.582   54.41790 -165.21320     4.6041    32.9289    1468.54  0.000e+00
    125.520   54.41790 -165.21320     4.6039    32.9290    1468.54  0.000e+00
    125.582   54.41790 -165.21320     4.6038    32.9293    1468.54  0.000e+00
    125.521   54.41790 -165.21320     4.6039    32.9291    1468.54  0.000e+00
    125.582   54.41790 -165.21320     4.6033    32.9297    1468.54  0.000e+00
    125.582   54.41790 -165.21320     4.6030    32.9299    1468.54  0.000e+00
    125.582   54.41790 -165.21320     4.6025    32.9303    1468.53  0.000e+00
    125.582   54.41790 -165.21320     4.6022    32.9310    1468.53  0.000e+00
    125.582   54.41790 -165.21320     4.6019    32.9309    1468.53  0.000e+00
    125.583   54.41790 -165.21320     4.6017    32.9313    1468.53  0.000e+00
    125.637   54.41790 -165.21320     4.6015    32.9316    1468.53  0.000e+00
    125.583   54.41790 -165.21320     4.6010    32.9319    1468.53  0.000e+00
    125.637   54.41790 -165.21320     4.6008    32.9318    1468.53  0.000e+00
    125.637   54.41790 -165.21320     4.6006    32.9323    1468.53  0.000e+00
    125.583   54.41790 -165.21320     4.6007    32.9322    1468.53  0.000e+00
    125.637   54.41790 -165.21320     4.6004    32.9326    1468.53  0.000e+00
    125.699   54.41790 -165.21320     4.6007    32.9324    1468.53  0.000e+00
    125.637   54.41790 -165.21320     4.6004    32.9326    1468.53  0.000e+00
    125.637   54.41790 -165.21320     4.6004    32.9325    1468.53  0.000e+00
    125.637   54.41790 -165.21320     4.6006    32.9322    1468.53  0.000e+00
    125.699   54.41790 -165.21320     4.6004    32.9328    1468.53  0.000e+00
    125.637   54.41790 -165.21320     4.6006    32.9324    1468.53  0.000e+00
    125.699   54.41790 -165.21320     4.6004    32.9323    1468.53  0.000e+00
    125.637   54.41790 -165.21320     4.6005    32.9325    1468.53  0.000e+00
    125.753   54.41790 -165.21320     4.6004    32.9327    1468.53  0.000e+00
    125.637   54.41790 -165.21320     4.6007    32.9324    1468.53  0.000e+00
    125.699   54.41790 -165.21320     4.6012    32.9318    1468.53  0.000e+00
    125.699   54.41790 -165.21320     4.6011    32.9317    1468.53  0.000e+00
    125.699   54.41790 -165.21320     4.6009    32.9317    1468.53  0.000e+00
    125.699   54.41790 -165.21320     4.6010    32.9317    1468.53  0.000e+00
    125.753   54.41790 -165.21320     4.6007    32.9322    1468.53  0.000e+00
    125.753   54.41790 -165.21320     4.6010    32.9317    1468.53  0.000e+00
    125.699   54.41790 -165.21320     4.6007    32.9319    1468.53  0.000e+00
    125.753   54.41790 -165.21320     4.6007    32.9322    1468.53  0.000e+00
    125.753   54.41790 -165.21320     4.6007    32.9319    1468.53  0.000e+00
    125.699   54.41790 -165.21320     4.6007    32.9320    1468.53  0.000e+00
    125.753   54.41790 -165.21320     4.6007    32.9322    1468.53  0.000e+00
    125.753   54.41790 -165.21320     4.6009    32.9320    1468.53  0.000e+00
    125.815   54.41790 -165.21320     4.6005    32.9324    1468.53  0.000e+00
    125.753   54.41790 -165.21320     4.6006    32.9320    1468.53  0.000e+00
    125.753   54.41790 -165.21320     4.6005    32.9322    1468.53  0.000e+00
    125.815   54.41790 -165.21320     4.6006    32.9323    1468.53  0.000e+00
    125.815   54.41790 -165.21320     4.6004    32.9324    1468.53  0.000e+00
    125.815   54.41790 -165.21320     4.6001    32.9326    1468.53  0.000e+00
    125.753   54.41790 -165.21320     4.6002    32.9327    1468.53  0.000e+00
    125.815   54.41790 -165.21320     4.6003    32.9325    1468.53  0.000e+00
    125.815   54.41790 -165.21320     4.6002    32.9325    1468.53  0.000e+00
    125.815   54.41790 -165.21320     4.6001    32.9324    1468.53  0.000e+00
    125.870   54.41790 -165.21320     4.5999    32.9329    1468.53  0.000e+00
    125.815   54.41790 -165.21320     4.5998    32.9329    1468.53  0.000e+00
    125.815   54.41790 -165.21320     4.5995    32.9332    1468.53  0.000e+00
    125.870   54.41790 -165.21320     4.5994    32.9337    1468.53  0.000e+00
    125.815   54.41790 -165.21320     4.5995    32.9333    1468.53  0.000e+00
    125.816   54.41790 -165.21320     4.5994    32.9335    1468.53  0.000e+00
    125.870   54.41790 -165.21320     4.5992    32.9338    1468.53  0.000e+00
    125.870   54.41790 -165.21320     4.5993    32.9334    1468.53  0.000e+00
    125.870   54.41790 -165.21320     4.5993    32.9334    1468.53  0.000e+00
    125.870   54.41790 -165.21320     4.5988    32.9341    1468.53  0.000e+00
    125.870   54.41790 -165.21320     4.5990    32.9342    1468.53  0.000e+00
    125.870   54.41790 -165.21320     4.5990    32.9341    1468.53  0.000e+00
    125.870   54.41790 -165.21320     4.5987    32.9338    1468.53  0.000e+00
    125.924   54.41790 -165.21320     4.5989    32.9341    1468.53  0.000e+00
    125.932   54.41790 -165.21320     4.5986    32.9343    1468.53  0.000e+00
    125.816   54.41790 -165.21320     4.5982    32.9349    1468.53  0.000e+00
    125.986   54.41790 -165.21320     4.5983    32.9345    1468.53  0.000e+00
    125.932   54.41790 -165.21320     4.5982    32.9352    1468.53  0.000e+00
    125.924   54.41790 -165.21320     4.5982    32.9345    1468.53  0.000e+00
    125.932   54.41790 -165.21320     4.5982    32.9348    1468.53  0.000e+00
