merge_samples_with_btl/SKQ202309T/ctd/skq202309t_decktestsvp.cnv
* Sea-Bird SBE 9 Data File:
* FileName = D:\CTD\SKQ202309T\SKQ202309T_decktest.hex
* Software Version Seasave V 7.26.7.121
* Temperature SN = 6177
* Conductivity SN = 0369
* Number of Bytes Per Scan = 41
* Number of Voltage Words = 4
* Number of Scans Averaged by the Deck Unit = 1
* NMEA Latitude = 59 27.85 N
* NMEA Longitude = 146 25.62 W
* NMEA UTC (Time) = May 26 2023  22:41:26
* NMEA baud rate = 4800
** Ship: R/V Sikuliaq
** Station Number:
** Station Name:
** Bottom Depth:
** Operator:
** Deck Test
# nquan = 7
# nvalues = 4677                                  
# units = specified
# name 0 = depSM: Depth [salt water, m]
# name 1 = latitude: Latitude [deg]
# name 2 = longitude: Longitude [deg]
# name 3 = t090C: Temperature [ITS-90, deg C]
# name 4 = sal00: Salinity, Practical [PSU]
# name 5 = svCM: Sound Velocity [Chen-Millero, m/s]
# name 6 = flag:  0.000e+00
# span 0 =     -1.626,     -1.362                 
# span 1 =   59.46438,   59.46448                 
# span 2 = -146.42632, -146.42582                 
# span 3 =    14.1898,    14.5287                 
# span 4 =     0.0132,     0.0138                 
# span 5 =    1463.07,    1464.28                 
# span 6 = 0.0000e+00, 0.0000e+00                 
# interval = seconds: 0.0416667
# start_time = May 26 2023 22:47:21 [NMEA time, first data scan]
# bad_flag = -9.990e-29
*END*
[from data line 411]
     -1.478   59.46440 -146.42626    14.5245     0.0136    1464.26  0.000e+00
     -1.540   59.46440 -146.42626    14.5235     0.0136    1464.26  0.000e+00
     -1.478   59.46440 -146.42626    14.5226     0.0137    1464.25  0.000e+00
     -1.540   59.46440 -146.42626    14.5211     0.0137    1464.25  0.000e+00
     -1.478   59.46440 -146.42626    14.5196     0.0137    1464.24  0.000e+00
     -1.478   59.46440 -146.42626    14.5179     0.0137    1464.24  0.000e+00
     -1.540   59.46440 -146.42626    14.5163     0.0136    1464.23  0.000e+00
     -1.478   59.46440 -146.42626    14.5145     0.0137    1464.23  0.000e+00
     -1.478   59.46440 -146.42626    14.5129     0.0137    1464.22  0.000e+00
     -1.540   59.46440 -146.42626    14.5115     0.0137    1464.21  0.000e+00
     -1.478   59.46440 -146.42626    14.5103     0.0137    1464.21  0.000e+00
     -1.478   59.46440 -146.42626    14.5087     0.0136    1464.20  0.000e+00
     -1.478   59.46440 -146.42626    14.5071     0.0137    1464.20  0.000e+00
     -1.540   59.46440 -146.42626    14.5057     0.0137    1464.19  0.000e+00
     -1.478   59.46440 -146.42626    14.5039     0.0137    1464.19  0.000e+00
     -1.478   59.46440 -146.42626    14.5021     0.0137    1464.18  0.000e+00
     -1.478   59.46440 -146.42626    14.5006     0.0137    1464.18  0.000e+00
     -1.478   59.46440 -146.42626    14.4987     0.0137    1464.17  0.000e+00
     -1.478   59.46440 -146.42626    14.4972     0.0137    1464.16  0.000e+00
     -1.478   59.46440 -146.42626    14.4957     0.0137    1464.16  0.000e+00
     -1.478   59.46440 -146.42626    14.4942     0.0137    1464.15  0.000e+00
     -1.478   59.46440 -146.42626    14.4925     0.0137    1464.15  0.000e+00
     -1.540   59.46440 -146.42626    14.4911     0.0137    1464.14  0.000e+00
     -1.478   59.46440 -146.42626    14.4896     0.0137    1464.14  0.000e+00
     -1.478   59.46440 -146.42626    14.4878     0.0137    1464.13  0.000e+00
     -1.478   59.46440 -146.42626    14.4868     0.0137    1464.13  0.000e+00
     -1.478   59.46440 -146.42626    14.4850     0.0137    1464.12  0.000e+00
     -1.424   59.46440 -146.42626    14.4838     0.0137    1464.12  0.000e+00
     -1.478   59.46440 -146.42626    14.4824     0.0137    1464.11  0.000e+00
     -1.478   59.46440 -146.42626    14.4809     0.0137    1464.11  0.000e+00
     -1.478   59.46440 -146.42626    14.4796     0.0137    1464.10  0.000e+00
     -1.478   59.46440 -146.42626    14.4784     0.0137    1464.10  0.000e+00
     -1.478   59.46440 -146.42626    14.4770     0.0137    1464.09  0.000e+00
     -1.478   59.46440 -146.42626    14.4759     0.0137    1464.09  0.000e+00
     -1.478   59.46440 -146.42626    14.4743     0.0137    1464.08  0.000e+00
     -1.478   59.46440 -146.42626    14.4730     0.0137    1464.08  0.000e+00
     -1.424   59.46440 -146.42626    14.4720     0.0137    1464.08  0.000e+00
     -1.478   59.46440 -146.42626    14.4710     0.0137    1464.07  0.000e+00
     -1.540   59.46440 -146.42626    14.4698     0.0137    1464.07  0.000e+00
     -1.385   59.46440 -146.42626    14.4685     0.0137    1464.06  0.000e+00
     -1.478   59.46440 -146.42626    14.4676     0.0137    1464.06  0.000e+00
     -1.478   59.46440 -146.42626    14.4666     0.0137    1464.06  0.000e+00
     -1.478   59.46440 -146.42626    14.4655     0.0137    1464.05  0.000e+00
     -1.424   59.46440 -146.42626    14.4642     0.0137    1464.05  0.000e+00
     -1.478   59.46440 -146.42626    14.4633     0.0137    1464.04  0.000e+00
     -1.478   59.46440 -146.42626    14.4624     0.0137    1464.04  0.000e+00
     -1.424   59.46440 -146.42626    14.4616     0.0136    1464.04  0.000e+00
     -1.478   59.46440 -146.42626    14.4606     0.0137    1464.03  0.000e+00
     -1.478   59.46440 -146.42626    14.4601     0.0137    1464.03  0.000e+00
     -1.478   59.46440 -146.42626    14.4592     0.0137    1464.03  0.000e+00
     -1.424   59.46440 -146.42626    14.4581     0.0137    1464.03  0.000e+00
     -1.478   59.46440 -146.42626    14.4575     0.0137    1464.02  0.000e+00
     -1.424   59.46440 -146.42626    14.4567     0.0137    1464.02  0.000e+00
     -1.478   59.46440 -146.42626    14.4559     0.0137    1464.02  0.000e+00
     -1.478   59.46440 -146.42626    14.4548     0.0137    1464.01  0.000e+00
     -1.424   59.46440 -146.42626    14.4545     0.0137    1464.01  0.000e+00
     -1.478   59.46440 -146.42626    14.4539     0.0137    1464.01  0.000e+00
     -1.424   59.46440 -146.42626    14.4533     0.0137    1464.01  0.000e+00
     -1.478   59.46440 -146.42626    14.4526     0.0137    1464.01  0.000e+00
     -1.478   59.46440 -146.42626    14.4520     0.0137    1464.00  0.000e+00
     -1.424   59.46440 -146.42626    14.4513     0.0137    1464.00  0.000e+00
     -1.478   59.46440 -146.42626    14.4510     0.0137    1464.00  0.000e+00
     -1.478   59.46440 -146.42626    14.4503     0.0137    1464.00  0.000e+00
     -1.424   59.46440 -146.42626    14.4496     0.0137    1464.00  0.000e+00
     -1.478   59.46440 -146.42626    14.4493     0.0137    1463.99  0.000e+00
     -1.424   59.46440 -146.42626    14.4486     0.0137    1463.99  0.000e+00
     -1.478   59.46440 -146.42626    14.4485     0.0137    1463.99  0.000e+00
     -1.478   59.46440 -146.42626    14.4480     0.0137    1463.99  0.000e+00
     -1.424   59.46440 -146.42626    14.4473     0.0137    1463.99  0.000e+00
     -1.478   59.46440 -146.42626    14.4469     0.0137    1463.99  0.000e+00
     -1.424   59.46440 -146.42626    14.4468     0.0137    1463.99  0.000e+00
     -1.478   59.46440 -146.42626    14.4461     0.0137    1463.98  0.000e+00
     -1.478   59.46440 -146.42626    14.4458     0.0137    1463.98  0.000e+00
     -1.424   59.46440 -146.42626    14.4451     0.0137    1463.98  0.000e+00
     -1.478   59.46440 -146.42626    14.4449     0.0136    1463.98  0.000e+00
     -1.424   59.46440 -146.42626    14.4448     0.0137    1463.98  0.000e+00
     -1.478   59.46440 -146.42626    14.4441     0.0137    1463.98  0.000e+00
     -1.447   59.46440 -146.42626    14.4439     0.0137    1463.98  0.000e+00
     -1.478   59.46440 -146.42626    14.4436     0.0137    1463.97  0.000e+00
     -1.424   59.46440 -146.42626    14.4433     0.0137    1463.97  0.000e+00
     -1.478   59.46440 -146.42626    14.4429     0.0137    1463.97  0.000e+00
     -1.424   59.46440 -146.42626    14.4426     0.0137    1463.97  0.000e+00
     -1.478   59.46440 -146.42626    14.4422     0.0137    1463.97  0.000e+00
     -1.478   59.46440 -146.42626    14.4421     0.0137    1463.97  0.000e+00
     -1.424   59.46440 -146.42626    14.4415     0.0137    1463.97  0.000e+00
     -1.478   59.46440 -146.42626    14.4416     0.0137    1463.97  0.000e+00
     -1.478   59.46440 -146.42626    14.4412     0.0137    1463.97  0.000e+00
     -1.424   59.46440 -146.42626    14.4411     0.0137    1463.97  0.000e+00
     -1.478   59.46440 -146.42626    14.4409     0.0137    1463.96  0.000e+00
     -1.478   59.46440 -146.42626    14.4407     0.0137    1463.96  0.000e+00
     -1.424   59.46440 -146.42626    14.4406     0.0137    1463.96  0.000e+00
     -1.478   59.46440 -146.42626    14.4406     0.0137    1463.96  0.000e+00
     -1.478   59.46440 -146.42626    14.4400     0.0137    1463.96  0.000e+00
     -1.424   59.46440 -146.42626    14.4401     0.0137    1463.96  0.000e+00
     -1.478   59.46440 -146.42626    14.4399     0.0137    1463.96  0.000e+00
     -1.478   59.46440 -146.42626    14.4399     0.0137    1463.96  0.000e+00
     -1.478   59.46440 -146.42626    14.4399     0.0137    1463.96  0.000e+00
     -1.424   59.46440 -146.42626    14.4397     0.0137    1463.96  0.000e+00
     -1.478   59.46440 -146.42626    14.4396     0.0137    1463.96  0.000e+00
     -1.478   59.46440 -146.42626    14.4395     0.0137    1463.96  0.000e+00
     -1.424   59.46440 -146.42626    14.4394     0.0137    1463.96  0.000e+00
     -1.478   59.46440 -146.42626    14.4396     0.0137    1463.96  0.000e+00
     -1.478   59.46440 -146.42626    14.4395     0.0137    1463.96  0.000e+00
     -1.478   59.46440 -146.42626    14.4396     0.0137    1463.96  0.000e+00
     -1.478   59.46440 -146.42626    14.4393     0.0137    1463.96  0.000e+00
     -1.424   59.46440 -146.42626    14.4394     0.0136    1463.96  0.000e+00
     -1.478   59.46440 -146.42626    14.4393     0.0137    1463.96  0.000e+00
     -1.478   59.46440 -146.42626    14.4394     0.0137    1463.96  0.000e+00
     -1.478   59.46440 -146.42626    14.4394     0.0137    1463.96  0.000e+00
     -1.478   59.46440 -146.42626    14.4397     0.0137    1463.96  0.000e+00
     -1.478   59.46440 -146.42626    14.4396     0.0137    1463.96  0.000e+00
     -1.478   59.46440 -146.42626    14.4397     0.0137    1463.96  0.000e+00
     -1.478   59.46440 -146.42626    14.4396     0.0137    1463.96  0.000e+00
     -1.424   59.46440 -146.42626    14.4401     0.0137    1463.96  0.000e+00
     -1.478   59.46440 -146.42626    14.4400     0.0137    1463.96  0.000e+00
     -1.478   59.46440 -146.42626    14.4401     0.0137    1463.96  0.000e+00
     -1.501   59.46440 -146.42626    14.4404     0.0137    1463.96  0.000e+00
     -1.478   59.46440 -146.42626    14.4402     0.0137    1463.96  0.000e+00
     -1.478   59.46440 -146.42626    14.4404     0.0137    1463.96  0.000e+00
     -1.478   59.46440 -146.42626    14.4406     0.0137    1463.96  0.000e+00
     -1.424   59.46440 -146.42626    14.4406     0.0137    1463.96  0.000e+00
     -1.540   59.46440 -146.42626    14.4409     0.0137    1463.96  0.000e+00
     -1.478   59.46440 -146.42626    14.4411     0.0137    1463.96  0.000e+00
     -1.424   59.46440 -146.42626    14.4411     0.0137    1463.97  0.000e+00
     -1.478   59.46440 -146.42626    14.4414     0.0137    1463.97  0.000e+00
     -1.478   59.46440 -146.42626    14.4416     0.0137    1463.97  0.000e+00
     -1.540   59.46440 -146.42626    14.4417     0.0137    1463.97  0.000e+00
     -1.424   59.46440 -146.42626    14.4419     0.0137    1463.97  0.000e+00
     -1.540   59.46440 -146.42626    14.4423     0.0137    1463.97  0.000e+00
     -1.478   59.46440 -146.42626    14.4420     0.0137    1463.97  0.000e+00
     -1.478   59.46440 -146.42626    14.4424     0.0137    1463.97  0.000e+00
     -1.478   59.46440 -146.42626    14.4426     0.0137    1463.97  0.000e+00
     -1.478   59.46440 -146.42626    14.4429     0.0137    1463.97  0.000e+00
     -1.478   59.46440 -146.42626    14.4428     0.0136    1463.97  0.000e+00
     -1.478   59.46440 -146.42626    14.4431     0.0137    1463.97  0.000e+00
     -1.478   59.46440 -146.42626    14.4433     0.0137    1463.97  0.000e+00
     -1.424   59.46440 -146.42626    14.4434     0.0137    1463.97  0.000e+00
     -1.540   59.46440 -146.42626    14.4436     0.0137    1463.97  0.000e+00
     -1.478   59.46440 -146.42626    14.4437     0.0137    1463.97  0.000e+00
     -1.478   59.46440 -146.42626    14.4439     0.0137    1463.98  0.000e+00
     -1.478   59.46440 -146.42626    14.4442     0.0137    1463.98  0.000e+00
     -1.478   59.46440 -146.42626    14.4442     0.0137    1463.98  0.000e+00
     -1.478   59.46440 -146.42626    14.4446     0.0137    1463.98  0.000e+00
     -1.478   59.46440 -146.42626    14.4446     0.0137    1463.98  0.000e+00
     -1.478   59.46440 -146.42626    14.4449     0.0137    1463.98  0.000e+00
     -1.478   59.46440 -146.42626    14.4449     0.0137    1463.98  0.000e+00
     -1.540   59.46440 -146.42626    14.4453     0.0136    1463.98  0.000e+00
     -1.424   59.46440 -146.42626    14.4455     0.0137    1463.98  0.000e+00
     -1.540   59.46440 -146.42626    14.4456     0.0137    1463.98  0.000e+00
     -1.478   59.46440 -146.42626    14.4458     0.0137    1463.98  0.000e+00
     -1.424   59.46440 -146.42626    14.4461     0.0137    1463.98  0.000e+00
     -1.540   59.46440 -146.42626    14.4463     0.0137    1463.98  0.000e+00
     -1.478   59.46440 -146.42626    14.4463     0.0136    1463.98  0.000e+00
     -1.478   59.46440 -146.42626    14.4466     0.0137    1463.98  0.000e+00
     -1.478   59.46440 -146.42626    14.4468     0.0137    1463.99  0.000e+00
     -1.540   59.46440 -146.42626    14.4469     0.0137    1463.98  0.000e+00
     -1.447   59.46440 -146.42624    14.4473     0.0137    1463.99  0.000e+00
     -1.478   59.46440 -146.42624    14.4473     0.0137    1463.99  0.000e+00
     -1.478   59.46440 -146.42624    14.4476     0.0137    1463.99  0.000e+00
     -1.540   59.46440 -146.42624    14.4477     0.0136    1463.99  0.000e+00
     -1.478   59.46440 -146.42624    14.4481     0.0137    1463.99  0.000e+00
     -1.478   59.46440 -146.42624    14.4483     0.0137    1463.99  0.000e+00
     -1.478   59.46440 -146.42624    14.4485     0.0136    1463.99  0.000e+00
     -1.478   59.46440 -146.42624    14.4486     0.0137    1463.99  0.000e+00
     -1.540   59.46440 -146.42624    14.4490     0.0137    1463.99  0.000e+00
     -1.424   59.46440 -146.42624    14.4491     0.0137    1463.99  0.000e+00
     -1.540   59.46440 -146.42624    14.4495     0.0137    1463.99  0.000e+00
     -1.478   59.46440 -146.42624    14.4495     0.0136    1463.99  0.000e+00
     -1.478   59.46440 -146.42624    14.4496     0.0136    1464.00  0.000e+00
     -1.478   59.46440 -146.42624    14.4501     0.0136    1464.00  0.000e+00
     -1.540   59.46440 -146.42624    14.4504     0.0137    1464.00  0.000e+00
     -1.478   59.46440 -146.42624    14.4507     0.0137    1464.00  0.000e+00
     -1.478   59.46440 -146.42624    14.4507     0.0137    1464.00  0.000e+00
     -1.478   59.46440 -146.42624    14.4510     0.0137    1464.00  0.000e+00
     -1.478   59.46440 -146.42624    14.4513     0.0137    1464.00  0.000e+00
     -1.540   59.46440 -146.42624    14.4512     0.0137    1464.00  0.000e+00
     -1.478   59.46440 -146.42624    14.4517     0.0137    1464.00  0.000e+00
     -1.540   59.46440 -146.42624    14.4518     0.0137    1464.00  0.000e+00
     -1.424   59.46440 -146.42624    14.4522     0.0137    1464.01  0.000e+00
     -1.540   59.46440 -146.42624    14.4523     0.0137    1464.00  0.000e+00
     -1.478   59.46440 -146.42624    14.4525     0.0137    1464.01  0.000e+00
     -1.478   59.46440 -146.42624    14.4529     0.0136    1464.01  0.000e+00
     -1.478   59.46440 -146.42624    14.4528     0.0137    1464.01  0.000e+00
     -1.540   59.46440 -146.42624    14.4531     0.0137    1464.01  0.000e+00
     -1.478   59.46440 -146.42624    14.4533     0.0137    1464.01  0.000e+00
     -1.478   59.46440 -146.42624    14.4535     0.0137    1464.01  0.000e+00
     -1.478   59.46440 -146.42624    14.4537     0.0137    1464.01  0.000e+00
     -1.540   59.46440 -146.42624    14.4537     0.0136    1464.01  0.000e+00
     -1.478   59.46440 -146.42624    14.4539     0.0136    1464.01  0.000e+00
     -1.478   59.46440 -146.42624    14.4540     0.0137    1464.01  0.000e+00
     -1.478   59.46440 -146.42624    14.4542     0.0137    1464.01  0.000e+00
     -1.478   59.46440 -146.42624    14.4542     0.0137    1464.01  0.000e+00
     -1.540   59.46440 -146.42624    14.4542     0.0137    1464.01  0.000e+00
     -1.478   59.46440 -146.42624    14.4544     0.0137    1464.01  0.000e+00
     -1.478   59.46440 -146.42624    14.4545     0.0137    1464.01  0.000e+00
     -1.594   59.46440 -146.42624    14.4544     0.0137    1464.01  0.000e+00
     -1.385   59.46440 -146.42624    14.4545     0.0137    1464.01  0.000e+00
     -1.478   59.46440 -146.42624    14.4546     0.0137    1464.01  0.000e+00
     -1.478   59.46440 -146.42624    14.4547     0.0136    1464.01  0.000e+00
     -1.478   59.46440 -146.42624    14.4548     0.0137    1464.01  0.000e+00
     -1.540   59.46440 -146.42624    14.4546     0.0136    1464.01  0.000e+00
     -1.478   59.46440 -146.42624    14.4547     0.0137    1464.01  0.000e+00
     -1.478   59.46440 -146.42624    14.4547     0.0137    1464.01  0.000e+00
     -1.478   59.46440 -146.42624    14.4546     0.0136    1464.01  0.000e+00
