merge_samples_with_btl/SKQ202309T/ctd/skq202309t_004svp.cnv
* Sea-Bird SBE 9 Data File:
* FileName = D:\CTD\SKQ202309T\SKQ202309T_004.hex
* Software Version Seasave V 7.26.7.121
* Temperature SN = 6177
* Conductivity SN = 0369
* Number of Bytes Per Scan = 38
* Number of Voltage Words = 3
* Number of Scans Averaged by the Deck Unit = 1
* NMEA Latitude = 60 30.69 N
* NMEA Longitude = 168 26.21 W
* NMEA UTC (Time) = Jun 11 2023  07:16:30
* NMEA baud rate = 4800
** Ship: R/V Sikuliaq
** Station Number: 004
** Station Name: STN 006
** Bottom Depth: 35
** Operator: Emelia Chamberlain
# nquan = 7
# nvalues = 7467                                  
# units = specified
# name 0 = depSM: Depth [salt water, m]
# name 1 = latitude: Latitude [deg]
# name 2 = longitude: Longitude [deg]
# name 3 = t090C: Temperature [ITS-90, deg C]
# name 4 = sal00: Salinity, Practical [PSU]
# name 5 = svCM: Sound Velocity [Chen-Millero, m/s]
# name 6 = flag:  0.000e+00
# span 0 =      1.697,     27.865                 
# span 1 =   60.51190,   60.51230                 
# span 2 = -168.43808, -168.43738                 
# span 3 =     0.7847,     1.8996                 
# span 4 =    29.8035,    29.9954                 
# span 5 =    1446.20,    1450.96                 
# span 6 = 0.0000e+00, 0.0000e+00                 
# interval = seconds: 0.0416667
# start_time = Jun 11 2023 07:21:43 [NMEA time, first data scan]
# bad_flag = -9.990e-29
*END*
      1.867   60.51190 -168.43738     0.9942    29.9079    1446.93  0.000e+00
      1.983   60.51190 -168.43738     0.9944    29.9083    1446.94  0.000e+00
      1.921   60.51190 -168.43738     0.9947    29.9094    1446.94  0.000e+00
      1.921   60.51190 -168.43738     0.9951    29.9110    1446.94  0.000e+00
      1.921   60.51190 -168.43738     0.9959    29.9112    1446.95  0.000e+00
      1.921   60.51190 -168.43738     0.9972    29.9098    1446.95  0.000e+00
      1.921   60.51190 -168.43738     0.9996    29.9073    1446.96  0.000e+00
      1.921   60.51190 -168.43738     1.0013    29.9058    1446.96  0.000e+00
      1.983   60.51190 -168.43738     1.0024    29.9046    1446.97  0.000e+00
      1.898   60.51190 -168.43738     1.0024    29.9042    1446.97  0.000e+00
      1.921   60.51190 -168.43738     1.0021    29.9043    1446.97  0.000e+00
      1.921   60.51190 -168.43738     1.0022    29.9046    1446.97  0.000e+00
      1.921   60.51190 -168.43738     1.0021    29.9040    1446.96  0.000e+00
      1.921   60.51190 -168.43738     1.0011    29.9047    1446.96  0.000e+00
      1.921   60.51190 -168.43738     1.0007    29.9051    1446.96  0.000e+00
      1.921   60.51190 -168.43738     1.0002    29.9050    1446.96  0.000e+00
      1.983   60.51190 -168.43738     0.9997    29.9052    1446.96  0.000e+00
      1.921   60.51190 -168.43738     0.9990    29.9056    1446.95  0.000e+00
      1.921   60.51190 -168.43738     0.9980    29.9060    1446.95  0.000e+00
      1.921   60.51190 -168.43738     0.9971    29.9063    1446.95  0.000e+00
      1.921   60.51190 -168.43738     0.9961    29.9073    1446.94  0.000e+00
      1.983   60.51190 -168.43738     0.9954    29.9078    1446.94  0.000e+00
      1.921   60.51190 -168.43738     0.9952    29.9078    1446.94  0.000e+00
      1.921   60.51190 -168.43738     0.9954    29.9075    1446.94  0.000e+00
      1.921   60.51190 -168.43738     0.9952    29.9078    1446.94  0.000e+00
      1.983   60.51190 -168.43738     0.9953    29.9078    1446.94  0.000e+00
      1.921   60.51190 -168.43738     0.9959    29.9073    1446.94  0.000e+00
      1.921   60.51190 -168.43738     0.9957    29.9072    1446.94  0.000e+00
      1.921   60.51190 -168.43738     0.9956    29.9075    1446.94  0.000e+00
      1.983   60.51190 -168.43738     0.9952    29.9078    1446.94  0.000e+00
      1.983   60.51190 -168.43738     0.9950    29.9075    1446.94  0.000e+00
      1.921   60.51190 -168.43738     0.9952    29.9072    1446.94  0.000e+00
      1.952   60.51190 -168.43738     0.9953    29.9073    1446.94  0.000e+00
      1.921   60.51190 -168.43738     0.9954    29.9069    1446.94  0.000e+00
      1.921   60.51190 -168.43738     0.9956    29.9068    1446.94  0.000e+00
      1.921   60.51190 -168.43738     0.9950    29.9074    1446.94  0.000e+00
      1.983   60.51190 -168.43738     0.9948    29.9071    1446.94  0.000e+00
      1.921   60.51190 -168.43738     0.9940    29.9079    1446.93  0.000e+00
      1.921   60.51190 -168.43738     0.9939    29.9080    1446.93  0.000e+00
      1.983   60.51190 -168.43738     0.9942    29.9078    1446.94  0.000e+00
      1.921   60.51190 -168.43738     0.9944    29.9082    1446.94  0.000e+00
      1.921   60.51190 -168.43738     0.9951    29.9076    1446.94  0.000e+00
      1.921   60.51190 -168.43738     0.9955    29.9072    1446.94  0.000e+00
      1.921   60.51190 -168.43738     0.9954    29.9081    1446.94  0.000e+00
      1.983   60.51190 -168.43738     0.9957    29.9076    1446.94  0.000e+00
      1.921   60.51190 -168.43738     0.9950    29.9080    1446.94  0.000e+00
      1.921   60.51190 -168.43738     0.9942    29.9087    1446.94  0.000e+00
      1.921   60.51190 -168.43738     0.9940    29.9085    1446.93  0.000e+00
      1.921   60.51190 -168.43738     0.9929    29.9095    1446.93  0.000e+00
      1.921   60.51190 -168.43738     0.9919    29.9106    1446.93  0.000e+00
      1.921   60.51190 -168.43738     0.9924    29.9104    1446.93  0.000e+00
      1.983   60.51190 -168.43738     0.9937    29.9105    1446.94  0.000e+00
      1.921   60.51190 -168.43738     0.9947    29.9110    1446.94  0.000e+00
      1.867   60.51190 -168.43738     0.9956    29.9102    1446.94  0.000e+00
      1.921   60.51190 -168.43738     0.9961    29.9101    1446.95  0.000e+00
      1.952   60.51190 -168.43738     0.9967    29.9106    1446.95  0.000e+00
      1.921   60.51190 -168.43738     0.9999    29.9098    1446.96  0.000e+00
      1.921   60.51190 -168.43738     1.0056    29.9063    1446.98  0.000e+00
      1.921   60.51190 -168.43738     1.0090    29.9045    1447.00  0.000e+00
      1.921   60.51190 -168.43738     1.0086    29.9049    1447.00  0.000e+00
      1.921   60.51190 -168.43738     1.0080    29.9057    1446.99  0.000e+00
      1.921   60.51190 -168.43738     1.0080    29.9055    1446.99  0.000e+00
      1.867   60.51190 -168.43738     1.0082    29.9045    1446.99  0.000e+00
      1.921   60.51190 -168.43738     1.0092    29.9025    1447.00  0.000e+00
      1.921   60.51190 -168.43738     1.0095    29.9020    1447.00  0.000e+00
      1.921   60.51190 -168.43738     1.0084    29.9027    1446.99  0.000e+00
      1.867   60.51190 -168.43738     1.0073    29.9029    1446.99  0.000e+00
      1.983   60.51190 -168.43738     1.0049    29.9053    1446.98  0.000e+00
      1.867   60.51190 -168.43738     1.0030    29.9072    1446.97  0.000e+00
      1.921   60.51190 -168.43738     1.0016    29.9075    1446.97  0.000e+00
      1.921   60.51190 -168.43738     1.0012    29.9074    1446.97  0.000e+00
      1.921   60.51190 -168.43738     1.0009    29.9071    1446.96  0.000e+00
      1.867   60.51190 -168.43738     1.0018    29.9068    1446.97  0.000e+00
      1.921   60.51190 -168.43738     1.0025    29.9071    1446.97  0.000e+00
      1.867   60.51190 -168.43738     1.0041    29.9059    1446.98  0.000e+00
      1.921   60.51190 -168.43738     1.0049    29.9045    1446.98  0.000e+00
      1.867   60.51190 -168.43738     1.0045    29.9055    1446.98  0.000e+00
      1.921   60.51190 -168.43738     1.0034    29.9087    1446.98  0.000e+00
      1.898   60.51190 -168.43738     1.0025    29.9135    1446.98  0.000e+00
      1.867   60.51190 -168.43738     1.0018    29.9171    1446.98  0.000e+00
      1.921   60.51190 -168.43738     1.0013    29.9183    1446.98  0.000e+00
      1.867   60.51190 -168.43738     1.0019    29.9168    1446.98  0.000e+00
      1.921   60.51190 -168.43738     1.0031    29.9149    1446.98  0.000e+00
      1.867   60.51190 -168.43738     1.0044    29.9145    1446.99  0.000e+00
      1.921   60.51190 -168.43738     1.0095    29.9108    1447.01  0.000e+00
      1.867   60.51190 -168.43738     1.0128    29.9075    1447.02  0.000e+00
      1.921   60.51190 -168.43738     1.0130    29.9069    1447.02  0.000e+00
      1.921   60.51190 -168.43738     1.0128    29.9072    1447.02  0.000e+00
      1.805   60.51190 -168.43738     1.0124    29.9073    1447.01  0.000e+00
      1.921   60.51190 -168.43738     1.0109    29.9084    1447.01  0.000e+00
      1.867   60.51190 -168.43738     1.0092    29.9095    1447.00  0.000e+00
      1.921   60.51190 -168.43738     1.0083    29.9093    1447.00  0.000e+00
      1.867   60.51190 -168.43738     1.0073    29.9101    1447.00  0.000e+00
      1.921   60.51190 -168.43738     1.0078    29.9106    1447.00  0.000e+00
      1.867   60.51190 -168.43738     1.0077    29.9113    1447.00  0.000e+00
      1.921   60.51190 -168.43738     1.0084    29.9110    1447.00  0.000e+00
      1.867   60.51190 -168.43738     1.0095    29.9086    1447.00  0.000e+00
      1.867   60.51190 -168.43738     1.0106    29.9073    1447.01  0.000e+00
      1.921   60.51190 -168.43738     1.0106    29.9075    1447.01  0.000e+00
      1.921   60.51190 -168.43738     1.0086    29.9089    1447.00  0.000e+00
      1.867   60.51190 -168.43738     1.0060    29.9115    1446.99  0.000e+00
      1.805   60.51190 -168.43738     1.0069    29.9105    1446.99  0.000e+00
      1.952   60.51190 -168.43738     1.0078    29.9095    1447.00  0.000e+00
      1.921   60.51190 -168.43738     1.0103    29.9063    1447.01  0.000e+00
      1.867   60.51190 -168.43738     1.0087    29.9057    1447.00  0.000e+00
      1.921   60.51190 -168.43738     1.0062    29.9065    1446.99  0.000e+00
      1.867   60.51190 -168.43738     1.0050    29.9070    1446.98  0.000e+00
      1.921   60.51190 -168.43738     1.0050    29.9062    1446.98  0.000e+00
      1.867   60.51190 -168.43738     1.0053    29.9049    1446.98  0.000e+00
      1.921   60.51190 -168.43738     1.0056    29.9046    1446.98  0.000e+00
      1.921   60.51190 -168.43738     1.0047    29.9049    1446.98  0.000e+00
      1.867   60.51190 -168.43738     1.0031    29.9058    1446.97  0.000e+00
      1.921   60.51190 -168.43738     1.0027    29.9062    1446.97  0.000e+00
      1.867   60.51190 -168.43738     1.0021    29.9063    1446.97  0.000e+00
      1.921   60.51190 -168.43738     1.0010    29.9066    1446.96  0.000e+00
      1.867   60.51190 -168.43738     0.9997    29.9071    1446.96  0.000e+00
      1.867   60.51190 -168.43738     0.9982    29.9085    1446.95  0.000e+00
      1.921   60.51190 -168.43738     0.9972    29.9091    1446.95  0.000e+00
      1.867   60.51190 -168.43738     0.9970    29.9093    1446.95  0.000e+00
      1.921   60.51190 -168.43738     0.9975    29.9091    1446.95  0.000e+00
      1.867   60.51190 -168.43738     0.9975    29.9087    1446.95  0.000e+00
      1.867   60.51190 -168.43738     0.9974    29.9088    1446.95  0.000e+00
      1.921   60.51190 -168.43738     0.9968    29.9098    1446.95  0.000e+00
      1.867   60.51190 -168.43738     0.9955    29.9106    1446.94  0.000e+00
      1.921   60.51190 -168.43738     0.9946    29.9114    1446.94  0.000e+00
      1.844   60.51190 -168.43738     0.9944    29.9118    1446.94  0.000e+00
      1.867   60.51190 -168.43738     0.9949    29.9109    1446.94  0.000e+00
      1.921   60.51190 -168.43738     0.9959    29.9095    1446.94  0.000e+00
      1.867   60.51190 -168.43738     0.9958    29.9094    1446.94  0.000e+00
      1.867   60.51190 -168.43738     0.9950    29.9105    1446.94  0.000e+00
      1.867   60.51190 -168.43738     0.9946    29.9106    1446.94  0.000e+00
      1.921   60.51190 -168.43738     0.9940    29.9112    1446.94  0.000e+00
      1.867   60.51190 -168.43738     0.9931    29.9136    1446.94  0.000e+00
      1.867   60.51190 -168.43738     0.9934    29.9157    1446.94  0.000e+00
      1.867   60.51190 -168.43738     1.0075    29.9044    1446.99  0.000e+00
      1.867   60.51190 -168.43738     1.0143    29.9000    1447.01  0.000e+00
      1.921   60.51190 -168.43738     1.0099    29.9075    1447.01  0.000e+00
      1.867   60.51190 -168.43738     1.0056    29.9146    1446.99  0.000e+00
      1.867   60.51190 -168.43738     1.0056    29.9185    1447.00  0.000e+00
      1.867   60.51190 -168.43738     1.0066    29.9221    1447.01  0.000e+00
      1.867   60.51190 -168.43738     1.0166    29.9241    1447.06  0.000e+00
      1.867   60.51190 -168.43738     1.0371    29.9161    1447.14  0.000e+00
      1.921   60.51190 -168.43738     1.0407    29.9142    1447.15  0.000e+00
      1.867   60.51190 -168.43738     1.0375    29.9151    1447.14  0.000e+00
      1.867   60.51190 -168.43738     1.0342    29.9159    1447.13  0.000e+00
      1.921   60.51190 -168.43738     1.0339    29.9184    1447.13  0.000e+00
      1.867   60.51190 -168.43738     1.0363    29.9197    1447.14  0.000e+00
      1.867   60.51190 -168.43738     1.0402    29.9197    1447.16  0.000e+00
      1.898   60.51190 -168.43738     1.0517    29.9134    1447.20  0.000e+00
      1.867   60.51190 -168.43738     1.0598    29.9086    1447.23  0.000e+00
      1.867   60.51190 -168.43738     1.0626    29.9068    1447.24  0.000e+00
      1.867   60.51190 -168.43738     1.0637    29.9057    1447.25  0.000e+00
      1.867   60.51190 -168.43738     1.0635    29.9065    1447.25  0.000e+00
      1.867   60.51190 -168.43738     1.0630    29.9105    1447.25  0.000e+00
      1.921   60.51190 -168.43738     1.0657    29.9126    1447.26  0.000e+00
      1.867   60.51190 -168.43738     1.0674    29.9180    1447.28  0.000e+00
      1.867   60.51190 -168.43738     1.0699    29.9221    1447.30  0.000e+00
      1.867   60.51190 -168.43738     1.0725    29.9259    1447.31  0.000e+00
      1.921   60.51190 -168.43738     1.0733    29.9372    1447.33  0.000e+00
      1.867   60.51190 -168.43738     1.0710    29.9556    1447.34  0.000e+00
      1.921   60.51190 -168.43738     1.0894    29.9491    1447.42  0.000e+00
      1.867   60.51190 -168.43738     1.1202    29.9231    1447.53  0.000e+00
      1.921   60.51190 -168.43738     1.1471    29.9012    1447.62  0.000e+00
      1.867   60.51190 -168.43738     1.1682    29.8866    1447.69  0.000e+00
      1.921   60.51190 -168.43738     1.1811    29.8727    1447.74  0.000e+00
      1.921   60.51190 -168.43738     1.1850    29.8591    1447.73  0.000e+00
      1.867   60.51190 -168.43738     1.1752    29.8588    1447.69  0.000e+00
      1.921   60.51190 -168.43738     1.1645    29.8663    1447.65  0.000e+00
      1.921   60.51190 -168.43738     1.1699    29.8584    1447.67  0.000e+00
      1.921   60.51190 -168.43738     1.1539    29.8680    1447.61  0.000e+00
      1.921   60.51190 -168.43738     1.1328    29.8816    1447.53  0.000e+00
      1.921   60.51190 -168.43738     1.1069    29.8952    1447.43  0.000e+00
      1.898   60.51190 -168.43738     1.0888    29.9035    1447.36  0.000e+00
      1.921   60.51190 -168.43738     1.0739    29.9149    1447.31  0.000e+00
      1.983   60.51190 -168.43738     1.0767    29.9206    1447.33  0.000e+00
      1.921   60.51190 -168.43738     1.1219    29.8880    1447.49  0.000e+00
      1.921   60.51190 -168.43738     1.1261    29.8880    1447.51  0.000e+00
      1.983   60.51190 -168.43738     1.1086    29.9028    1447.45  0.000e+00
      1.921   60.51190 -168.43738     1.0962    29.9070    1447.40  0.000e+00
      1.983   60.51190 -168.43738     1.0840    29.9012    1447.33  0.000e+00
      1.921   60.51190 -168.43738     1.0644    29.8988    1447.24  0.000e+00
      1.983   60.51190 -168.43738     1.0471    29.9016    1447.17  0.000e+00
      1.983   60.51190 -168.43738     1.0356    29.9039    1447.12  0.000e+00
      1.921   60.51190 -168.43738     1.0281    29.9060    1447.09  0.000e+00
      1.983   60.51190 -168.43738     1.0273    29.9034    1447.08  0.000e+00
      1.983   60.51190 -168.43738     1.0240    29.9042    1447.07  0.000e+00
      1.983   60.51190 -168.43738     1.0187    29.9068    1447.05  0.000e+00
      1.983   60.51190 -168.43738     1.0154    29.9072    1447.03  0.000e+00
      1.983   60.51190 -168.43738     1.0126    29.9076    1447.02  0.000e+00
      1.983   60.51190 -168.43738     1.0097    29.9086    1447.01  0.000e+00
      1.983   60.51190 -168.43740     1.0081    29.9091    1447.00  0.000e+00
      1.983   60.51190 -168.43740     1.0062    29.9097    1446.99  0.000e+00
      1.921   60.51190 -168.43740     1.0049    29.9103    1446.99  0.000e+00
      2.037   60.51190 -168.43740     1.0052    29.9096    1446.99  0.000e+00
      1.952   60.51190 -168.43740     1.0064    29.9086    1446.99  0.000e+00
      1.983   60.51190 -168.43740     1.0066    29.9079    1446.99  0.000e+00
      1.983   60.51190 -168.43740     1.0056    29.9088    1446.99  0.000e+00
      1.983   60.51190 -168.43740     1.0052    29.9091    1446.99  0.000e+00
      1.983   60.51190 -168.43740     1.0049    29.9097    1446.99  0.000e+00
      1.983   60.51190 -168.43740     1.0055    29.9095    1446.99  0.000e+00
      1.983   60.51190 -168.43740     1.0078    29.9081    1447.00  0.000e+00
      1.983   60.51190 -168.43740     1.0103    29.9066    1447.01  0.000e+00
      1.983   60.51190 -168.43740     1.0106    29.9071    1447.01  0.000e+00
      1.983   60.51190 -168.43740     1.0127    29.9068    1447.02  0.000e+00
      1.983   60.51190 -168.43740     1.0161    29.9067    1447.03  0.000e+00
