merge_samples_with_btl/SKQ202309T/ctd/skq202309t_007.cnv
* Sea-Bird SBE 9 Data File:
* FileName = D:\CTD\SKQ202309T\SKQ202309T_007.hex
* Software Version Seasave V 7.26.7.121
* Temperature SN = 6177
* Conductivity SN = 0369
* Number of Bytes Per Scan = 38
* Number of Voltage Words = 3
* Number of Scans Averaged by the Deck Unit = 1
* NMEA Latitude = 64 14.62 N
* NMEA Longitude = 165 32.56 W
* NMEA UTC (Time) = Jun 12 2023  15:23:52
* NMEA baud rate = 4800
** Ship: R/V Sikuliaq
** Station Number: 007
** Station Name: 011
** Bottom Depth: 19
** Operator: Steve Dykstra
# nquan = 23
# nvalues = 4666                                  
# units = specified
# name 0 = depSM: Depth [salt water, m]
# name 1 = latitude: Latitude [deg]
# name 2 = longitude: Longitude [deg]
# name 3 = prDM: Pressure, Digiquartz [db]
# name 4 = t090C: Temperature [ITS-90, deg C]
# name 5 = t190C: Temperature, 2 [ITS-90, deg C]
# name 6 = potemp090C: Potential Temperature [ITS-90, deg C]
# name 7 = sal00: Salinity, Practical [PSU]
# name 8 = sal11: Salinity, Practical, 2 [PSU]
# name 9 = density00: Density [density, kg/m^3]
# name 10 = sigma-é00: Density [sigma-theta, kg/m^3]
# name 11 = sbox0Mm/Kg: Oxygen, SBE 43 [umol/kg]
# name 12 = sbox1Mm/Kg: Oxygen, SBE 43, 2 [umol/kg]
# name 13 = oxsolMm/Kg: Oxygen Saturation, Garcia & Gordon [umol/kg]
# name 14 = sbeox0PS: Oxygen, SBE 43 [% saturation]
# name 15 = sbeox1PS: Oxygen, SBE 43, 2 [% saturation]
# name 16 = v0: Voltage 0
# name 17 = flECO-AFL: Fluorescence, WET Labs ECO-AFL/FL [mg/m^3]
# name 18 = v1: Voltage 1
# name 19 = CStarAt0: Beam Attenuation, WET Labs C-Star [1/m]
# name 20 = scan: Scan Count
# name 21 = timeM: Time, Elapsed [minutes]
# name 22 = flag:  0.000e+00
# span 0 =      1.331,     13.983                 
# span 1 =   64.24362,   64.24366                 
# span 2 = -165.54258, -165.54254                 
# span 3 =      1.344,     14.121                 
# span 4 =     1.5460,     8.0700                 
# span 5 =     1.5473,     8.1328                 
# span 6 =     1.5455,     8.0699                 
# span 7 =    18.1737,    28.9193                 
# span 8 =    18.0919,    28.9311                 
# span 9 =  1014.0922,  1023.1964                 
# span 10 =    14.0853,    23.1297                
# span 11 =    337.981,    387.448                
# span 12 =    333.466,    375.242                
# span 13 =  323.78766,  352.42372                
# span 14 =    102.227,    112.749                
# span 15 =     99.383,    107.663                
# span 16 =     0.1245,     0.4322                
# span 17 =     0.3993,     2.2454                
# span 18 =     2.4554,     3.9267                
# span 19 =     0.7296,     2.6084                
# span 20 =          1,       4666                
# span 21 =     0.0000,     3.2396                
# span 22 = 0.0000e+00, 0.0000e+00                
# interval = seconds: 0.0416667
# start_time = Jun 12 2023 15:28:02 [NMEA time, first data scan]
# bad_flag = -9.990e-29
*END*
[from data line 3087]
     13.867   64.24364 -165.54254     14.004     1.5842     1.5844     1.5837    28.9101    28.9216  1023.1873    23.1206    383.327    372.307  350.12587    109.483    106.345     0.2393     1.0879     3.6374     1.0359       3088     2.1437  0.000e+00
     13.929   64.24364 -165.54254     14.067     1.5846     1.5841     1.5840    28.9104    28.9216  1023.1879    23.1208    383.332    372.330  350.12205    109.485    106.351     0.2381     1.0806     3.6374     1.0359       3089     2.1444  0.000e+00
     13.836   64.24364 -165.54254     13.973     1.5851     1.5839     1.5845    28.9104    28.9218  1023.1874    23.1208    383.092    372.344  350.11779    109.418    106.354     0.2393     1.0879     3.6374     1.0359       3090     2.1451  0.000e+00
     13.867   64.24364 -165.54254     14.004     1.5853     1.5840     1.5848    28.9101    28.9218  1023.1873    23.1206    383.292    372.361  350.11595    109.476    106.360     0.2381     1.0806     3.6386     1.0346       3091     2.1458  0.000e+00
     13.867   64.24364 -165.54254     14.004     1.5857     1.5837     1.5851    28.9098    28.9220  1023.1870    23.1203    383.292    372.172  350.11382    109.476    106.305     0.2393     1.0879     3.6422     1.0306       3092     2.1465  0.000e+00
     13.867   64.24364 -165.54254     14.004     1.5859     1.5843     1.5854    28.9102    28.9220  1023.1873    23.1206    383.290    372.158  350.11038    109.477    106.303     0.2393     1.0879     3.6447     1.0279       3093     2.1472  0.000e+00
     13.837   64.24364 -165.54254     13.973     1.5872     1.5844     1.5867    28.9098    28.9215  1023.1868    23.1202    383.275    372.151  350.10018    109.476    106.300     0.2393     1.0879     3.6447     1.0279       3094     2.1479  0.000e+00
     13.867   64.24364 -165.54254     14.004     1.5882     1.5843     1.5876    28.9100    28.9218  1023.1870    23.1203    383.305    372.356  350.09081    109.487    106.359     0.2393     1.0879     3.6447     1.0279       3095     2.1486  0.000e+00
     13.867   64.24364 -165.54254     14.004     1.5892     1.5845     1.5887    28.9093    28.9216  1023.1864    23.1196    383.293    372.376  350.08343    109.486    106.365     0.2381     1.0806     3.6447     1.0279       3096     2.1493  0.000e+00
     13.813   64.24364 -165.54254     13.950     1.5891     1.5845     1.5886    28.9093    28.9217  1023.1861    23.1196    383.523    372.393  350.08438    109.552    106.370     0.2381     1.0806     3.6447     1.0279       3097     2.1500  0.000e+00
     13.898   64.24364 -165.54254     14.036     1.5894     1.5848     1.5888    28.9085    28.9215  1023.1860    23.1191    383.325    372.415  350.08385    109.495    106.377     0.2369     1.0732     3.6447     1.0279       3098     2.1507  0.000e+00
     13.867   64.24364 -165.54254     14.004     1.5892     1.5851     1.5887    28.9090    28.9212  1023.1862    23.1194    383.316    372.431  350.08415    109.492    106.382     0.2381     1.0806     3.6447     1.0279       3099     2.1514  0.000e+00
     13.867   64.24364 -165.54254     14.004     1.5903     1.5852     1.5898    28.9087    28.9211  1023.1859    23.1192    383.294    372.450  350.07496    109.489    106.388     0.2369     1.0732     3.6447     1.0279       3100     2.1521  0.000e+00
     13.837   64.24364 -165.54254     13.973     1.5903     1.5857     1.5898    28.9085    28.9211  1023.1856    23.1190    383.282    372.464  350.07554    109.485    106.393     0.2369     1.0732     3.6447     1.0279       3101     2.1528  0.000e+00
     13.867   64.24364 -165.54254     14.004     1.5900     1.5864     1.5895    28.9084    28.9211  1023.1857    23.1189    383.273    372.452  350.07830    109.482    106.391     0.2381     1.0806     3.6447     1.0279       3102     2.1535  0.000e+00
     13.867   64.24364 -165.54254     14.004     1.5893     1.5865     1.5888    28.9086    28.9208  1023.1859    23.1191    383.266    372.444  350.08417    109.478    106.389     0.2369     1.0732     3.6447     1.0279       3103     2.1542  0.000e+00
     13.867   64.24364 -165.54254     14.004     1.5884     1.5866     1.5879    28.9086    28.9209  1023.1859    23.1192    383.259    372.434  350.09204    109.474    106.387     0.2381     1.0806     3.6447     1.0279       3104     2.1549  0.000e+00
     13.837   64.24364 -165.54254     13.973     1.5878     1.5864     1.5873    28.9085    28.9211  1023.1857    23.1191    383.440    372.242  350.09778    109.524    106.331     0.2369     1.0732     3.6447     1.0279       3105     2.1556  0.000e+00
     13.867   64.24364 -165.54254     14.004     1.5869     1.5865     1.5863    28.9090    28.9209  1023.1863    23.1196    383.468    372.235  350.10516    109.529    106.330     0.2381     1.0806     3.6447     1.0279       3106     2.1563  0.000e+00
     13.867   64.24364 -165.54254     14.004     1.5863     1.5864     1.5857    28.9096    28.9212  1023.1868    23.1201    383.251    372.439  350.10907    109.466    106.388     0.2369     1.0732     3.6447     1.0279       3107     2.1569  0.000e+00
     13.837   64.24364 -165.54254     13.973     1.5857     1.5865     1.5851    28.9103    28.9210  1023.1873    23.1207    383.226    372.456  350.11253    109.458    106.393     0.2381     1.0806     3.6447     1.0279       3108     2.1576  0.000e+00
     13.867   64.24364 -165.54254     14.004     1.5858     1.5868     1.5853    28.9100    28.9206  1023.1872    23.1204    383.197    372.475  350.11192    109.450    106.399     0.2369     1.0732     3.6447     1.0279       3109     2.1583  0.000e+00
     13.813   64.24364 -165.54254     13.950     1.5844     1.5866     1.5839    28.9097    28.9212  1023.1868    23.1203    383.221    372.464  350.12546    109.453    106.396     0.2369     1.0732     3.6447     1.0279       3110     2.1590  0.000e+00
     13.867   64.24364 -165.54254     14.004     1.5825     1.5866     1.5820    28.9098    28.9209  1023.1872    23.1205    383.172    372.486  350.14188    109.433    106.402     0.2381     1.0806     3.6435     1.0292       3111     2.1597  0.000e+00
     13.837   64.24364 -165.54254     13.973     1.5800     1.5866     1.5795    28.9105    28.9210  1023.1878    23.1212    383.438    372.476  350.16257    109.503    106.399     0.2369     1.0732     3.6361     1.0373       3112     2.1604  0.000e+00
     13.867   64.24364 -165.54254     14.004     1.5789     1.5866     1.5784    28.9107    28.9211  1023.1881    23.1214    383.220    372.467  350.17191    109.438    106.396     0.2381     1.0806     3.6300     1.0440       3113     2.1611  0.000e+00
     13.867   64.24364 -165.54254     14.004     1.5780     1.5866     1.5775    28.9112    28.9208  1023.1886    23.1218    383.190    372.484  350.17844    109.427    106.401     0.2369     1.0732     3.6300     1.0440       3114     2.1618  0.000e+00
     13.867   64.24364 -165.54254     14.004     1.5774     1.5866     1.5769    28.9113    28.9205  1023.1887    23.1219    383.199    372.474  350.18417    109.428    106.398     0.2369     1.0732     3.6300     1.0440       3115     2.1625  0.000e+00
     13.837   64.24364 -165.54254     13.973     1.5769     1.5866     1.5764    28.9113    28.9214  1023.1886    23.1219    383.205    372.485  350.18857    109.428    106.402     0.2369     1.0732     3.6300     1.0440       3116     2.1632  0.000e+00
     13.813   64.24364 -165.54254     13.950     1.5769     1.5869     1.5764    28.9117    28.9214  1023.1888    23.1223    383.162    372.469  350.18684    109.416    106.398     0.2381     1.0806     3.6300     1.0440       3117     2.1639  0.000e+00
     13.867   64.24364 -165.54254     14.004     1.5768     1.5873     1.5762    28.9115    28.9213  1023.1889    23.1221    383.126    372.482  350.18902    109.405    106.403     0.2369     1.0732     3.6300     1.0440       3118     2.1646  0.000e+00
     13.837   64.24364 -165.54254     13.973     1.5761     1.5873     1.5756    28.9115    28.9209  1023.1888    23.1222    383.130    372.496  350.19480    109.405    106.406     0.2369     1.0732     3.6300     1.0440       3119     2.1653  0.000e+00
     13.867   64.24364 -165.54254     14.004     1.5759     1.5873     1.5753    28.9113    28.9210  1023.1888    23.1220    383.368    372.511  350.19787    109.472    106.411     0.2381     1.0806     3.6300     1.0440       3120     2.1660  0.000e+00
     13.868   64.24364 -165.54254     14.005     1.5749     1.5871     1.5744    28.9122    28.9212  1023.1895    23.1228    383.178    372.526  350.20382    109.416    106.415     0.2369     1.0732     3.6313     1.0426       3121     2.1667  0.000e+00
     13.868   64.24364 -165.54254     14.005     1.5743     1.5871     1.5737    28.9126    28.9212  1023.1899    23.1232    383.416    372.540  350.20861    109.482    106.419     0.2381     1.0806     3.6300     1.0440       3122     2.1674  0.000e+00
     13.837   64.24364 -165.54254     13.973     1.5741     1.5869     1.5736    28.9127    28.9211  1023.1899    23.1233    383.174    372.764  350.20974    109.413    106.482     0.2381     1.0806     3.6313     1.0426       3123     2.1681  0.000e+00
     13.868   64.24364 -165.54254     14.005     1.5752     1.5869     1.5747    28.9129    28.9208  1023.1901    23.1234    383.391    372.569  350.19934    109.478    106.426     0.2405     1.0952     3.6300     1.0440       3124     2.1688  0.000e+00
     13.814   64.24364 -165.54254     13.950     1.5769     1.5869     1.5764    28.9122    28.9212  1023.1892    23.1227    383.402    372.577  350.18549    109.485    106.429     0.2393     1.0879     3.6300     1.0440       3125     2.1694  0.000e+00
     13.837   64.24364 -165.54254     13.973     1.5780     1.5869     1.5775    28.9120    28.9212  1023.1891    23.1225    383.422    372.773  350.17668    109.494    106.485     0.2393     1.0879     3.6300     1.0440       3126     2.1701  0.000e+00
     13.868   64.24364 -165.54254     14.005     1.5785     1.5864     1.5779    28.9116    28.9206  1023.1888    23.1221    383.212    372.581  350.17352    109.435    106.428     0.2393     1.0879     3.6300     1.0440       3127     2.1708  0.000e+00
     13.868   64.24364 -165.54254     14.005     1.5789     1.5850     1.5784    28.9116    28.9215  1023.1888    23.1221    383.431    372.603  350.16953    109.499    106.431     0.2393     1.0879     3.6313     1.0426       3128     2.1715  0.000e+00
     13.868   64.24364 -165.54254     14.005     1.5796     1.5840     1.5790    28.9115    28.9213  1023.1887    23.1219    383.450    372.595  350.16401    109.506    106.426     0.2405     1.0952     3.6300     1.0440       3129     2.1722  0.000e+00
     13.837   64.24364 -165.54254     13.973     1.5802     1.5825     1.5796    28.9114    28.9220  1023.1884    23.1218    383.232    372.589  350.15881    109.445    106.421     0.2393     1.0879     3.6300     1.0440       3130     2.1729  0.000e+00
     13.868   64.24364 -165.54254     14.005     1.5807     1.5816     1.5801    28.9111    28.9225  1023.1883    23.1216    383.407    372.579  350.15523    109.496    106.416     0.2405     1.0952     3.6300     1.0440       3131     2.1736  0.000e+00
     13.814   64.24364 -165.54254     13.950     1.5802     1.5809     1.5796    28.9108    28.9228  1023.1879    23.1214    383.432    372.561  350.16023    109.502    106.409     0.2393     1.0879     3.6361     1.0373       3132     2.1743  0.000e+00
     13.868   64.24364 -165.54254     14.005     1.5801     1.5812     1.5795    28.9104    28.9224  1023.1878    23.1210    383.458    372.538  350.16247    109.509    106.403     0.2405     1.0952     3.6410     1.0319       3133     2.1750  0.000e+00
     13.837   64.24364 -165.54254     13.973     1.5807     1.5810     1.5801    28.9102    28.9224  1023.1874    23.1208    383.233    372.543  350.15768    109.446    106.404     0.2393     1.0879     3.6422     1.0306       3134     2.1757  0.000e+00
     13.868   64.24364 -165.54254     14.005     1.5803     1.5809     1.5798    28.9102    28.9225  1023.1876    23.1209    383.217    372.548  350.16058    109.440    106.405     0.2393     1.0879     3.6410     1.0319       3135     2.1764  0.000e+00
     13.814   64.24364 -165.54254     13.950     1.5803     1.5812     1.5798    28.9100    28.9221  1023.1872    23.1207    383.428    372.546  350.16113    109.501    106.405     0.2405     1.0952     3.6410     1.0319       3136     2.1771  0.000e+00
     13.898   64.24364 -165.54254     14.036     1.5799     1.5816     1.5794    28.9098    28.9222  1023.1875    23.1206    383.455    372.760  350.16544    109.507    106.467     0.2393     1.0879     3.6410     1.0319       3137     2.1778  0.000e+00
     13.868   64.24364 -165.54254     14.005     1.5785     1.5814     1.5779    28.9100    28.9225  1023.1876    23.1209    383.483    372.577  350.17767    109.511    106.415     0.2405     1.0952     3.6410     1.0319       3138     2.1785  0.000e+00
     13.814   64.24364 -165.54254     13.950     1.5768     1.5817     1.5763    28.9111    28.9223  1023.1883    23.1218    383.469    372.784  350.19008    109.503    106.474     0.2393     1.0879     3.6410     1.0319       3139     2.1792  0.000e+00
     13.868   64.24364 -165.54254     14.005     1.5761     1.5818     1.5756    28.9115    28.9221  1023.1889    23.1222    383.487    372.812  350.19485    109.507    106.483     0.2405     1.0952     3.6410     1.0319       3140     2.1799  0.000e+00
     13.837   64.24364 -165.54254     13.973     1.5754     1.5817     1.5749    28.9115    28.9224  1023.1888    23.1222    383.267    372.810  350.20130    109.442    106.482     0.2393     1.0879     3.6410     1.0319       3141     2.1806  0.000e+00
     13.868   64.24364 -165.54254     14.005     1.5741     1.5817     1.5736    28.9121    28.9224  1023.1895    23.1227    383.485    372.809  350.21155    109.501    106.482     0.2405     1.0952     3.6410     1.0319       3142     2.1812  0.000e+00
     13.814   64.24364 -165.54254     13.950     1.5738     1.5817     1.5732    28.9125    28.9225  1023.1896    23.1231    383.257    372.591  350.21340    109.435    106.419     0.2393     1.0879     3.6410     1.0319       3143     2.1819  0.000e+00
     13.929   64.24364 -165.54254     14.067     1.5737     1.5819     1.5731    28.9122    28.9219  1023.1899    23.1228    383.232    372.591  350.21521    109.427    106.419     0.2393     1.0879     3.6410     1.0319       3144     2.1826  0.000e+00
     13.783   64.24364 -165.54254     13.919     1.5737     1.5818     1.5732    28.9125    28.9221  1023.1895    23.1231    383.189    372.578  350.21372    109.416    106.416     0.2405     1.0952     3.6410     1.0319       3145     2.1833  0.000e+00
     13.868   64.24364 -165.54254     14.005     1.5737     1.5818     1.5731    28.9120    28.9223  1023.1895    23.1227    383.204    372.576  350.21554    109.419    106.416     0.2393     1.0879     3.6410     1.0319       3146     2.1840  0.000e+00
     13.868   64.24364 -165.54254     14.005     1.5722     1.5806     1.5717    28.9122    28.9224  1023.1897    23.1229    383.188    372.584  350.22802    109.411    106.414     0.2405     1.0952     3.6410     1.0319       3147     2.1847  0.000e+00
     13.837   64.24364 -165.54254     13.973     1.5719     1.5792     1.5714    28.9122    28.9231  1023.1895    23.1229    383.159    372.800  350.23094    109.402    106.473     0.2393     1.0879     3.6410     1.0319       3148     2.1854  0.000e+00
     13.814   64.24364 -165.54254     13.950     1.5726     1.5780     1.5721    28.9126    28.9229  1023.1897    23.1232    383.117    372.832  350.22348    109.392    106.479     0.2393     1.0879     3.6410     1.0319       3149     2.1861  0.000e+00
