merge_samples_with_btl/SKQ202309T/ctd/skq202309t_003avg.cnv
* Sea-Bird SBE 9 Data File:
* FileName = D:\CTD\SKQ202309T\SKQ202309T_003.hex
* Software Version Seasave V 7.26.7.121
* Temperature SN = 6177
* Conductivity SN = 0369
* Number of Bytes Per Scan = 38
* Number of Voltage Words = 3
* Number of Scans Averaged by the Deck Unit = 1
* NMEA Latitude = 56 26.56 N
* NMEA Longitude = 166 33.22 W
* NMEA UTC (Time) = Jun 10 2023  04:39:46
* NMEA baud rate = 4800
** Ship: R/V Sikuliaq
** Station Number: 003
** Station Name: STN 004
** Bottom Depth: 101
** Operator: Julia Moriarty
# nquan = 24
# nvalues = 96                          
# units = specified
# name 0 = depSM: Depth [salt water, m]
# name 1 = latitude: Latitude [deg]
# name 2 = longitude: Longitude [deg]
# name 3 = prDM: Pressure, Digiquartz [db]
# name 4 = t090C: Temperature [ITS-90, deg C]
# name 5 = t190C: Temperature, 2 [ITS-90, deg C]
# name 6 = potemp090C: Potential Temperature [ITS-90, deg C]
# name 7 = sal00: Salinity, Practical [PSU]
# name 8 = sal11: Salinity, Practical, 2 [PSU]
# name 9 = density00: Density [density, kg/m^3]
# name 10 = sigma-é00: Density [sigma-theta, kg/m^3]
# name 11 = sbox0Mm/Kg: Oxygen, SBE 43 [umol/kg]
# name 12 = sbox1Mm/Kg: Oxygen, SBE 43, 2 [umol/kg]
# name 13 = oxsolMm/Kg: Oxygen Saturation, Garcia & Gordon [umol/kg]
# name 14 = sbeox0PS: Oxygen, SBE 43 [% saturation]
# name 15 = sbeox1PS: Oxygen, SBE 43, 2 [% saturation]
# name 16 = v0: Voltage 0
# name 17 = flECO-AFL: Fluorescence, WET Labs ECO-AFL/FL [mg/m^3]
# name 18 = v1: Voltage 1
# name 19 = CStarAt0: Beam Attenuation, WET Labs C-Star [1/m]
# name 20 = scan: Scan Count
# name 21 = timeM: Time, Elapsed [minutes]
# name 22 = nbin: number of scans per bin
# name 23 = flag: flag
# span 0 =      1.982,     96.091       
# span 1 =   56.44268,   56.44274       
# span 2 = -166.55362, -166.55347       
# span 3 =      2.000,     97.000       
# span 4 =     3.6121,     6.7873       
# span 5 =     3.6120,     6.7902       
# span 6 =     3.6082,     6.7871       
# span 7 =    31.8205,    32.3652       
# span 8 =    31.8430,    32.3763       
# span 9 =  1024.9922,  1026.1445       
# span 10 =    24.9814,    25.6922      
# span 11 =    251.680,    422.536      
# span 12 =    243.001,    410.190      
# span 13 =  301.75354,  324.99844      
# span 14 =     78.358,    136.693      
# span 15 =     75.659,    132.866      
# span 16 =     0.0898,     3.9310      
# span 17 =     0.1904,    23.2381      
# span 18 =     2.8170,     4.4526      
# span 19 =     0.2267,     2.0592      
# span 20 =        565,       8822      
# span 21 =     0.3920,     6.1257      
# span 22 =         27,       1269      
# span 23 = 0.0000e+00, 0.0000e+00      
# interval = decibars: 1                
# start_time = Jun 10 2023 04:44:02 [NMEA time, first data scan]
# bad_flag = -9.990e-29
*END*
      1.982   56.44268 -166.55362      2.000     6.7623     6.7598     6.7621    31.8675    31.8780  1024.9922    24.9830    411.012    400.648  301.93229    136.127    132.697     0.3313     1.6399     3.8037     0.8571        565     0.3920       1269 0.0000e+00
      2.973   56.44268 -166.55362      3.000     6.7873     6.7902     6.7871    31.8695    31.8799  1024.9952    24.9814    412.476    400.870  301.75354    136.693    132.866     0.3437     1.7141     3.7913     0.8700       1341     0.9307        112 0.0000e+00
      3.964   56.44268 -166.55360      4.000     6.7618     6.7608     6.7615    31.8678    31.8784  1025.0018    24.9834    412.156    401.014  301.93457    136.505    132.822     0.3473     1.7360     3.7981     0.8630       1425     0.9890         95 0.0000e+00
      4.954   56.44268 -166.55361      5.000     6.7210     6.7246     6.7206    31.8645    31.8766  1025.0090    24.9860    410.622    399.707  302.22599    135.866    132.277     0.4111     2.1189     3.8006     0.8603       1545     1.0724        161 0.0000e+00
      5.945   56.44268 -166.55360      6.000     6.6471     6.6472     6.6466    31.8582    31.8709  1025.0182    24.9906    408.839    399.560  302.75600    135.039    131.987     0.4802     2.5335     3.8163     0.8439       1704     1.1823         82 0.0000e+00
      6.936   56.44268 -166.55361      7.000     6.6043     6.5983     6.6038    31.8553    31.8676  1025.0260    24.9937    404.965    394.532  303.06136    133.625    130.176     0.4965     2.6309     3.8392     0.8199       1807     1.2540        169 0.0000e+00
      7.927   56.44268 -166.55360      8.000     6.1383     6.1515     6.1377    31.8205    31.8430  1025.0610    25.0241    405.999    397.280  306.44243    132.493    129.706     0.5334     2.8524     3.8779     0.7801       1929     1.3390         70 0.0000e+00
      8.918   56.44268 -166.55360      9.000     5.5705     5.5772     5.5698    31.8343    31.8494  1025.1441    25.1024    387.175    375.279  310.51208    124.694    120.898     0.4404     2.2944     4.0572     0.5991       2042     1.4175        149 0.0000e+00
      9.908   56.44268 -166.55360     10.000     5.3850     5.3835     5.3843    31.8513    31.8685  1025.1835    25.1371    404.604    391.340  311.83259    129.750    125.508     0.3836     1.9536     4.0917     0.5652       2163     1.5013         73 0.0000e+00
     10.899   56.44268 -166.55360     11.000     5.2330     5.2323     5.2322    31.8802    31.8952  1025.2282    25.1771    411.482    398.838  312.88928    131.510    127.481     0.3786     1.9233     4.1310     0.5267       2250     1.5616        100 0.0000e+00
     11.890   56.44268 -166.55360     12.000     5.1021     5.1025     5.1012    31.8886    31.9051  1025.2539    25.1982    420.759    408.424  313.84406    134.066    130.153     0.4458     2.3271     4.0734     0.5830       2336     1.6218         68 0.0000e+00
     12.881   56.44268 -166.55360     13.000     4.9231     4.9232     4.9222    31.8919    31.9092  1025.2807    25.2202    422.536    410.190  315.17749    134.063    130.163     0.8095     4.5090     3.8298     0.8367       2403     1.6677         74 0.0000e+00
     13.872   56.44268 -166.55360     14.000     4.8171     4.8173     4.8161    31.9007    31.9142  1025.3038    25.2387    414.673    402.061  315.95407    131.244    127.266     3.2134    18.9324     2.8195     2.0359       2493     1.7309         75 0.0000e+00
     14.862   56.44268 -166.55360     15.000     4.7810     4.7791     4.7800    31.9107    31.9283  1025.3202    25.2504    412.647    400.110  316.20366    130.501    126.546     3.9310    23.2381     2.8170     2.0592       2542     1.7646         41 0.0000e+00
     15.853   56.44268 -166.55360     16.000     4.5754     4.5726     4.5743    31.9140    31.9335  1025.3490    25.2745    410.493    400.291  317.75825    129.185    125.984     3.5975    21.2369     2.9634     1.8592       2584     1.7935         46 0.0000e+00
     16.844   56.44268 -166.55360     17.000     4.4093     4.4112     4.4082    31.9177    31.9344  1025.3738    25.2945    396.447    387.088  319.02041    124.273    121.360     3.4462    20.3293     2.9808     1.8332       2640     1.8326         64 0.0000e+00
     17.835   56.44268 -166.55360     18.000     4.3149     4.3163     4.3137    31.9216    31.9376  1025.3911    25.3072    365.868    356.574  319.73799    114.427    111.538     3.5841    21.1566     3.1453     1.6176       2705     1.8777         58 0.0000e+00
     18.826   56.44268 -166.55360     19.000     4.2331     4.2314     4.2318    31.9294    31.9461  1025.4102    25.3215    357.113    347.884  320.35160    111.475    108.604     2.7219    15.9835     3.4198     1.2844       2753     1.9113         45 0.0000e+00
     19.816   56.44268 -166.55360     20.000     4.1776     4.1763     4.1763    31.9307    31.9462  1025.4214    25.3280    353.671    343.380  320.77793    110.254    107.055     2.0256    11.8055     3.6362     1.0374       2796     1.9412         43 0.0000e+00
     20.807   56.44268 -166.55360     21.000     4.1692     4.1689     4.1678    31.9315    31.9463  1025.4276    25.3295    347.331    336.483  320.84134    108.256    104.886     1.7681    10.2604     3.7271     0.9392       2842     1.9726         46 0.0000e+00
     21.798   56.44268 -166.55360     22.000     4.1211     4.1202     4.1197    31.9279    31.9436  1025.4342    25.3314    340.511    330.341  321.22402    106.004    102.848     1.7463    10.1298     3.8611     0.7974       2891     2.0068         50 0.0000e+00
     22.789   56.44268 -166.55360     23.000     4.0927     4.0928     4.0912    31.9262    31.9408  1025.4402    25.3328    337.907    328.068  321.44959    105.120    102.071     1.2879     7.3789     3.9446     0.7115       2944     2.0441         52 0.0000e+00
     23.779   56.44268 -166.55360     24.000     4.0743     4.0737     4.0728    31.9255    31.9398  1025.4462    25.3341    337.909    327.396  321.59419    105.073    101.814     1.2484     7.1423     3.9883     0.6673       2989     2.0752         39 0.0000e+00
     24.770   56.44268 -166.55360     25.000     4.0646     4.0640     4.0630    31.9261    31.9401  1025.4523    25.3355    337.928    327.836  321.66851    105.055    101.927     0.9076     5.0977     4.0328     0.6231       3029     2.1031         43 0.0000e+00
     25.761   56.44268 -166.55360     26.000     4.0580     4.0584     4.0563    31.9264    31.9400  1025.4579    25.3364    336.610    326.194  321.71930    104.628    101.402     0.8771     4.9146     4.0260     0.6299       3083     2.1402         58 0.0000e+00
     26.752   56.44268 -166.55360     27.000     4.0624     4.0620     4.0607    31.9315    31.9444  1025.4661    25.3400    335.831    323.899  321.67255    104.401    100.701     0.9108     5.1166     4.0621     0.5942       3134     2.1754         41 0.0000e+00
     27.742   56.44268 -166.55360     28.000     4.0435     4.0429     4.0417    31.9332    31.9472  1025.4740    25.3432    336.006    324.894  321.81624    104.409    100.966     0.7542     4.1769     4.1087     0.5484       3173     2.2031         40 0.0000e+00
     28.733   56.44268 -166.55360     29.000     4.0439     4.0438     4.0420    31.9362    31.9491  1025.4810    25.3456    334.394    323.205  321.80553    103.912    100.444     0.7702     4.2732     4.1402     0.5179       3221     2.2358         50 0.0000e+00
     29.724   56.44268 -166.55360     30.000     4.0653     4.0662     4.0634    31.9428    31.9544  1025.4888    25.3487    333.652    321.827  321.62270    103.740    100.075     0.7085     3.9033     4.1947     0.4656       3267     2.2678         41 0.0000e+00
     30.714   56.44268 -166.55360     31.000     4.0932     4.0936     4.0912    31.9482    31.9604  1025.4951    25.3503    333.593    321.542  321.39190    103.796    100.057     0.5730     3.0899     4.2280     0.4339       3307     2.2956         43 0.0000e+00
     31.705   56.44268 -166.55360     32.000     4.0913     4.0935     4.0892    31.9492    31.9617  1025.5007    25.3513    333.142    322.920  321.40487    103.652    100.486     0.6240     3.3958     4.2003     0.4602       3357     2.3308         52 0.0000e+00
     32.696   56.44268 -166.55360     33.000     4.0882     4.0878     4.0860    31.9489    31.9629  1025.5055    25.3514    334.939    324.560  321.42959    104.203    100.983     0.5748     3.1005     4.2181     0.4432       3405     2.3637         44 0.0000e+00
     33.687   56.44269 -166.55360     34.000     4.0315     4.0314     4.0293    31.9507    31.9643  1025.5172    25.3583    336.164    325.172  321.86713    104.442    101.037     0.5560     2.9880     4.2349     0.4273       3447     2.3930         43 0.0000e+00
     34.677   56.44270 -166.55360     35.000     4.0197     4.0198     4.0174    31.9528    31.9659  1025.5246    25.3611    334.443    323.991  321.95457    103.879    100.643     0.5375     2.8771     4.2629     0.4010       3496     2.4269         49 0.0000e+00
     35.668   56.44269 -166.55359     36.000     3.9999     3.9999     3.9976    31.9541    31.9673  1025.5323    25.3641    332.958    323.387  322.10592    103.369    100.408     0.4047     2.0802     4.2552     0.4083       3539     2.4570         38 0.0000e+00
     36.659   56.44268 -166.55358     37.000     3.9839     3.9839     3.9815    31.9536    31.9669  1025.5381    25.3652    332.172    322.402  322.23222    103.085    100.063     0.3566     1.7915     4.2789     0.3860       3575     2.4817         38 0.0000e+00
     37.649   56.44269 -166.55360     38.000     3.9691     3.9702     3.9666    31.9542    31.9669  1025.5447    25.3671    329.849    319.399  322.34699    102.327     99.098     0.4469     2.3334     4.2996     0.3667       3624     2.5162         64 0.0000e+00
     38.640   56.44270 -166.55358     39.000     3.9466     3.9481     3.9442    31.9541    31.9672  1025.5515    25.3692    326.605    316.756  322.52278    101.266     98.225     0.4333     2.2517     4.2787     0.3862       3686     2.5593         50 0.0000e+00
     39.631   56.44270 -166.55358     40.000     3.9092     3.9076     3.9067    31.9533    31.9678  1025.5592    25.3722    326.487    315.959  322.81795    101.137     97.882     0.4125     2.1272     4.3127     0.3545       3728     2.5881         38 0.0000e+00
     40.621   56.44270 -166.55358     41.000     3.8775     3.8773     3.8749    31.9524    31.9660  1025.5662    25.3745    325.673    316.368  323.06919    100.806     97.935     0.4124     2.1265     4.3062     0.3606       3764     2.6135         38 0.0000e+00
     41.612   56.44270 -166.55358     42.000     3.8507     3.8503     3.8481    31.9511    31.9650  1025.5724    25.3760    324.836    315.044  323.28307    100.480     97.461     0.3404     1.6946     4.3263     0.3419       3802     2.6398         36 0.0000e+00
     42.603   56.44270 -166.55358     43.000     3.9125     3.9103     3.9098    31.9666    31.9760  1025.5834    25.3824    323.360    312.499  322.76039    100.186     96.822     0.3718     1.8830     4.3083     0.3586       3845     2.6695         52 0.0000e+00
     43.593   56.44270 -166.55358     44.000     4.0112     4.0091     4.0083    31.9785    31.9895  1025.5879    25.3824    326.168    314.694  321.95858    101.308     97.747     0.4462     2.3289     4.2530     0.4103       3916     2.7188         76 0.0000e+00
     44.584   56.44270 -166.55358     45.000     4.0350     4.0341     4.0321    31.9847    31.9961  1025.5952    25.3851    332.167    321.622  321.75762    103.235     99.964     0.4356     2.2657     4.2625     0.4014       3968     2.7550         37 0.0000e+00
     45.575   56.44270 -166.55358     46.000     3.9851     3.9872     3.9821    31.9808    31.9948  1025.6017    25.3868    334.721    324.573  322.15680    103.900    100.766     0.4244     2.1982     4.2527     0.4106       4007     2.7816         44 0.0000e+00
     46.565   56.44270 -166.55358     47.000     3.9220     3.9215     3.9190    31.9798    31.9920  1025.6117    25.3921    332.800    323.266  322.65313    103.145    100.198     0.4178     2.1591     4.2874     0.3781       4090     2.8395        109 0.0000e+00
     47.556   56.44270 -166.55358     48.000     3.9003     3.9011     3.8973    31.9786    31.9911  1025.6175    25.3932    328.380    318.440  322.82661    101.720     98.652     0.3793     1.9276     4.2951     0.3709       4187     2.9071         86 0.0000e+00
     48.546   56.44270 -166.55358     49.000     3.7215     3.7238     3.7185    31.9651    31.9800  1025.6286    25.3993    327.720    318.776  324.26922    101.065     98.323     0.3794     1.9286     4.3569     0.3138       4264     2.9601         66 0.0000e+00
     49.537   56.44270 -166.55358     50.000     3.6552     3.6624     3.6522    31.9628    31.9746  1025.6377    25.4037    315.454    305.233  324.79908     97.121     93.999     0.3730     1.8901     4.3774     0.2950       4407     3.0600        167 0.0000e+00
     50.528   56.44270 -166.55356     51.000     3.6753     3.6743     3.6722    31.9673    31.9784  1025.6441    25.4054    314.927    305.049  324.62922     97.012     93.974     0.2520     1.1642     4.3883     0.2850       5384     3.7379        879 0.0000e+00
     51.518   56.44270 -166.55356     52.000     3.7537     3.7462     3.7505    31.9799    31.9893  1025.6513    25.4081    315.281    306.093  323.97801     97.316     94.469     0.2188     0.9648     4.3848     0.2883       5769     4.0056         55 0.0000e+00
     52.509   56.44270 -166.55356     53.000     3.7285     3.7297     3.7252    31.9812    31.9931  1025.6595    25.4115    315.352    305.804  324.17432     97.278     94.345     0.2031     0.8709     4.4112     0.2641       5787     4.0183         41 0.0000e+00
     53.499   56.44270 -166.55356     54.000     3.7077     3.7075     3.7043    31.9830    31.9950  1025.6675    25.4149    314.866    306.040  324.33453     97.081     94.367     0.2333     1.0518     4.4095     0.2658       5835     4.0517         62 0.0000e+00
     54.490   56.44270 -166.55355     55.000     3.7047     3.7057     3.7013    31.9871    31.9986  1025.6758    25.4185    315.002    305.633  324.34801     97.119     94.240     0.2290     1.0261     4.4295     0.2476       5918     4.1089         75 0.0000e+00
     55.481   56.44271 -166.55354     56.000     3.6840     3.6940     3.6805    31.9881    32.0005  1025.6832    25.4211    313.646    304.421  324.50962     96.652     93.841     0.2275     1.0167     4.4051     0.2696       5968     4.1438         36 0.0000e+00
     56.471   56.44272 -166.55354     57.000     3.6659     3.6682     3.6624    31.9866    31.9992  1025.6884    25.4217    313.105    303.065  324.65652     96.442     93.364     0.2257     1.0062     4.4197     0.2564       6000     4.1662         32 0.0000e+00
     57.462   56.44272 -166.55354     58.000     3.6465     3.6459     3.6430    31.9888    32.0007  1025.6966    25.4252    313.151    302.479  324.80479     96.412     93.133     0.1992     0.8474     4.4164     0.2594       6035     4.1900         36 0.0000e+00
     58.453   56.44272 -166.55354     59.000     3.6524     3.6515     3.6488    31.9920    32.0032  1025.7033    25.4272    314.564    303.743  324.75000     96.863     93.537     0.2017     0.8619     4.4138     0.2618       6077     4.2192         47 0.0000e+00
     59.443   56.44272 -166.55354     60.000     3.6490     3.6489     3.6453    31.9954    32.0072  1025.7110    25.4302    316.338    306.762  324.76905     97.404     94.464     0.2230     0.9902     4.4246     0.2520       6134     4.2588         70 0.0000e+00
     60.434   56.44272 -166.55354     61.000     3.6386     3.6387     3.6349    32.0020    32.0136  1025.7219    25.4364    315.645    307.572  324.83506     97.171     94.694     0.2197     0.9705     4.4330     0.2444       6196     4.3024         46 0.0000e+00
