merge_samples_with_btl/SKQ202309T/ctd/skq202309t_001svp.cnv
* Sea-Bird SBE 9 Data File:
* FileName = D:\CTD\SKQ202309T\SKQ202309T_001.hex
* Software Version Seasave V 7.26.7.121
* Temperature SN = 6177
* Conductivity SN = 0369
* Number of Bytes Per Scan = 38
* Number of Voltage Words = 3
* Number of Scans Averaged by the Deck Unit = 1
* NMEA Latitude = 59 50.67 N
* NMEA Longitude = 149 28.05 W
* NMEA UTC (Time) = Jun 06 2023  18:49:21
* NMEA baud rate = 4800
** Ship: R/V Sikuliaq
** Station Number: 001
** Station Name: GAK1
** Bottom Depth: 272
** Operator: AP
# nquan = 7
# nvalues = 15748                                 
# units = specified
# name 0 = depSM: Depth [salt water, m]
# name 1 = latitude: Latitude [deg]
# name 2 = longitude: Longitude [deg]
# name 3 = t090C: Temperature [ITS-90, deg C]
# name 4 = sal00: Salinity, Practical [PSU]
# name 5 = svCM: Sound Velocity [Chen-Millero, m/s]
# name 6 = flag:  0.000e+00
# span 0 =      0.794,    259.781                 
# span 1 =   59.84412,   59.84444                 
# span 2 = -149.46844, -149.46794                 
# span 3 =     4.8622,     8.6935                 
# span 4 =    29.9272,    33.1993                 
# span 5 =    1467.14,    1478.85                 
# span 6 = 0.0000e+00, 0.0000e+00                 
# interval = seconds: 0.0416667
# start_time = Jun 06 2023 18:55:03 [NMEA time, first data scan]
# bad_flag = -9.990e-29
*END*
[from data line 9642]
    216.011   59.84440 -149.46798     5.6948    32.8903    1474.43  0.000e+00
    216.066   59.84440 -149.46798     5.6967    32.8921    1474.44  0.000e+00
    216.066   59.84440 -149.46798     5.6986    32.8938    1474.45  0.000e+00
    216.073   59.84440 -149.46798     5.7004    32.8950    1474.46  0.000e+00
    216.120   59.84440 -149.46798     5.7027    32.8974    1474.47  0.000e+00
    216.127   59.84440 -149.46798     5.7044    32.8992    1474.48  0.000e+00
    216.182   59.84440 -149.46798     5.7059    32.9002    1474.49  0.000e+00
    216.189   59.84440 -149.46798     5.7069    32.9011    1474.50  0.000e+00
    216.236   59.84440 -149.46798     5.7081    32.9026    1474.50  0.000e+00
    216.244   59.84440 -149.46798     5.7099    32.9037    1474.51  0.000e+00
    216.236   59.84440 -149.46798     5.7113    32.9049    1474.52  0.000e+00
    216.298   59.84440 -149.46798     5.7129    32.9048    1474.53  0.000e+00
    216.298   59.84440 -149.46798     5.7136    32.9055    1474.53  0.000e+00
    216.352   59.84440 -149.46798     5.7140    32.9067    1474.53  0.000e+00
    216.360   59.84440 -149.46798     5.7147    32.9084    1474.54  0.000e+00
    216.352   59.84440 -149.46798     5.7155    32.9087    1474.54  0.000e+00
    216.414   59.84440 -149.46798     5.7156    32.9100    1474.55  0.000e+00
    216.406   59.84440 -149.46798     5.7159    32.9105    1474.55  0.000e+00
    216.414   59.84440 -149.46798     5.7162    32.9108    1474.55  0.000e+00
    216.468   59.84440 -149.46798     5.7166    32.9106    1474.55  0.000e+00
    216.522   59.84440 -149.46798     5.7165    32.9105    1474.55  0.000e+00
    216.476   59.84440 -149.46798     5.7166    32.9111    1474.55  0.000e+00
    216.522   59.84440 -149.46798     5.7169    32.9114    1474.55  0.000e+00
    216.530   59.84440 -149.46798     5.7169    32.9119    1474.56  0.000e+00
    216.584   59.84440 -149.46798     5.7172    32.9123    1474.56  0.000e+00
    216.530   59.84440 -149.46798     5.7175    32.9131    1474.56  0.000e+00
    216.584   59.84440 -149.46798     5.7179    32.9130    1474.56  0.000e+00
    216.646   59.84440 -149.46798     5.7183    32.9123    1474.56  0.000e+00
    216.584   59.84440 -149.46798     5.7185    32.9128    1474.56  0.000e+00
    216.700   59.84440 -149.46798     5.7192    32.9132    1474.57  0.000e+00
    216.646   59.84440 -149.46798     5.7196    32.9135    1474.57  0.000e+00
    216.700   59.84440 -149.46798     5.7198    32.9138    1474.57  0.000e+00
    216.646   59.84440 -149.46798     5.7201    32.9140    1474.57  0.000e+00
    216.700   59.84440 -149.46798     5.7201    32.9146    1474.57  0.000e+00
    216.762   59.84440 -149.46798     5.7206    32.9143    1474.58  0.000e+00
    216.755   59.84440 -149.46798     5.7208    32.9150    1474.58  0.000e+00
    216.708   59.84440 -149.46798     5.7209    32.9154    1474.58  0.000e+00
    216.817   59.84440 -149.46798     5.7211    32.9153    1474.58  0.000e+00
    216.817   59.84440 -149.46798     5.7211    32.9155    1474.58  0.000e+00
    216.817   59.84440 -149.46800     5.7212    32.9161    1474.58  0.000e+00
    216.817   59.84440 -149.46800     5.7214    32.9162    1474.58  0.000e+00
    216.817   59.84440 -149.46800     5.7214    32.9168    1474.58  0.000e+00
    216.871   59.84440 -149.46800     5.7215    32.9177    1474.59  0.000e+00
    216.879   59.84440 -149.46800     5.7215    32.9184    1474.59  0.000e+00
    216.871   59.84440 -149.46800     5.7217    32.9188    1474.59  0.000e+00
    216.925   59.84440 -149.46800     5.7217    32.9187    1474.59  0.000e+00
    216.933   59.84440 -149.46800     5.7218    32.9185    1474.59  0.000e+00
    216.925   59.84440 -149.46800     5.7220    32.9176    1474.59  0.000e+00
    216.995   59.84440 -149.46800     5.7208    32.9158    1474.58  0.000e+00
    216.987   59.84440 -149.46800     5.7177    32.9138    1474.57  0.000e+00
    216.995   59.84440 -149.46800     5.7159    32.9124    1474.56  0.000e+00
    216.987   59.84440 -149.46800     5.7148    32.9140    1474.56  0.000e+00
    217.041   59.84440 -149.46800     5.7166    32.9163    1474.57  0.000e+00
    217.049   59.84440 -149.46800     5.7188    32.9182    1474.58  0.000e+00
    217.103   59.84440 -149.46800     5.7201    32.9193    1474.59  0.000e+00
    217.049   59.84440 -149.46800     5.7212    32.9200    1474.59  0.000e+00
    217.103   59.84440 -149.46800     5.7218    32.9196    1474.59  0.000e+00
    217.165   59.84440 -149.46800     5.7220    32.9206    1474.60  0.000e+00
    217.157   59.84440 -149.46800     5.7228    32.9208    1474.60  0.000e+00
    217.157   59.84440 -149.46800     5.7235    32.9216    1474.60  0.000e+00
    217.165   59.84440 -149.46800     5.7236    32.9227    1474.61  0.000e+00
    217.219   59.84440 -149.46800     5.7241    32.9227    1474.61  0.000e+00
    217.165   59.84440 -149.46800     5.7241    32.9230    1474.61  0.000e+00
    217.273   59.84440 -149.46800     5.7246    32.9233    1474.61  0.000e+00
    217.227   59.84440 -149.46800     5.7246    32.9233    1474.61  0.000e+00
    217.273   59.84440 -149.46800     5.7248    32.9225    1474.61  0.000e+00
    217.335   59.84440 -149.46800     5.7246    32.9223    1474.61  0.000e+00
    217.343   59.84440 -149.46800     5.7249    32.9224    1474.61  0.000e+00
    217.335   59.84440 -149.46800     5.7248    32.9229    1474.61  0.000e+00
    217.343   59.84440 -149.46800     5.7249    32.9230    1474.61  0.000e+00
    217.390   59.84440 -149.46800     5.7249    32.9246    1474.62  0.000e+00
    217.397   59.84440 -149.46800     5.7254    32.9248    1474.62  0.000e+00
    217.452   59.84440 -149.46800     5.7255    32.9258    1474.62  0.000e+00
    217.452   59.84440 -149.46800     5.7263    32.9255    1474.63  0.000e+00
    217.452   59.84440 -149.46800     5.7267    32.9271    1474.63  0.000e+00
    217.506   59.84440 -149.46800     5.7268    32.9279    1474.63  0.000e+00
    217.513   59.84440 -149.46800     5.7273    32.9287    1474.63  0.000e+00
    217.560   59.84440 -149.46800     5.7278    32.9285    1474.64  0.000e+00
    217.513   59.84440 -149.46800     5.7278    32.9290    1474.64  0.000e+00
    217.622   59.84440 -149.46800     5.7278    32.9295    1474.64  0.000e+00
    217.622   59.84440 -149.46800     5.7276    32.9304    1474.64  0.000e+00
    217.630   59.84440 -149.46800     5.7279    32.9306    1474.64  0.000e+00
    217.622   59.84440 -149.46800     5.7284    32.9313    1474.64  0.000e+00
    217.684   59.84440 -149.46800     5.7284    32.9315    1474.65  0.000e+00
    217.676   59.84440 -149.46800     5.7287    32.9319    1474.65  0.000e+00
    217.738   59.84440 -149.46800     5.7291    32.9324    1474.65  0.000e+00
    217.746   59.84440 -149.46800     5.7297    32.9333    1474.65  0.000e+00
    217.792   59.84440 -149.46800     5.7307    32.9345    1474.66  0.000e+00
    217.746   59.84440 -149.46800     5.7310    32.9349    1474.66  0.000e+00
    217.854   59.84440 -149.46800     5.7313    32.9349    1474.66  0.000e+00
    217.800   59.84440 -149.46800     5.7314    32.9357    1474.66  0.000e+00
    217.854   59.84440 -149.46800     5.7318    32.9359    1474.67  0.000e+00
    217.908   59.84440 -149.46800     5.7319    32.9367    1474.67  0.000e+00
    217.916   59.84440 -149.46800     5.7327    32.9386    1474.68  0.000e+00
    217.908   59.84440 -149.46800     5.7345    32.9405    1474.68  0.000e+00
    217.978   59.84440 -149.46800     5.7361    32.9418    1474.69  0.000e+00
    217.970   59.84440 -149.46800     5.7364    32.9426    1474.70  0.000e+00
    217.970   59.84440 -149.46800     5.7374    32.9426    1474.70  0.000e+00
    218.032   59.84440 -149.46800     5.7380    32.9433    1474.70  0.000e+00
    218.079   59.84440 -149.46800     5.7387    32.9448    1474.71  0.000e+00
    218.032   59.84440 -149.46800     5.7399    32.9452    1474.71  0.000e+00
    218.079   59.84440 -149.46800     5.7397    32.9452    1474.71  0.000e+00
    218.141   59.84440 -149.46800     5.7391    32.9452    1474.71  0.000e+00
    218.148   59.84440 -149.46800     5.7391    32.9458    1474.71  0.000e+00
    218.141   59.84440 -149.46800     5.7397    32.9473    1474.72  0.000e+00
    218.202   59.84440 -149.46800     5.7410    32.9478    1474.73  0.000e+00
    218.195   59.84440 -149.46800     5.7415    32.9486    1474.73  0.000e+00
    218.202   59.84440 -149.46800     5.7415    32.9491    1474.73  0.000e+00
    218.257   59.84440 -149.46800     5.7415    32.9495    1474.73  0.000e+00
    218.257   59.84440 -149.46800     5.7424    32.9505    1474.74  0.000e+00
    218.319   59.84440 -149.46800     5.7431    32.9513    1474.74  0.000e+00
    218.311   59.84440 -149.46800     5.7434    32.9519    1474.74  0.000e+00
    218.319   59.84440 -149.46800     5.7434    32.9519    1474.74  0.000e+00
    218.311   59.84440 -149.46800     5.7434    32.9515    1474.74  0.000e+00
    218.373   59.84440 -149.46800     5.7439    32.9518    1474.74  0.000e+00
    218.381   59.84440 -149.46800     5.7442    32.9527    1474.75  0.000e+00
    218.427   59.84440 -149.46800     5.7442    32.9534    1474.75  0.000e+00
    218.435   59.84440 -149.46800     5.7449    32.9528    1474.75  0.000e+00
    218.427   59.84440 -149.46800     5.7449    32.9536    1474.75  0.000e+00
    218.489   59.84440 -149.46800     5.7453    32.9533    1474.75  0.000e+00
    218.497   59.84440 -149.46800     5.7454    32.9537    1474.76  0.000e+00
    218.489   59.84440 -149.46800     5.7457    32.9532    1474.76  0.000e+00
    218.497   59.84440 -149.46800     5.7457    32.9532    1474.76  0.000e+00
    218.543   59.84440 -149.46800     5.7458    32.9529    1474.76  0.000e+00
    218.543   59.84440 -149.46800     5.7452    32.9531    1474.75  0.000e+00
    218.605   59.84440 -149.46800     5.7454    32.9522    1474.75  0.000e+00
    218.543   59.84440 -149.46800     5.7452    32.9525    1474.75  0.000e+00
    218.605   59.84440 -149.46800     5.7454    32.9530    1474.76  0.000e+00
    218.597   59.84440 -149.46800     5.7457    32.9534    1474.76  0.000e+00
    218.659   59.84440 -149.46800     5.7458    32.9538    1474.76  0.000e+00
    218.667   59.84440 -149.46800     5.7458    32.9536    1474.76  0.000e+00
    218.659   59.84440 -149.46800     5.7461    32.9527    1474.76  0.000e+00
    218.721   59.84440 -149.46800     5.7461    32.9523    1474.76  0.000e+00
    218.659   59.84440 -149.46800     5.7463    32.9518    1474.76  0.000e+00
    218.775   59.84440 -149.46800     5.7465    32.9525    1474.76  0.000e+00
    218.721   59.84440 -149.46800     5.7471    32.9526    1474.76  0.000e+00
    218.714   59.84440 -149.46800     5.7474    32.9528    1474.77  0.000e+00
    218.783   59.84440 -149.46800     5.7476    32.9525    1474.77  0.000e+00
    218.775   59.84440 -149.46800     5.7476    32.9522    1474.77  0.000e+00
    218.830   59.84440 -149.46800     5.7474    32.9523    1474.77  0.000e+00
    218.783   59.84440 -149.46800     5.7473    32.9527    1474.77  0.000e+00
    218.830   59.84440 -149.46800     5.7471    32.9531    1474.77  0.000e+00
    218.837   59.84440 -149.46800     5.7471    32.9528    1474.77  0.000e+00
    218.830   59.84440 -149.46800     5.7471    32.9530    1474.77  0.000e+00
    218.892   59.84440 -149.46800     5.7473    32.9536    1474.77  0.000e+00
    218.899   59.84440 -149.46800     5.7473    32.9538    1474.77  0.000e+00
    218.892   59.84440 -149.46800     5.7474    32.9539    1474.77  0.000e+00
    218.946   59.84440 -149.46800     5.7474    32.9541    1474.77  0.000e+00
    218.899   59.84440 -149.46800     5.7474    32.9543    1474.77  0.000e+00
    218.946   59.84440 -149.46800     5.7473    32.9546    1474.77  0.000e+00
    218.954   59.84440 -149.46800     5.7474    32.9550    1474.77  0.000e+00
    218.946   59.84440 -149.46800     5.7474    32.9544    1474.77  0.000e+00
    219.008   59.84440 -149.46800     5.7473    32.9546    1474.77  0.000e+00
    218.954   59.84440 -149.46800     5.7476    32.9553    1474.77  0.000e+00
    219.062   59.84440 -149.46800     5.7481    32.9556    1474.78  0.000e+00
    219.016   59.84440 -149.46800     5.7484    32.9558    1474.78  0.000e+00
    219.062   59.84440 -149.46800     5.7485    32.9559    1474.78  0.000e+00
    219.062   59.84440 -149.46800     5.7485    32.9557    1474.78  0.000e+00
    219.070   59.84440 -149.46800     5.7487    32.9555    1474.78  0.000e+00
    219.062   59.84440 -149.46800     5.7489    32.9558    1474.78  0.000e+00
    219.132   59.84440 -149.46800     5.7487    32.9563    1474.78  0.000e+00
    219.116   59.84440 -149.46800     5.7490    32.9559    1474.78  0.000e+00
    219.116   59.84440 -149.46800     5.7484    32.9555    1474.78  0.000e+00
    219.186   59.84440 -149.46800     5.7482    32.9549    1474.78  0.000e+00
    219.178   59.84440 -149.46800     5.7484    32.9540    1474.78  0.000e+00
    219.178   59.84440 -149.46800     5.7487    32.9532    1474.78  0.000e+00
    219.186   59.84440 -149.46800     5.7487    32.9543    1474.78  0.000e+00
    219.232   59.84440 -149.46800     5.7485    32.9549    1474.78  0.000e+00
    219.240   59.84440 -149.46800     5.7485    32.9550    1474.78  0.000e+00
    219.232   59.84440 -149.46800     5.7484    32.9556    1474.78  0.000e+00
    219.294   59.84440 -149.46800     5.7485    32.9563    1474.78  0.000e+00
    219.240   59.84440 -149.46800     5.7484    32.9564    1474.78  0.000e+00
    219.348   59.84440 -149.46800     5.7485    32.9567    1474.79  0.000e+00
    219.302   59.84440 -149.46800     5.7487    32.9571    1474.79  0.000e+00
    219.348   59.84440 -149.46800     5.7487    32.9573    1474.79  0.000e+00
    219.348   59.84440 -149.46800     5.7488    32.9579    1474.79  0.000e+00
    219.418   59.84440 -149.46800     5.7490    32.9580    1474.79  0.000e+00
    219.410   59.84440 -149.46800     5.7489    32.9585    1474.79  0.000e+00
    219.410   59.84440 -149.46800     5.7492    32.9577    1474.79  0.000e+00
    219.418   59.84440 -149.46800     5.7493    32.9580    1474.79  0.000e+00
    219.465   59.84440 -149.46800     5.7497    32.9578    1474.79  0.000e+00
    219.472   59.84440 -149.46800     5.7493    32.9588    1474.79  0.000e+00
    219.527   59.84440 -149.46800     5.7493    32.9588    1474.79  0.000e+00
    219.527   59.84440 -149.46800     5.7493    32.9590    1474.79  0.000e+00
    219.534   59.84440 -149.46800     5.7492    32.9591    1474.79  0.000e+00
    219.581   59.84440 -149.46800     5.7493    32.9590    1474.80  0.000e+00
    219.588   59.84440 -149.46800     5.7493    32.9592    1474.80  0.000e+00
    219.581   59.84440 -149.46800     5.7493    32.9598    1474.80  0.000e+00
    219.635   59.84440 -149.46800     5.7495    32.9596    1474.80  0.000e+00
    219.650   59.84440 -149.46800     5.7497    32.9601    1474.80  0.000e+00
    219.697   59.84440 -149.46800     5.7500    32.9600    1474.80  0.000e+00
    219.697   59.84440 -149.46800     5.7501    32.9599    1474.80  0.000e+00
    219.705   59.84440 -149.46800     5.7501    32.9605    1474.80  0.000e+00
    219.751   59.84440 -149.46800     5.7501    32.9609    1474.80  0.000e+00
    219.767   59.84440 -149.46800     5.7506    32.9601    1474.81  0.000e+00
    219.751   59.84440 -149.46800     5.7504    32.9608    1474.81  0.000e+00
    219.867   59.84440 -149.46800     5.7504    32.9605    1474.81  0.000e+00
    219.821   59.84440 -149.46800     5.7504    32.9606    1474.81  0.000e+00
    219.813   59.84440 -149.46800     5.7504    32.9611    1474.81  0.000e+00
    219.929   59.84440 -149.46800     5.7506    32.9608    1474.81  0.000e+00
    219.875   59.84440 -149.46800     5.7504    32.9607    1474.81  0.000e+00
    219.929   59.84440 -149.46800     5.7504    32.9608    1474.81  0.000e+00
    219.991   59.84440 -149.46800     5.7503    32.9610    1474.81  0.000e+00
    219.983   59.84440 -149.46800     5.7504    32.9609    1474.81  0.000e+00
