merge_samples_with_btl/SKQ202309T/ctd/skq202309t_004.cnv
* Sea-Bird SBE 9 Data File:
* FileName = D:\CTD\SKQ202309T\SKQ202309T_004.hex
* Software Version Seasave V 7.26.7.121
* Temperature SN = 6177
* Conductivity SN = 0369
* Number of Bytes Per Scan = 38
* Number of Voltage Words = 3
* Number of Scans Averaged by the Deck Unit = 1
* NMEA Latitude = 60 30.69 N
* NMEA Longitude = 168 26.21 W
* NMEA UTC (Time) = Jun 11 2023  07:16:30
* NMEA baud rate = 4800
** Ship: R/V Sikuliaq
** Station Number: 004
** Station Name: STN 006
** Bottom Depth: 35
** Operator: Emelia Chamberlain
# nquan = 23
# nvalues = 7467                                  
# units = specified
# name 0 = depSM: Depth [salt water, m]
# name 1 = latitude: Latitude [deg]
# name 2 = longitude: Longitude [deg]
# name 3 = prDM: Pressure, Digiquartz [db]
# name 4 = t090C: Temperature [ITS-90, deg C]
# name 5 = t190C: Temperature, 2 [ITS-90, deg C]
# name 6 = potemp090C: Potential Temperature [ITS-90, deg C]
# name 7 = sal00: Salinity, Practical [PSU]
# name 8 = sal11: Salinity, Practical, 2 [PSU]
# name 9 = density00: Density [density, kg/m^3]
# name 10 = sigma-é00: Density [sigma-theta, kg/m^3]
# name 11 = sbox0Mm/Kg: Oxygen, SBE 43 [umol/kg]
# name 12 = sbox1Mm/Kg: Oxygen, SBE 43, 2 [umol/kg]
# name 13 = oxsolMm/Kg: Oxygen Saturation, Garcia & Gordon [umol/kg]
# name 14 = sbeox0PS: Oxygen, SBE 43 [% saturation]
# name 15 = sbeox1PS: Oxygen, SBE 43, 2 [% saturation]
# name 16 = v0: Voltage 0
# name 17 = flECO-AFL: Fluorescence, WET Labs ECO-AFL/FL [mg/m^3]
# name 18 = v1: Voltage 1
# name 19 = CStarAt0: Beam Attenuation, WET Labs C-Star [1/m]
# name 20 = scan: Scan Count
# name 21 = timeM: Time, Elapsed [minutes]
# name 22 = flag:  0.000e+00
# span 0 =      1.697,     27.865                 
# span 1 =   60.51190,   60.51230                 
# span 2 = -168.43808, -168.43738                 
# span 3 =      1.713,     28.133                 
# span 4 =     0.7847,     1.8996                 
# span 5 =     0.7856,     1.8793                 
# span 6 =     0.7838,     1.8995                 
# span 7 =    29.8035,    29.9954                 
# span 8 =    29.7444,    30.0394                 
# span 9 =  1023.8536,  1024.1028                 
# span 10 =    23.8394,    24.0078                
# span 11 =    369.158,    383.801                
# span 12 =    359.803,    371.166                
# span 13 =  344.78664,  354.66799                
# span 14 =    105.378,    109.656                
# span 15 =    102.155,    105.800                
# span 16 =     0.1490,     0.3785                
# span 17 =     0.5458,     1.9231                
# span 18 =     3.6569,     4.2711                
# span 19 =     0.3933,     1.0145                
# span 20 =          1,       7467                
# span 21 =     0.0000,     5.1847                
# span 22 = 0.0000e+00, 0.0000e+00                
# interval = seconds: 0.0416667
# start_time = Jun 11 2023 07:21:43 [NMEA time, first data scan]
# bad_flag = -9.990e-29
*END*
[from data line 3024]
     21.121   60.51202 -168.43760     21.324     0.8075     0.8054     0.8068    29.9141    29.9258  1024.0692    23.9673    376.491    364.119  354.45558    106.217    102.730     0.2479     1.1392     3.9719     0.6839       3025     2.1000  0.000e+00
     21.082   60.51202 -168.43760     21.285     0.8074     0.8054     0.8067    29.9141    29.9260  1024.0691    23.9673    376.691    364.105  354.45716    106.273    102.726     0.2466     1.1319     3.9853     0.6703       3026     2.1007  0.000e+00
     21.121   60.51202 -168.43760     21.324     0.8068     0.8059     0.8060    29.9141    29.9259  1024.0692    23.9673    376.702    364.119  354.46285    106.274    102.731     0.2479     1.1392     3.9866     0.6691       3027     2.1014  0.000e+00
     21.082   60.51202 -168.43760     21.285     0.8063     0.8062     0.8055    29.9141    29.9259  1024.0691    23.9674    376.663    364.346  354.46726    106.262    102.796     0.2479     1.1392     3.9853     0.6703       3028     2.1021  0.000e+00
     21.121   60.51202 -168.43760     21.324     0.8060     0.8065     0.8053    29.9143    29.9259  1024.0695    23.9676    376.668    363.962  354.46924    106.262    102.689     0.2479     1.1392     3.9853     0.6703       3029     2.1028  0.000e+00
     21.144   60.51202 -168.43760     21.347     0.8060     0.8067     0.8053    29.9141    29.9265  1024.0694    23.9674    376.669    363.953  354.46993    106.263    102.687     0.2466     1.1319     3.9853     0.6703       3030     2.1035  0.000e+00
     21.183   60.51202 -168.43760     21.386     0.8063     0.8070     0.8055    29.9139    29.9262  1024.0695    23.9672    376.669    364.376  354.46773    106.263    102.807     0.2479     1.1392     3.9853     0.6703       3031     2.1042  0.000e+00
     21.121   60.51202 -168.43760     21.324     0.8063     0.8071     0.8055    29.9137    29.9261  1024.0690    23.9670    376.666    364.208  354.46851    106.262    102.760     0.2466     1.1319     3.9853     0.6703       3032     2.1049  0.000e+00
     21.144   60.51202 -168.43760     21.347     0.8060     0.8078     0.8053    29.9136    29.9261  1024.0690    23.9669    376.671    364.439  354.47135    106.263    102.827     0.2479     1.1392     3.9853     0.6703       3033     2.1056  0.000e+00
     21.183   60.51202 -168.43760     21.386     0.8056     0.8078     0.8049    29.9136    29.9261  1024.0693    23.9670    376.720    364.464  354.47424    106.276    102.834     0.2466     1.1319     3.9853     0.6703       3034     2.1063  0.000e+00
     21.144   60.51202 -168.43760     21.347     0.8058     0.8076     0.8051    29.9134    29.9262  1024.0689    23.9668    376.675    364.271  354.47331    106.263    102.779     0.2479     1.1392     3.9853     0.6703       3035     2.1069  0.000e+00
     21.183   60.51202 -168.43760     21.386     0.8055     0.8080     0.8048    29.9141    29.9258  1024.0696    23.9674    376.679    364.264  354.47445    106.264    102.778     0.2479     1.1392     3.9853     0.6703       3036     2.1076  0.000e+00
     21.198   60.51202 -168.43760     21.402     0.8054     0.8079     0.8047    29.9146    29.9257  1024.0701    23.9678    376.679    364.261  354.47422    106.264    102.776     0.2466     1.1319     3.9853     0.6703       3037     2.1083  0.000e+00
     21.121   60.51202 -168.43760     21.324     0.8056     0.8078     0.8049    29.9144    29.9260  1024.0696    23.9676    376.673    364.280  354.47218    106.263    102.782     0.2479     1.1392     3.9853     0.6703       3038     2.1090  0.000e+00
     21.252   60.51202 -168.43760     21.456     0.8056     0.8080     0.8049    29.9141    29.9257  1024.0700    23.9674    376.484    364.280  354.47292    106.209    102.782     0.2466     1.1319     3.9853     0.6703       3039     2.1097  0.000e+00
     21.183   60.51202 -168.43760     21.386     0.8054     0.8082     0.8047    29.9140    29.9251  1024.0695    23.9673    376.686    364.486  354.47583    106.266    102.840     0.2479     1.1392     3.9853     0.6703       3040     2.1104  0.000e+00
     21.198   60.51202 -168.43760     21.402     0.8052     0.8078     0.8045    29.9144    29.9254  1024.0699    23.9676    376.691    364.298  354.47629    106.267    102.786     0.2466     1.1319     3.9853     0.6703       3041     2.1111  0.000e+00
     21.237   60.51202 -168.43760     21.441     0.8052     0.8078     0.8045    29.9147    29.9254  1024.0704    23.9679    376.935    364.508  354.47537    106.336    102.846     0.2479     1.1392     3.9853     0.6703       3042     2.1118  0.000e+00
     21.183   60.51202 -168.43760     21.386     0.8052     0.8078     0.8045    29.9144    29.9252  1024.0699    23.9676    376.737    364.312  354.47627    106.280    102.790     0.2466     1.1319     3.9853     0.6703       3043     2.1125  0.000e+00
     21.252   60.51202 -168.43760     21.456     0.8052     0.8074     0.8045    29.9136    29.9256  1024.0696    23.9670    376.745    364.311  354.47833    106.281    102.789     0.2491     1.1465     3.9853     0.6703       3044     2.1132  0.000e+00
     21.237   60.51202 -168.43760     21.441     0.8054     0.8074     0.8047    29.9147    29.9252  1024.0704    23.9679    376.741    364.091  354.47395    106.282    102.727     0.2552     1.1831     3.9890     0.6667       3045     2.1139  0.000e+00
     21.198   60.51202 -168.43760     21.402     0.8054     0.8076     0.8047    29.9149    29.9256  1024.0704    23.9681    376.740    364.481  354.47324    106.282    102.838     0.2564     1.1905     3.9927     0.6630       3046     2.1146  0.000e+00
     21.291   60.51202 -168.43760     21.495     0.8055     0.8074     0.8048    29.9151    29.9257  1024.0710    23.9682    376.744    364.322  354.47167    106.283    102.793     0.2564     1.1905     3.9939     0.6618       3047     2.1153  0.000e+00
     21.252   60.51202 -168.43760     21.457     0.8058     0.8074     0.8051    29.9153    29.9257  1024.0710    23.9684    376.740    364.100  354.46802    106.283    102.730     0.2552     1.1831     3.9927     0.6630       3048     2.1160  0.000e+00
     21.237   60.51202 -168.43760     21.441     0.8063     0.8078     0.8055    29.9157    29.9259  1024.0711    23.9686    376.735    364.492  354.46302    106.283    102.842     0.2564     1.1905     3.9927     0.6630       3049     2.1167  0.000e+00
     21.252   60.51202 -168.43760     21.457     0.8066     0.8078     0.8059    29.9149    29.9258  1024.0706    23.9680    376.735    364.115  354.46195    106.284    102.735     0.2552     1.1831     3.9927     0.6630       3050     2.1174  0.000e+00
     21.291   60.51202 -168.43760     21.495     0.8064     0.8074     0.8057    29.9145    29.9257  1024.0704    23.9677    376.786    364.304  354.46473    106.297    102.787     0.2564     1.1905     3.9927     0.6630       3051     2.1181  0.000e+00
     21.291   60.51202 -168.43760     21.495     0.8069     0.8073     0.8062    29.9142    29.9256  1024.0702    23.9674    376.785    364.303  354.46081    106.298    102.787     0.2552     1.1831     3.9927     0.6630       3052     2.1187  0.000e+00
     21.314   60.51202 -168.43760     21.519     0.8066     0.8068     0.8059    29.9149    29.9255  1024.0709    23.9680    376.791    363.849  354.46204    106.299    102.657     0.2564     1.1905     3.9927     0.6630       3053     2.1194  0.000e+00
     21.291   60.51202 -168.43760     21.496     0.8069     0.8070     0.8062    29.9144    29.9254  1024.0704    23.9676    376.791    364.189  354.46026    106.300    102.754     0.2552     1.1831     3.9927     0.6630       3054     2.1201  0.000e+00
     21.314   60.51202 -168.43760     21.519     0.8069     0.8068     0.8062    29.9144    29.9256  1024.0704    23.9676    376.796    364.217  354.46040    106.301    102.761     0.2564     1.1905     3.9927     0.6630       3055     2.1208  0.000e+00
     21.291   60.51202 -168.43760     21.496     0.8070     0.8070     0.8063    29.9145    29.9257  1024.0704    23.9676    376.797    363.997  354.45910    106.302    102.700     0.2564     1.1905     3.9927     0.6630       3056     2.1215  0.000e+00
     21.314   60.51202 -168.43760     21.519     0.8070     0.8070     0.8063    29.9143    29.9253  1024.0704    23.9675    376.714    363.971  354.45957    106.279    102.692     0.2552     1.1831     3.9927     0.6630       3057     2.1222  0.000e+00
     21.353   60.51202 -168.43760     21.558     0.8069     0.8067     0.8062    29.9147    29.9257  1024.0709    23.9678    376.716    364.405  354.45948    106.279    102.814     0.2564     1.1905     3.9927     0.6630       3058     2.1229  0.000e+00
     21.314   60.51202 -168.43760     21.519     0.8072     0.8068     0.8065    29.9148    29.9254  1024.0708    23.9679    376.711    364.001  354.45663    106.278    102.700     0.2564     1.1905     3.9927     0.6630       3059     2.1236  0.000e+00
     21.353   60.51202 -168.43760     21.558     0.8069     0.8065     0.8062    29.9152    29.9258  1024.0712    23.9682    376.715    363.979  354.45828    106.279    102.693     0.2564     1.1905     3.9927     0.6630       3060     2.1243  0.000e+00
     21.368   60.51202 -168.43760     21.573     0.8072     0.8068     0.8065    29.9145    29.9256  1024.0708    23.9676    376.715    364.166  354.45758    106.279    102.747     0.2552     1.1831     3.9927     0.6630       3061     2.1250  0.000e+00
     21.353   60.51202 -168.43760     21.558     0.8072     0.8068     0.8065    29.9144    29.9256  1024.0706    23.9675    376.714    363.953  354.45788    106.279    102.687     0.2564     1.1905     3.9927     0.6630       3062     2.1257  0.000e+00
     21.353   60.51202 -168.43760     21.558     0.8074     0.8070     0.8066    29.9136    29.9258  1024.0700    23.9669    376.715    363.713  354.45843    106.279    102.620     0.2552     1.1831     3.9927     0.6630       3063     2.1264  0.000e+00
     21.368   60.51202 -168.43760     21.573     0.8072     0.8070     0.8065    29.9137    29.9258  1024.0702    23.9670    376.761    364.065  354.45965    106.292    102.719     0.2564     1.1905     3.9927     0.6630       3064     2.1271  0.000e+00
     21.407   60.51202 -168.43760     21.612     0.8070     0.8070     0.8063    29.9140    29.9255  1024.0705    23.9672    376.766    364.101  354.46058    106.293    102.729     0.2552     1.1831     4.0000     0.6557       3065     2.1278  0.000e+00
     21.368   60.51202 -168.43760     21.573     0.8070     0.8073     0.8063    29.9136    29.9256  1024.0700    23.9669    376.767    363.645  354.46161    106.293    102.601     0.2552     1.1831     4.0110     0.6447       3066     2.1285  0.000e+00
     21.407   60.51202 -168.43760     21.612     0.8069     0.8073     0.8062    29.9139    29.9255  1024.0705    23.9672    376.771    363.599  354.46174    106.294    102.588     0.2564     1.1905     4.0147     0.6410       3067     2.1292  0.000e+00
     21.368   60.51202 -168.43760     21.573     0.8069     0.8071     0.8062    29.9139    29.9254  1024.0703    23.9672    376.770    363.554  354.46179    106.294    102.575     0.2552     1.1831     4.0134     0.6423       3068     2.1299  0.000e+00
     21.468   60.51202 -168.43760     21.675     0.8066     0.8071     0.8059    29.9143    29.9257  1024.0711    23.9675    376.780    363.757  354.46379    106.296    102.632     0.2564     1.1905     4.0134     0.6423       3069     2.1306  0.000e+00
     21.368   60.51202 -168.43760     21.574     0.8068     0.8071     0.8060    29.9142    29.9259  1024.0706    23.9675    377.015    364.167  354.46234    106.363    102.748     0.2650     1.2417     4.0122     0.6435       3070     2.1313  0.000e+00
     21.468   60.51202 -168.43762     21.675     0.8063     0.8073     0.8055    29.9145    29.9259  1024.0713    23.9677    377.067    363.753  354.46630    106.376    102.632     0.2759     1.3077     4.0134     0.6423       3071     2.1319  0.000e+00
     21.430   60.51202 -168.43762     21.636     0.8066     0.8073     0.8059    29.9145    29.9265  1024.0711    23.9677    376.861    363.520  354.46319    106.319    102.567     0.2759     1.3077     4.0122     0.6435       3072     2.1326  0.000e+00
     21.468   60.51202 -168.43762     21.675     0.8064     0.8074     0.8057    29.9150    29.9263  1024.0717    23.9681    376.862    363.510  354.46336    106.319    102.564     0.2772     1.3150     4.0122     0.6435       3073     2.1333  0.000e+00
     21.468   60.51202 -168.43762     21.675     0.8070     0.8076     0.8063    29.9142    29.9260  1024.0711    23.9674    376.812    363.472  354.45979    106.306    102.554     0.2759     1.3077     4.0122     0.6435       3074     2.1340  0.000e+00
     21.430   60.51202 -168.43762     21.636     0.8069     0.8078     0.8062    29.9147    29.9257  1024.0712    23.9678    376.806    363.436  354.45959    106.304    102.543     0.2759     1.3077     4.0122     0.6435       3075     2.1347  0.000e+00
     21.468   60.51202 -168.43762     21.675     0.8070     0.8076     0.8063    29.9145    29.9258  1024.0713    23.9677    377.044    364.050  354.45903    106.372    102.716     0.2772     1.3150     4.0134     0.6423       3076     2.1354  0.000e+00
     21.484   60.51202 -168.43762     21.690     0.8070     0.8078     0.8063    29.9148    29.9258  1024.0716    23.9679    376.840    363.912  354.45818    106.314    102.678     0.2772     1.3150     4.0122     0.6435       3077     2.1361  0.000e+00
     21.523   60.51202 -168.43762     21.729     0.8074     0.8078     0.8066    29.9146    29.9261  1024.0716    23.9678    376.834    363.479  354.45562    106.313    102.556     0.2772     1.3150     4.0122     0.6435       3078     2.1368  0.000e+00
     21.430   60.51202 -168.43762     21.636     0.8074     0.8082     0.8066    29.9143    29.9253  1024.0709    23.9675    376.585    363.841  354.45658    106.243    102.659     0.2759     1.3077     4.0134     0.6423       3079     2.1375  0.000e+00
     21.523   60.51202 -168.43762     21.729     0.8072     0.8080     0.8065    29.9143    29.9255  1024.0714    23.9675    376.786    363.898  354.45813    106.299    102.674     0.2772     1.3150     4.0134     0.6423       3080     2.1382  0.000e+00
     21.546   60.51202 -168.43762     21.753     0.8070     0.8080     0.8063    29.9144    29.9256  1024.0716    23.9676    376.785    363.494  354.45925    106.299    102.560     0.2759     1.3077     4.0134     0.6423       3081     2.1389  0.000e+00
     21.523   60.51202 -168.43762     21.729     0.8070     0.8079     0.8063    29.9142    29.9257  1024.0713    23.9674    376.781    363.709  354.45987    106.297    102.621     0.2772     1.3150     4.0134     0.6423       3082     2.1396  0.000e+00
     21.484   60.51202 -168.43762     21.690     0.8068     0.8080     0.8060    29.9145    29.9254  1024.0713    23.9676    376.778    363.950  354.46174    106.296    102.689     0.2759     1.3077     4.0122     0.6435       3083     2.1403  0.000e+00
     21.523   60.51202 -168.43762     21.729     0.8068     0.8082     0.8060    29.9144    29.9256  1024.0715    23.9676    376.777    363.764  354.46180    106.295    102.637     0.2772     1.3150     4.0122     0.6435       3084     2.1410  0.000e+00
     21.523   60.51202 -168.43762     21.729     0.8066     0.8079     0.8059    29.9142    29.9261  1024.0713    23.9674    376.776    363.556  354.46398    106.295    102.578     0.2759     1.3077     3.9963     0.6593       3085     2.1417  0.000e+00
     21.600   60.51202 -168.43762     21.807     0.8066     0.8080     0.8059    29.9144    29.9254  1024.0718    23.9676    376.776    364.181  354.46344    106.295    102.754     0.2759     1.3077     3.9499     0.7061       3086     2.1424  0.000e+00
