merge_samples_with_btl/SKQ202309T/ctd/skq202309t_001svp.cnv
* Sea-Bird SBE 9 Data File:
* FileName = D:\CTD\SKQ202309T\SKQ202309T_001.hex
* Software Version Seasave V 7.26.7.121
* Temperature SN = 6177
* Conductivity SN = 0369
* Number of Bytes Per Scan = 38
* Number of Voltage Words = 3
* Number of Scans Averaged by the Deck Unit = 1
* NMEA Latitude = 59 50.67 N
* NMEA Longitude = 149 28.05 W
* NMEA UTC (Time) = Jun 06 2023  18:49:21
* NMEA baud rate = 4800
** Ship: R/V Sikuliaq
** Station Number: 001
** Station Name: GAK1
** Bottom Depth: 272
** Operator: AP
# nquan = 7
# nvalues = 15748                                 
# units = specified
# name 0 = depSM: Depth [salt water, m]
# name 1 = latitude: Latitude [deg]
# name 2 = longitude: Longitude [deg]
# name 3 = t090C: Temperature [ITS-90, deg C]
# name 4 = sal00: Salinity, Practical [PSU]
# name 5 = svCM: Sound Velocity [Chen-Millero, m/s]
# name 6 = flag:  0.000e+00
# span 0 =      0.794,    259.781                 
# span 1 =   59.84412,   59.84444                 
# span 2 = -149.46844, -149.46794                 
# span 3 =     4.8622,     8.6935                 
# span 4 =    29.9272,    33.1993                 
# span 5 =    1467.14,    1478.85                 
# span 6 = 0.0000e+00, 0.0000e+00                 
# interval = seconds: 0.0416667
# start_time = Jun 06 2023 18:55:03 [NMEA time, first data scan]
# bad_flag = -9.990e-29
*END*
[from data line 8616]
    174.052   59.84444 -149.46796     5.3780    32.4372    1471.88  0.000e+00
    174.137   59.84444 -149.46796     5.3789    32.4372    1471.89  0.000e+00
    174.137   59.84444 -149.46796     5.3793    32.4376    1471.89  0.000e+00
    174.168   59.84444 -149.46796     5.3799    32.4373    1471.89  0.000e+00
    174.245   59.84444 -149.46796     5.3799    32.4381    1471.89  0.000e+00
    174.307   59.84444 -149.46796     5.3802    32.4380    1471.89  0.000e+00
    174.338   59.84444 -149.46796     5.3807    32.4382    1471.90  0.000e+00
    174.361   59.84444 -149.46796     5.3812    32.4386    1471.90  0.000e+00
    174.361   59.84444 -149.46796     5.3815    32.4388    1471.90  0.000e+00
    174.400   59.84442 -149.46796     5.3817    32.4387    1471.90  0.000e+00
    174.477   59.84442 -149.46796     5.3823    32.4391    1471.91  0.000e+00
    174.539   59.84442 -149.46796     5.3824    32.4396    1471.91  0.000e+00
    174.516   59.84442 -149.46796     5.3828    32.4403    1471.91  0.000e+00
    174.593   59.84442 -149.46796     5.3833    32.4402    1471.91  0.000e+00
    174.655   59.84442 -149.46796     5.3837    32.4407    1471.92  0.000e+00
    174.686   59.84442 -149.46796     5.3840    32.4413    1471.92  0.000e+00
    174.709   59.84442 -149.46796     5.3847    32.4415    1471.92  0.000e+00
    174.709   59.84442 -149.46796     5.3850    32.4427    1471.93  0.000e+00
    174.802   59.84442 -149.46796     5.3856    32.4429    1471.93  0.000e+00
    174.763   59.84442 -149.46796     5.3858    32.4438    1471.93  0.000e+00
    174.879   59.84442 -149.46796     5.3863    32.4439    1471.94  0.000e+00
    174.918   59.84442 -149.46796     5.3867    32.4454    1471.94  0.000e+00
    174.879   59.84442 -149.46796     5.3871    32.4462    1471.94  0.000e+00
    174.995   59.84442 -149.46796     5.3872    32.4473    1471.95  0.000e+00
    174.995   59.84442 -149.46796     5.3874    32.4482    1471.95  0.000e+00
    175.034   59.84442 -149.46796     5.3872    32.4487    1471.95  0.000e+00
    175.111   59.84442 -149.46796     5.3874    32.4486    1471.95  0.000e+00
    175.111   59.84442 -149.46796     5.3871    32.4498    1471.95  0.000e+00
    175.204   59.84442 -149.46796     5.3871    32.4502    1471.95  0.000e+00
    175.173   59.84442 -149.46796     5.3872    32.4501    1471.95  0.000e+00
    175.227   59.84442 -149.46796     5.3874    32.4510    1471.96  0.000e+00
    175.320   59.84442 -149.46796     5.3874    32.4518    1471.96  0.000e+00
    175.281   59.84442 -149.46796     5.3877    32.4523    1471.96  0.000e+00
    175.397   59.84442 -149.46796     5.3877    32.4524    1471.96  0.000e+00
    175.374   59.84442 -149.46796     5.3880    32.4530    1471.96  0.000e+00
    175.459   59.84442 -149.46796     5.3882    32.4533    1471.97  0.000e+00
    175.459   59.84442 -149.46796     5.3885    32.4535    1471.97  0.000e+00
    175.552   59.84442 -149.46796     5.3885    32.4538    1471.97  0.000e+00
    175.513   59.84442 -149.46796     5.3887    32.4539    1471.97  0.000e+00
    175.575   59.84442 -149.46796     5.3890    32.4541    1471.97  0.000e+00
    175.691   59.84442 -149.46796     5.3891    32.4542    1471.97  0.000e+00
    175.668   59.84442 -149.46796     5.3891    32.4541    1471.97  0.000e+00
    175.691   59.84442 -149.46796     5.3893    32.4543    1471.98  0.000e+00
    175.800   59.84442 -149.46796     5.3895    32.4542    1471.98  0.000e+00
    175.776   59.84442 -149.46796     5.3895    32.4546    1471.98  0.000e+00
    175.800   59.84442 -149.46796     5.3895    32.4548    1471.98  0.000e+00
    175.916   59.84442 -149.46796     5.3893    32.4547    1471.98  0.000e+00
    175.892   59.84442 -149.46796     5.3896    32.4543    1471.98  0.000e+00
    175.977   59.84442 -149.46796     5.3896    32.4545    1471.98  0.000e+00
    175.977   59.84442 -149.46796     5.3896    32.4548    1471.98  0.000e+00
    176.093   59.84442 -149.46796     5.3898    32.4550    1471.98  0.000e+00
    176.070   59.84442 -149.46796     5.3907    32.4558    1471.99  0.000e+00
    176.148   59.84442 -149.46796     5.3919    32.4566    1472.00  0.000e+00
    176.148   59.84442 -149.46796     5.3927    32.4572    1472.00  0.000e+00
    176.186   59.84442 -149.46796     5.3935    32.4573    1472.00  0.000e+00
    176.264   59.84442 -149.46796     5.3936    32.4574    1472.01  0.000e+00
    176.264   59.84442 -149.46796     5.3941    32.4575    1472.01  0.000e+00
    176.318   59.84442 -149.46796     5.3942    32.4578    1472.01  0.000e+00
    176.356   59.84442 -149.46796     5.3944    32.4572    1472.01  0.000e+00
    176.434   59.84442 -149.46796     5.3944    32.4577    1472.01  0.000e+00
    176.434   59.84442 -149.46796     5.3949    32.4577    1472.01  0.000e+00
    176.472   59.84442 -149.46796     5.3952    32.4582    1472.02  0.000e+00
    176.550   59.84442 -149.46796     5.3954    32.4588    1472.02  0.000e+00
    176.550   59.84442 -149.46796     5.3957    32.4595    1472.02  0.000e+00
    176.612   59.84442 -149.46796     5.3963    32.4591    1472.02  0.000e+00
    176.643   59.84442 -149.46796     5.3962    32.4597    1472.03  0.000e+00
    176.720   59.84442 -149.46796     5.3962    32.4594    1472.03  0.000e+00
    176.720   59.84442 -149.46796     5.3963    32.4593    1472.03  0.000e+00
    176.759   59.84442 -149.46796     5.3965    32.4600    1472.03  0.000e+00
    176.836   59.84442 -149.46796     5.3963    32.4600    1472.03  0.000e+00
    176.836   59.84442 -149.46796     5.3965    32.4599    1472.03  0.000e+00
    176.898   59.84442 -149.46796     5.3965    32.4596    1472.03  0.000e+00
    176.929   59.84442 -149.46796     5.3955    32.4601    1472.03  0.000e+00
    176.952   59.84442 -149.46796     5.3949    32.4602    1472.03  0.000e+00
    177.014   59.84442 -149.46796     5.3944    32.4605    1472.03  0.000e+00
    177.130   59.84442 -149.46796     5.3945    32.4612    1472.03  0.000e+00
    177.045   59.84442 -149.46796     5.3949    32.4620    1472.03  0.000e+00
    177.130   59.84442 -149.46796     5.3954    32.4628    1472.03  0.000e+00
    177.184   59.84442 -149.46796     5.3958    32.4633    1472.04  0.000e+00
    177.223   59.84442 -149.46796     5.3960    32.4636    1472.04  0.000e+00
    177.238   59.84442 -149.46796     5.3965    32.4643    1472.04  0.000e+00
    177.300   59.84442 -149.46796     5.3970    32.4649    1472.05  0.000e+00
    177.300   59.84442 -149.46796     5.3974    32.4654    1472.05  0.000e+00
    177.393   59.84442 -149.46796     5.3979    32.4654    1472.05  0.000e+00
    177.416   59.84442 -149.46796     5.3982    32.4657    1472.05  0.000e+00
    177.416   59.84442 -149.46796     5.3986    32.4656    1472.06  0.000e+00
    177.470   59.84442 -149.46796     5.3987    32.4659    1472.06  0.000e+00
    177.563   59.84442 -149.46796     5.3984    32.4663    1472.06  0.000e+00
    177.532   59.84442 -149.46796     5.3986    32.4663    1472.06  0.000e+00
    177.648   59.84442 -149.46796     5.3984    32.4672    1472.06  0.000e+00
    177.586   59.84442 -149.46796     5.3987    32.4680    1472.06  0.000e+00
    177.679   59.84442 -149.46796     5.3986    32.4686    1472.06  0.000e+00
    177.702   59.84442 -149.46796     5.3987    32.4689    1472.07  0.000e+00
    177.756   59.84442 -149.46796     5.3989    32.4695    1472.07  0.000e+00
    177.857   59.84442 -149.46796     5.3990    32.4700    1472.07  0.000e+00
    177.756   59.84442 -149.46796     5.3995    32.4701    1472.07  0.000e+00
    177.872   59.84442 -149.46796     5.3998    32.4703    1472.07  0.000e+00
    177.872   59.84442 -149.46796     5.4001    32.4708    1472.08  0.000e+00
    177.965   59.84442 -149.46796     5.4000    32.4716    1472.08  0.000e+00
    177.934   59.84442 -149.46796     5.4006    32.4719    1472.08  0.000e+00
    178.050   59.84442 -149.46796     5.4009    32.4716    1472.08  0.000e+00
    178.050   59.84442 -149.46796     5.4009    32.4720    1472.08  0.000e+00
    178.081   59.84442 -149.46796     5.4014    32.4723    1472.09  0.000e+00
    178.104   59.84442 -149.46796     5.4016    32.4726    1472.09  0.000e+00
    178.104   59.84442 -149.46796     5.4017    32.4731    1472.09  0.000e+00
    178.220   59.84442 -149.46796     5.4022    32.4730    1472.09  0.000e+00
    178.197   59.84442 -149.46796     5.4021    32.4738    1472.09  0.000e+00
    178.274   59.84442 -149.46796     5.4026    32.4738    1472.10  0.000e+00
    178.274   59.84442 -149.46796     5.4025    32.4745    1472.10  0.000e+00
    178.336   59.84442 -149.46796     5.4030    32.4745    1472.10  0.000e+00
    178.375   59.84442 -149.46796     5.4029    32.4749    1472.10  0.000e+00
    178.336   59.84442 -149.46796     5.4032    32.4751    1472.10  0.000e+00
    178.452   59.84442 -149.46796     5.4035    32.4756    1472.11  0.000e+00
    178.506   59.84442 -149.46796     5.4038    32.4758    1472.11  0.000e+00
    178.491   59.84442 -149.46796     5.4041    32.4765    1472.11  0.000e+00
    178.506   59.84442 -149.46796     5.4043    32.4764    1472.11  0.000e+00
    178.568   59.84442 -149.46796     5.4045    32.4759    1472.11  0.000e+00
    178.622   59.84442 -149.46796     5.4043    32.4761    1472.11  0.000e+00
    178.684   59.84442 -149.46796     5.4045    32.4763    1472.11  0.000e+00
    178.661   59.84442 -149.46796     5.4045    32.4764    1472.11  0.000e+00
    178.738   59.84442 -149.46796     5.4046    32.4760    1472.12  0.000e+00
    178.684   59.84442 -149.46796     5.4043    32.4756    1472.11  0.000e+00
    178.792   59.84442 -149.46796     5.4043    32.4760    1472.11  0.000e+00
    178.831   59.84442 -149.46796     5.4043    32.4758    1472.12  0.000e+00
    178.854   59.84442 -149.46796     5.4045    32.4756    1472.12  0.000e+00
    178.908   59.84442 -149.46796     5.4045    32.4761    1472.12  0.000e+00
    178.908   59.84442 -149.46796     5.4052    32.4766    1472.12  0.000e+00
    179.009   59.84442 -149.46796     5.4056    32.4772    1472.13  0.000e+00
    178.970   59.84442 -149.46796     5.4062    32.4775    1472.13  0.000e+00
    179.086   59.84442 -149.46796     5.4073    32.4782    1472.13  0.000e+00
    179.024   59.84442 -149.46796     5.4083    32.4788    1472.14  0.000e+00
    179.179   59.84442 -149.46796     5.4091    32.4797    1472.15  0.000e+00
    179.140   59.84442 -149.46796     5.4097    32.4802    1472.15  0.000e+00
    179.202   59.84442 -149.46796     5.4102    32.4797    1472.15  0.000e+00
    179.202   59.84442 -149.46796     5.4100    32.4797    1472.15  0.000e+00
    179.256   59.84442 -149.46796     5.4100    32.4797    1472.15  0.000e+00
    179.295   59.84442 -149.46796     5.4102    32.4809    1472.15  0.000e+00
    179.372   59.84442 -149.46796     5.4118    32.4851    1472.17  0.000e+00
    179.372   59.84442 -149.46796     5.4140    32.4906    1472.18  0.000e+00
    179.426   59.84442 -149.46796     5.4159    32.4952    1472.20  0.000e+00
    179.465   59.84442 -149.46796     5.4179    32.4998    1472.21  0.000e+00
    179.542   59.84442 -149.46796     5.4199    32.5030    1472.22  0.000e+00
    179.542   59.84442 -149.46796     5.4218    32.5056    1472.24  0.000e+00
    179.542   59.84442 -149.46796     5.4236    32.5084    1472.25  0.000e+00
    179.604   59.84442 -149.46796     5.4252    32.5109    1472.26  0.000e+00
    179.635   59.84442 -149.46796     5.4269    32.5126    1472.27  0.000e+00
    179.713   59.84442 -149.46796     5.4286    32.5153    1472.28  0.000e+00
    179.774   59.84442 -149.46796     5.4308    32.5182    1472.29  0.000e+00
    179.774   59.84442 -149.46796     5.4327    32.5200    1472.30  0.000e+00
    179.751   59.84442 -149.46796     5.4336    32.5207    1472.31  0.000e+00
    179.890   59.84442 -149.46796     5.4349    32.5221    1472.32  0.000e+00
    179.945   59.84442 -149.46796     5.4365    32.5238    1472.33  0.000e+00
    179.890   59.84442 -149.46796     5.4371    32.5237    1472.33  0.000e+00
    180.006   59.84442 -149.46796     5.4375    32.5236    1472.33  0.000e+00
    180.045   59.84442 -149.46796     5.4379    32.5247    1472.33  0.000e+00
    180.061   59.84442 -149.46796     5.4395    32.5260    1472.34  0.000e+00
    180.122   59.84442 -149.46796     5.4403    32.5276    1472.35  0.000e+00
    180.122   59.84442 -149.46796     5.4418    32.5290    1472.36  0.000e+00
    180.231   59.84442 -149.46796     5.4434    32.5305    1472.37  0.000e+00
    180.215   59.84442 -149.46796     5.4443    32.5316    1472.37  0.000e+00
    180.293   59.84442 -149.46796     5.4456    32.5327    1472.38  0.000e+00
    180.347   59.84442 -149.46796     5.4465    32.5337    1472.39  0.000e+00
    180.347   59.84442 -149.46796     5.4475    32.5338    1472.39  0.000e+00
    180.409   59.84442 -149.46796     5.4474    32.5339    1472.39  0.000e+00
    180.501   59.84442 -149.46796     5.4478    32.5342    1472.39  0.000e+00
    180.463   59.84442 -149.46796     5.4481    32.5351    1472.40  0.000e+00
    180.525   59.84442 -149.46796     5.4487    32.5348    1472.40  0.000e+00
    180.641   59.84442 -149.46796     5.4490    32.5353    1472.40  0.000e+00
    180.641   59.84442 -149.46796     5.4493    32.5355    1472.40  0.000e+00
    180.679   59.84442 -149.46796     5.4497    32.5358    1472.41  0.000e+00
    180.695   59.84442 -149.46796     5.4499    32.5363    1472.41  0.000e+00
    180.749   59.84442 -149.46796     5.4506    32.5365    1472.41  0.000e+00
    180.811   59.84442 -149.46796     5.4507    32.5369    1472.41  0.000e+00
    180.865   59.84442 -149.46796     5.4507    32.5372    1472.41  0.000e+00
    180.904   59.84442 -149.46796     5.4509    32.5374    1472.42  0.000e+00
    180.927   59.84442 -149.46796     5.4512    32.5385    1472.42  0.000e+00
    180.981   59.84442 -149.46796     5.4522    32.5389    1472.42  0.000e+00
    181.043   59.84442 -149.46796     5.4528    32.5399    1472.43  0.000e+00
    181.043   59.84442 -149.46796     5.4531    32.5414    1472.43  0.000e+00
    181.136   59.84442 -149.46796     5.4547    32.5436    1472.44  0.000e+00
    181.159   59.84442 -149.46796     5.4561    32.5471    1472.45  0.000e+00
    181.213   59.84442 -149.46796     5.4587    32.5505    1472.47  0.000e+00
    181.267   59.84442 -149.46796     5.4608    32.5550    1472.48  0.000e+00
    181.329   59.84442 -149.46796     5.4641    32.5601    1472.51  0.000e+00
    181.329   59.84442 -149.46796     5.4674    32.5642    1472.52  0.000e+00
    181.368   59.84442 -149.46796     5.4708    32.5673    1472.54  0.000e+00
    181.445   59.84442 -149.46796     5.4736    32.5709    1472.56  0.000e+00
    181.445   59.84442 -149.46796     5.4767    32.5731    1472.58  0.000e+00
    181.561   59.84442 -149.46796     5.4793    32.5755    1472.59  0.000e+00
    181.561   59.84442 -149.46796     5.4812    32.5784    1472.60  0.000e+00
    181.600   59.84442 -149.46796     5.4841    32.5814    1472.62  0.000e+00
    181.677   59.84442 -149.46796     5.4866    32.5861    1472.64  0.000e+00
    181.677   59.84442 -149.46796     5.4903    32.5927    1472.66  0.000e+00
    181.731   59.84442 -149.46796     5.4948    32.6037    1472.69  0.000e+00
    181.785   59.84442 -149.46796     5.5011    32.6187    1472.74  0.000e+00
    181.847   59.84442 -149.46796     5.5079    32.6286    1472.78  0.000e+00
    181.886   59.84442 -149.46796     5.5117    32.6336    1472.80  0.000e+00
    181.901   59.84442 -149.46796     5.5154    32.6367    1472.82  0.000e+00
    181.963   59.84442 -149.46796     5.5183    32.6408    1472.84  0.000e+00
    182.017   59.84442 -149.46796     5.5207    32.6442    1472.85  0.000e+00
    182.017   59.84442 -149.46796     5.5225    32.6461    1472.86  0.000e+00
    182.133   59.84442 -149.46796     5.5237    32.6469    1472.87  0.000e+00
    182.118   59.84442 -149.46796     5.5245    32.6471    1472.87  0.000e+00
    182.195   59.84442 -149.46796     5.5253    32.6480    1472.88  0.000e+00
