merge_samples_with_btl/SKQ202309T/ctd/skq202309t_001svp.cnv
* Sea-Bird SBE 9 Data File:
* FileName = D:\CTD\SKQ202309T\SKQ202309T_001.hex
* Software Version Seasave V 7.26.7.121
* Temperature SN = 6177
* Conductivity SN = 0369
* Number of Bytes Per Scan = 38
* Number of Voltage Words = 3
* Number of Scans Averaged by the Deck Unit = 1
* NMEA Latitude = 59 50.67 N
* NMEA Longitude = 149 28.05 W
* NMEA UTC (Time) = Jun 06 2023  18:49:21
* NMEA baud rate = 4800
** Ship: R/V Sikuliaq
** Station Number: 001
** Station Name: GAK1
** Bottom Depth: 272
** Operator: AP
# nquan = 7
# nvalues = 15748                                 
# units = specified
# name 0 = depSM: Depth [salt water, m]
# name 1 = latitude: Latitude [deg]
# name 2 = longitude: Longitude [deg]
# name 3 = t090C: Temperature [ITS-90, deg C]
# name 4 = sal00: Salinity, Practical [PSU]
# name 5 = svCM: Sound Velocity [Chen-Millero, m/s]
# name 6 = flag:  0.000e+00
# span 0 =      0.794,    259.781                 
# span 1 =   59.84412,   59.84444                 
# span 2 = -149.46844, -149.46794                 
# span 3 =     4.8622,     8.6935                 
# span 4 =    29.9272,    33.1993                 
# span 5 =    1467.14,    1478.85                 
# span 6 = 0.0000e+00, 0.0000e+00                 
# interval = seconds: 0.0416667
# start_time = Jun 06 2023 18:55:03 [NMEA time, first data scan]
# bad_flag = -9.990e-29
*END*
[from data line 5949]
     83.828   59.84442 -149.46794     4.9344    31.6073    1467.52  0.000e+00
     83.774   59.84442 -149.46794     4.9347    31.6072    1467.52  0.000e+00
     83.828   59.84442 -149.46794     4.9352    31.6074    1467.52  0.000e+00
     83.859   59.84442 -149.46794     4.9350    31.6081    1467.53  0.000e+00
     83.828   59.84442 -149.46794     4.9352    31.6081    1467.53  0.000e+00
     83.890   59.84442 -149.46794     4.9353    31.6080    1467.53  0.000e+00
     83.944   59.84442 -149.46794     4.9353    31.6082    1467.53  0.000e+00
     83.890   59.84442 -149.46794     4.9355    31.6085    1467.53  0.000e+00
     83.975   59.84442 -149.46794     4.9357    31.6086    1467.53  0.000e+00
     83.944   59.84442 -149.46794     4.9359    31.6086    1467.53  0.000e+00
     83.944   59.84442 -149.46794     4.9363    31.6084    1467.53  0.000e+00
     84.006   59.84442 -149.46794     4.9364    31.6087    1467.53  0.000e+00
     84.029   59.84442 -149.46794     4.9363    31.6089    1467.53  0.000e+00
     84.006   59.84442 -149.46794     4.9366    31.6089    1467.54  0.000e+00
     84.060   59.84442 -149.46794     4.9365    31.6094    1467.54  0.000e+00
     84.006   59.84442 -149.46794     4.9369    31.6090    1467.54  0.000e+00
     84.091   59.84442 -149.46794     4.9368    31.6094    1467.54  0.000e+00
     84.060   59.84442 -149.46794     4.9369    31.6097    1467.54  0.000e+00
     84.122   59.84442 -149.46794     4.9371    31.6093    1467.54  0.000e+00
     84.122   59.84442 -149.46794     4.9371    31.6092    1467.54  0.000e+00
     84.122   59.84442 -149.46794     4.9371    31.6092    1467.54  0.000e+00
     84.145   59.84442 -149.46794     4.9371    31.6096    1467.54  0.000e+00
     84.122   59.84442 -149.46794     4.9372    31.6098    1467.54  0.000e+00
     84.176   59.84442 -149.46794     4.9372    31.6099    1467.54  0.000e+00
     84.176   59.84442 -149.46794     4.9372    31.6101    1467.54  0.000e+00
     84.207   59.84442 -149.46794     4.9374    31.6100    1467.54  0.000e+00
     84.238   59.84442 -149.46794     4.9376    31.6098    1467.54  0.000e+00
     84.176   59.84442 -149.46794     4.9378    31.6097    1467.54  0.000e+00
     84.238   59.84442 -149.46794     4.9376    31.6102    1467.55  0.000e+00
     84.261   59.84442 -149.46794     4.9378    31.6100    1467.55  0.000e+00
     84.238   59.84442 -149.46794     4.9377    31.6102    1467.55  0.000e+00
     84.292   59.84442 -149.46794     4.9378    31.6099    1467.55  0.000e+00
     84.238   59.84442 -149.46794     4.9377    31.6106    1467.55  0.000e+00
     84.292   59.84442 -149.46794     4.9379    31.6103    1467.55  0.000e+00
     84.315   59.84442 -149.46794     4.9380    31.6106    1467.55  0.000e+00
     84.292   59.84442 -149.46794     4.9381    31.6107    1467.55  0.000e+00
     84.346   59.84442 -149.46794     4.9382    31.6106    1467.55  0.000e+00
     84.292   59.84442 -149.46794     4.9381    31.6107    1467.55  0.000e+00
     84.377   59.84442 -149.46794     4.9380    31.6105    1467.55  0.000e+00
     84.346   59.84442 -149.46794     4.9381    31.6106    1467.55  0.000e+00
     84.346   59.84442 -149.46794     4.9383    31.6108    1467.55  0.000e+00
     84.346   59.84442 -149.46794     4.9384    31.6107    1467.55  0.000e+00
     84.408   59.84442 -149.46794     4.9385    31.6109    1467.55  0.000e+00
     84.377   59.84442 -149.46794     4.9382    31.6113    1467.55  0.000e+00
     84.408   59.84442 -149.46794     4.9385    31.6107    1467.55  0.000e+00
     84.408   59.84442 -149.46794     4.9384    31.6108    1467.55  0.000e+00
     84.408   59.84442 -149.46794     4.9385    31.6110    1467.55  0.000e+00
     84.377   59.84442 -149.46794     4.9382    31.6109    1467.55  0.000e+00
     84.462   59.84442 -149.46794     4.9383    31.6111    1467.55  0.000e+00
     84.408   59.84442 -149.46794     4.9383    31.6112    1467.55  0.000e+00
     84.462   59.84442 -149.46794     4.9382    31.6113    1467.55  0.000e+00
     84.462   59.84442 -149.46794     4.9377    31.6118    1467.55  0.000e+00
     84.492   59.84442 -149.46794     4.9381    31.6116    1467.55  0.000e+00
     84.462   59.84442 -149.46794     4.9380    31.6112    1467.55  0.000e+00
     84.462   59.84442 -149.46794     4.9382    31.6111    1467.55  0.000e+00
     84.523   59.84442 -149.46794     4.9383    31.6109    1467.55  0.000e+00
     84.492   59.84442 -149.46794     4.9381    31.6112    1467.55  0.000e+00
     84.523   59.84442 -149.46794     4.9383    31.6113    1467.55  0.000e+00
     84.462   59.84442 -149.46794     4.9384    31.6114    1467.55  0.000e+00
     84.523   59.84442 -149.46794     4.9383    31.6114    1467.55  0.000e+00
     84.523   59.84442 -149.46794     4.9382    31.6111    1467.55  0.000e+00
     84.547   59.84442 -149.46794     4.9380    31.6116    1467.55  0.000e+00
     84.577   59.84442 -149.46794     4.9382    31.6113    1467.55  0.000e+00
     84.523   59.84442 -149.46794     4.9382    31.6115    1467.55  0.000e+00
     84.577   59.84442 -149.46794     4.9379    31.6113    1467.55  0.000e+00
     84.547   59.84442 -149.46794     4.9380    31.6112    1467.55  0.000e+00
     84.577   59.84442 -149.46794     4.9379    31.6115    1467.55  0.000e+00
     84.577   59.84442 -149.46794     4.9379    31.6114    1467.55  0.000e+00
     84.639   59.84442 -149.46794     4.9376    31.6113    1467.55  0.000e+00
     84.577   59.84442 -149.46794     4.9376    31.6109    1467.55  0.000e+00
     84.608   59.84442 -149.46794     4.9372    31.6115    1467.55  0.000e+00
     84.639   59.84442 -149.46794     4.9372    31.6116    1467.55  0.000e+00
     84.639   59.84442 -149.46794     4.9371    31.6115    1467.55  0.000e+00
     84.639   59.84442 -149.46794     4.9371    31.6113    1467.55  0.000e+00
     84.662   59.84442 -149.46794     4.9371    31.6114    1467.55  0.000e+00
     84.639   59.84442 -149.46794     4.9369    31.6119    1467.55  0.000e+00
     84.693   59.84442 -149.46794     4.9369    31.6114    1467.55  0.000e+00
     84.693   59.84442 -149.46794     4.9369    31.6115    1467.55  0.000e+00
     84.693   59.84442 -149.46794     4.9369    31.6120    1467.55  0.000e+00
     84.662   59.84442 -149.46794     4.9369    31.6122    1467.55  0.000e+00
     84.747   59.84442 -149.46794     4.9371    31.6122    1467.55  0.000e+00
     84.747   59.84442 -149.46794     4.9369    31.6124    1467.55  0.000e+00
     84.693   59.84442 -149.46794     4.9374    31.6122    1467.55  0.000e+00
     84.778   59.84442 -149.46794     4.9374    31.6124    1467.56  0.000e+00
     84.747   59.84442 -149.46794     4.9376    31.6128    1467.56  0.000e+00
     84.809   59.84442 -149.46794     4.9379    31.6121    1467.56  0.000e+00
     84.747   59.84442 -149.46794     4.9380    31.6125    1467.56  0.000e+00
     84.809   59.84442 -149.46794     4.9382    31.6129    1467.56  0.000e+00
     84.832   59.84442 -149.46794     4.9385    31.6130    1467.56  0.000e+00
     84.809   59.84442 -149.46794     4.9387    31.6135    1467.56  0.000e+00
     84.863   59.84442 -149.46794     4.9388    31.6136    1467.56  0.000e+00
     84.863   59.84442 -149.46794     4.9388    31.6138    1467.57  0.000e+00
     84.863   59.84442 -149.46794     4.9393    31.6140    1467.57  0.000e+00
     84.894   59.84442 -149.46794     4.9396    31.6141    1467.57  0.000e+00
     84.925   59.84442 -149.46794     4.9403    31.6140    1467.57  0.000e+00
     84.925   59.84442 -149.46794     4.9408    31.6141    1467.57  0.000e+00
     84.925   59.84442 -149.46794     4.9409    31.6145    1467.58  0.000e+00
     85.010   59.84442 -149.46794     4.9414    31.6148    1467.58  0.000e+00
     84.925   59.84442 -149.46794     4.9418    31.6146    1467.58  0.000e+00
     85.041   59.84442 -149.46794     4.9421    31.6151    1467.58  0.000e+00
     84.979   59.84442 -149.46794     4.9423    31.6154    1467.58  0.000e+00
     85.041   59.84442 -149.46794     4.9426    31.6152    1467.59  0.000e+00
     85.010   59.84442 -149.46794     4.9427    31.6160    1467.59  0.000e+00
     85.095   59.84442 -149.46794     4.9431    31.6160    1467.59  0.000e+00
     85.095   59.84442 -149.46794     4.9433    31.6165    1467.59  0.000e+00
     85.095   59.84442 -149.46794     4.9437    31.6163    1467.59  0.000e+00
     85.149   59.84442 -149.46794     4.9439    31.6161    1467.59  0.000e+00
     85.126   59.84442 -149.46794     4.9439    31.6167    1467.59  0.000e+00
     85.149   59.84442 -149.46794     4.9443    31.6167    1467.60  0.000e+00
     85.211   59.84442 -149.46794     4.9447    31.6167    1467.60  0.000e+00
     85.211   59.84442 -149.46794     4.9448    31.6169    1467.60  0.000e+00
     85.211   59.84442 -149.46794     4.9448    31.6171    1467.60  0.000e+00
     85.296   59.84442 -149.46794     4.9452    31.6171    1467.60  0.000e+00
     85.265   59.84442 -149.46794     4.9453    31.6175    1467.60  0.000e+00
     85.327   59.84442 -149.46794     4.9456    31.6170    1467.60  0.000e+00
     85.327   59.84442 -149.46794     4.9452    31.6174    1467.60  0.000e+00
     85.381   59.84442 -149.46794     4.9454    31.6169    1467.60  0.000e+00
     85.350   59.84442 -149.46794     4.9455    31.6169    1467.60  0.000e+00
     85.381   59.84442 -149.46794     4.9456    31.6169    1467.61  0.000e+00
     85.443   59.84442 -149.46794     4.9457    31.6170    1467.61  0.000e+00
     85.497   59.84442 -149.46794     4.9456    31.6169    1467.61  0.000e+00
     85.443   59.84442 -149.46794     4.9455    31.6169    1467.61  0.000e+00
     85.527   59.84442 -149.46794     4.9458    31.6173    1467.61  0.000e+00
     85.551   59.84442 -149.46794     4.9462    31.6175    1467.61  0.000e+00
     85.551   59.84442 -149.46794     4.9471    31.6179    1467.62  0.000e+00
     85.551   59.84442 -149.46794     4.9478    31.6184    1467.62  0.000e+00
     85.667   59.84442 -149.46794     4.9485    31.6187    1467.62  0.000e+00
     85.636   59.84442 -149.46794     4.9493    31.6187    1467.63  0.000e+00
     85.667   59.84442 -149.46794     4.9499    31.6186    1467.63  0.000e+00
     85.728   59.84442 -149.46794     4.9501    31.6186    1467.63  0.000e+00
     85.728   59.84442 -149.46794     4.9502    31.6185    1467.63  0.000e+00
     85.782   59.84442 -149.46794     4.9504    31.6183    1467.63  0.000e+00
     85.751   59.84442 -149.46794     4.9505    31.6186    1467.63  0.000e+00
     85.844   59.84442 -149.46794     4.9507    31.6183    1467.64  0.000e+00
     85.844   59.84442 -149.46794     4.9507    31.6182    1467.64  0.000e+00
     85.898   59.84442 -149.46794     4.9507    31.6190    1467.64  0.000e+00
     85.898   59.84442 -149.46794     4.9512    31.6186    1467.64  0.000e+00
     85.983   59.84442 -149.46794     4.9512    31.6187    1467.64  0.000e+00
     85.952   59.84442 -149.46794     4.9513    31.6187    1467.64  0.000e+00
     86.014   59.84442 -149.46794     4.9513    31.6187    1467.64  0.000e+00
     86.068   59.84442 -149.46794     4.9512    31.6188    1467.64  0.000e+00
     86.130   59.84442 -149.46794     4.9510    31.6186    1467.64  0.000e+00
     86.099   59.84442 -149.46794     4.9512    31.6187    1467.64  0.000e+00
     86.130   59.84442 -149.46794     4.9512    31.6189    1467.64  0.000e+00
     86.184   59.84442 -149.46794     4.9513    31.6184    1467.64  0.000e+00
     86.184   59.84442 -149.46794     4.9513    31.6189    1467.64  0.000e+00
     86.246   59.84442 -149.46794     4.9515    31.6190    1467.65  0.000e+00
     86.300   59.84442 -149.46794     4.9512    31.6189    1467.65  0.000e+00
     86.331   59.84442 -149.46794     4.9510    31.6188    1467.65  0.000e+00
     86.362   59.84442 -149.46794     4.9507    31.6189    1467.65  0.000e+00
     86.362   59.84442 -149.46794     4.9505    31.6192    1467.64  0.000e+00
     86.416   59.84442 -149.46794     4.9507    31.6191    1467.65  0.000e+00
     86.416   59.84442 -149.46794     4.9507    31.6194    1467.65  0.000e+00
     86.501   59.84442 -149.46794     4.9508    31.6194    1467.65  0.000e+00
     86.532   59.84442 -149.46794     4.9508    31.6194    1467.65  0.000e+00
     86.532   59.84442 -149.46794     4.9508    31.6196    1467.65  0.000e+00
     86.586   59.84442 -149.46794     4.9502    31.6198    1467.65  0.000e+00
     86.586   59.84442 -149.46794     4.9502    31.6195    1467.65  0.000e+00
     86.647   59.84442 -149.46794     4.9493    31.6200    1467.65  0.000e+00
     86.671   59.84442 -149.46794     4.9482    31.6201    1467.64  0.000e+00
     86.702   59.84442 -149.46794     4.9471    31.6193    1467.64  0.000e+00
     86.702   59.84442 -149.46794     4.9445    31.6191    1467.63  0.000e+00
     86.763   59.84442 -149.46794     4.9417    31.6191    1467.62  0.000e+00
     86.817   59.84442 -149.46794     4.9388    31.6196    1467.60  0.000e+00
     86.848   59.84442 -149.46794     4.9365    31.6198    1467.60  0.000e+00
     86.817   59.84442 -149.46794     4.9349    31.6202    1467.59  0.000e+00
     86.871   59.84442 -149.46794     4.9334    31.6206    1467.59  0.000e+00
     86.933   59.84442 -149.46794     4.9320    31.6210    1467.58  0.000e+00
     86.933   59.84442 -149.46794     4.9311    31.6214    1467.58  0.000e+00
     86.987   59.84442 -149.46794     4.9305    31.6216    1467.58  0.000e+00
     87.018   59.84442 -149.46794     4.9302    31.6224    1467.58  0.000e+00
     87.049   59.84442 -149.46794     4.9302    31.6228    1467.58  0.000e+00
     87.049   59.84442 -149.46794     4.9299    31.6232    1467.58  0.000e+00
     87.103   59.84442 -149.46794     4.9293    31.6231    1467.58  0.000e+00
     87.165   59.84442 -149.46794     4.9285    31.6231    1467.57  0.000e+00
     87.103   59.84442 -149.46794     4.9271    31.6230    1467.57  0.000e+00
     87.188   59.84442 -149.46794     4.9261    31.6234    1467.56  0.000e+00
     87.219   59.84442 -149.46794     4.9249    31.6237    1467.56  0.000e+00
     87.219   59.84442 -149.46794     4.9232    31.6242    1467.55  0.000e+00
     87.273   59.84442 -149.46794     4.9216    31.6244    1467.55  0.000e+00
     87.273   59.84442 -149.46794     4.9206    31.6244    1467.54  0.000e+00
     87.335   59.84442 -149.46794     4.9192    31.6250    1467.54  0.000e+00
     87.304   59.84442 -149.46794     4.9185    31.6253    1467.54  0.000e+00
     87.389   59.84442 -149.46794     4.9178    31.6257    1467.54  0.000e+00
     87.389   59.84442 -149.46794     4.9169    31.6259    1467.53  0.000e+00
     87.389   59.84442 -149.46794     4.9165    31.6262    1467.53  0.000e+00
     87.451   59.84442 -149.46794     4.9160    31.6264    1467.53  0.000e+00
     87.505   59.84442 -149.46794     4.9153    31.6261    1467.53  0.000e+00
     87.451   59.84442 -149.46794     4.9149    31.6264    1467.53  0.000e+00
     87.536   59.84442 -149.46794     4.9148    31.6272    1467.53  0.000e+00
     87.567   59.84442 -149.46794     4.9148    31.6276    1467.53  0.000e+00
     87.567   59.84442 -149.46794     4.9155    31.6279    1467.53  0.000e+00
     87.567   59.84442 -149.46794     4.9162    31.6287    1467.54  0.000e+00
     87.621   59.84442 -149.46794     4.9168    31.6293    1467.54  0.000e+00
     87.621   59.84442 -149.46794     4.9177    31.6293    1467.54  0.000e+00
     87.652   59.84442 -149.46794     4.9179    31.6304    1467.55  0.000e+00
     87.675   59.84442 -149.46794     4.9188    31.6301    1467.55  0.000e+00
     87.737   59.84442 -149.46794     4.9193    31.6308    1467.55  0.000e+00
     87.675   59.84442 -149.46794     4.9199    31.6314    1467.56  0.000e+00
     87.791   59.84442 -149.46794     4.9201    31.6324    1467.56  0.000e+00
     87.737   59.84442 -149.46794     4.9207    31.6324    1467.56  0.000e+00
     87.768   59.84442 -149.46794     4.9211    31.6322    1467.56  0.000e+00
     87.852   59.84442 -149.46794     4.9214    31.6326    1467.57  0.000e+00
     87.852   59.84442 -149.46794     4.9215    31.6330    1467.57  0.000e+00
