merge_samples_with_btl/SKQ202309T/ctd/skq202309t_001avg.cnv
* Sea-Bird SBE 9 Data File:
* FileName = D:\CTD\SKQ202309T\SKQ202309T_001.hex
* Software Version Seasave V 7.26.7.121
* Temperature SN = 6177
* Conductivity SN = 0369
* Number of Bytes Per Scan = 38
* Number of Voltage Words = 3
* Number of Scans Averaged by the Deck Unit = 1
* NMEA Latitude = 59 50.67 N
* NMEA Longitude = 149 28.05 W
* NMEA UTC (Time) = Jun 06 2023  18:49:21
* NMEA baud rate = 4800
** Ship: R/V Sikuliaq
** Station Number: 001
** Station Name: GAK1
** Bottom Depth: 272
** Operator: AP
# nquan = 25
# nvalues = 261                         
# units = specified
# name 0 = depSM: Depth [salt water, m]
# name 1 = latitude: Latitude [deg]
# name 2 = longitude: Longitude [deg]
# name 3 = prDM: Pressure, Digiquartz [db]
# name 4 = t090C: Temperature [ITS-90, deg C]
# name 5 = t190C: Temperature, 2 [ITS-90, deg C]
# name 6 = potemp090C: Potential Temperature [ITS-90, deg C]
# name 7 = sal00: Salinity, Practical [PSU]
# name 8 = sal11: Salinity, Practical, 2 [PSU]
# name 9 = density00: Density [density, kg/m^3]
# name 10 = sigma-é00: Density [sigma-theta, kg/m^3]
# name 11 = sbox0Mm/Kg: Oxygen, SBE 43 [umol/kg]
# name 12 = sbox1Mm/Kg: Oxygen, SBE 43, 2 [umol/kg]
# name 13 = oxsolMm/Kg: Oxygen Saturation, Garcia & Gordon [umol/kg]
# name 14 = sbeox0PS: Oxygen, SBE 43 [% saturation]
# name 15 = sbeox1PS: Oxygen, SBE 43, 2 [% saturation]
# name 16 = v0: Voltage 0
# name 17 = flECO-AFL: Fluorescence, WET Labs ECO-AFL/FL [mg/m^3]
# name 18 = v1: Voltage 1
# name 19 = CStarAt0: Beam Attenuation, WET Labs C-Star [1/m]
# name 20 = par: PAR/Irradiance, Biospherical/Licor
# name 21 = scan: Scan Count
# name 22 = timeM: Time, Elapsed [minutes]
# name 23 = nbin: number of scans per bin
# name 24 = flag: flag
# span 0 =      1.981,    259.368       
# span 1 =   59.84414,   59.84444       
# span 2 = -149.46843, -149.46794       
# span 3 =      2.000,    262.000       
# span 4 =     4.8658,     8.5183       
# span 5 =     4.8656,     8.5031       
# span 6 =     4.8599,     8.5181       
# span 7 =    30.0935,    33.1950       
# span 8 =    30.1193,    33.2047       
# span 9 =  1023.3589,  1027.3431       
# span 10 =    23.3498,    26.1389      
# span 11 =    138.768,    350.884      
# span 12 =    134.077,    342.131      
# span 13 =  293.91283,  316.35143      
# span 14 =     45.515,    119.384      
# span 15 =     43.981,    116.388      
# span 16 =     0.0582,     0.6660      
# span 17 =     0.0011,     3.6481      
# span 18 =     3.5013,     4.6542      
# span 19 =     0.0496,     1.1890      
# span 20 = -9.835e-06, 1.4646e+02      
# span 21 =        384,      15340      
# span 22 =     0.2657,    10.6517      
# span 23 =         15,        487      
# span 24 = 0.0000e+00, 0.0000e+00      
# interval = decibars: 1                
# start_time = Jun 06 2023 18:55:03 [NMEA time, first data scan]
# bad_flag = -9.990e-29
*END*
[from data line 174]
    174.268   59.84443 -149.46796    176.000     5.3799     5.3797     5.3663    32.4374    32.4476  1026.4169    25.6029    252.869    245.587  310.51234     81.436     79.097     0.0613     0.0195     4.5713     0.1214 4.8814e-06       8622     5.9867         26 0.0000e+00
    175.258   59.84442 -149.46796    177.000     5.3877     5.3875     5.3741    32.4505    32.4607  1026.4309    25.6124    252.520    245.452  310.42492     81.347     79.076     0.0602     0.0135     4.5713     0.1215 7.0490e-06       8647     6.0044         24 0.0000e+00
    176.248   59.84442 -149.46796    178.000     5.3929     5.3930     5.3792    32.4569    32.4676  1026.4401    25.6169    251.857    244.426  310.37171     81.147     78.759     0.0603     0.0136     4.5614     0.1301 6.4363e-06       8672     6.0216         25 0.0000e+00
    177.238   59.84442 -149.46796    179.000     5.3969     5.3969     5.3831    32.4638    32.4744  1026.4496    25.6219    250.289    243.278  310.32677     80.653     78.400     0.0604     0.0142     4.5655     0.1266 6.4383e-06       8697     6.0387         25 0.0000e+00
    178.227   59.84442 -149.46796    180.000     5.4021     5.4018     5.3883    32.4736    32.4838  1026.4613    25.6290    248.585    241.441  310.26557     80.120     77.823     0.0604     0.0145     4.5641     0.1278 6.2736e-06       8723     6.0571         27 0.0000e+00
    179.217   59.84442 -149.46796    181.000     5.4118     5.4113     5.3979    32.4866    32.4949  1026.4751    25.6383    247.251    239.864  310.16442     79.716     77.338     0.0603     0.0136     4.5627     0.1291 6.7879e-06       8751     6.0761         25 0.0000e+00
    180.207   59.84442 -149.46796    182.000     5.4420     5.4415     5.4279    32.5289    32.5374  1026.5095    25.6682    246.186    238.852  309.84614     79.454     77.091     0.0606     0.0157     4.5541     0.1365 7.1172e-06       8775     6.0931         25 0.0000e+00
    181.197   59.84442 -149.46796    183.000     5.4636     5.4639     5.4494    32.5560    32.5639  1026.5329    25.6872    245.288    238.033  309.62611     79.221     76.883     0.0613     0.0195     4.5391     0.1498 7.3095e-06       8798     6.1088         22 0.0000e+00
    182.186   59.84442 -149.46796    184.000     5.5195     5.5194     5.5051    32.6407    32.6476  1026.5977    25.7478    243.247    236.463  309.02418     78.715     76.523     0.0604     0.0144     4.5131     0.1728 6.5622e-06       8820     6.1243         22 0.0000e+00
    183.176   59.84442 -149.46796    185.000     5.5269     5.5266     5.5124    32.6516    32.6613  1026.6101    25.7556    239.798    233.725  308.94518     77.618     75.657     0.0625     0.0269     4.4946     0.1892 7.3326e-06       8843     6.1402         22 0.0000e+00
    184.166   59.84442 -149.46796    186.000     5.5267     5.5267     5.5121    32.6558    32.6660  1026.6180    25.7589    234.209    228.854  308.93698     75.811     74.083     0.0618     0.0229     4.5008     0.1837 7.0590e-06       8867     6.1566         24 0.0000e+00
    185.155   59.84442 -149.46796    187.000     5.5278     5.5283     5.5131    32.6597    32.6706  1026.6256    25.7618    226.392    221.687  308.92025     73.285     71.769     0.0608     0.0167     4.5033     0.1815 7.1145e-06       8890     6.1732         25 0.0000e+00
    186.145   59.84442 -149.46796    188.000     5.5347     5.5336     5.5200    32.6708    32.6792  1026.6381    25.7699    220.401    215.193  308.84430     71.363     69.679     0.0620     0.0241     4.5065     0.1786 7.7417e-06       8915     6.1900         24 0.0000e+00
    187.135   59.84442 -149.46796    189.000     5.5514     5.5517     5.5365    32.6919    32.7012  1026.6574    25.7846    219.202    212.802  308.67503     71.014     68.946     0.0620     0.0236     4.5041     0.1807 5.8083e-06       8939     6.2072         25 0.0000e+00
    188.124   59.84442 -149.46796    190.000     5.5828     5.5833     5.5678    32.7302    32.7390  1026.6884    25.8112    219.512    212.752  308.35903     71.187     69.000     0.0599     0.0113     4.4940     0.1897 5.0094e-06       8963     6.2239         22 0.0000e+00
    189.114   59.84442 -149.46796    191.000     5.6015     5.6017     5.5864    32.7485    32.7502  1026.7051    25.8235    219.339    212.545  308.18207     71.172     68.969     0.0607     0.0161     4.4796     0.2026 5.3992e-06       8986     6.2396         22 0.0000e+00
    190.104   59.84442 -149.46796    192.000     5.6109     5.6107     5.5957    32.7617    32.7704  1026.7191    25.8329    217.544    211.422  308.08322     70.612     68.629     0.0624     0.0261     4.4698     0.2113 5.6435e-06       9008     6.2549         24 0.0000e+00
    191.093   59.84442 -149.46796    193.000     5.6164     5.6162     5.6011    32.7695    32.7791  1026.7292    25.8384    213.596    208.012  308.02593     69.344     67.535     0.0615     0.0206     4.4643     0.2163 6.3292e-06       9032     6.2713         24 0.0000e+00
    192.083   59.84442 -149.46796    194.000     5.6177     5.6176     5.6023    32.7717    32.7818  1026.7353    25.8399    209.315    203.279  308.01180     67.957     66.002     0.0612     0.0189     4.4621     0.2182 5.2322e-06       9057     6.2889         26 0.0000e+00
    193.072   59.84442 -149.46796    195.000     5.6156     5.6153     5.6002    32.7722    32.7829  1026.7406    25.8406    206.410    200.355  308.02527     67.011     65.050     0.0606     0.0155     4.4662     0.2146 4.9396e-06       9083     6.3067         24 0.0000e+00
    194.063   59.84442 -149.46796    196.000     5.6129     5.6123     5.5973    32.7732    32.7832  1026.7464    25.8417    204.954    199.153  308.04294     66.534     64.655     0.0614     0.0203     4.4704     0.2108 6.6474e-06       9106     6.3231         23 0.0000e+00
    195.052   59.84442 -149.46796    197.000     5.6177     5.6173     5.6021    32.7747    32.7848  1026.7516    25.8424    204.852    198.497  308.00458     66.509     64.450     0.0614     0.0203     4.4615     0.2188 5.7756e-06       9129     6.3385         22 0.0000e+00
    196.042   59.84442 -149.46796    198.000     5.6194     5.6193     5.6037    32.7755    32.7857  1026.7566    25.8428    204.869    198.324  307.99052     66.518     64.398     0.0603     0.0136     4.4683     0.2127 5.5403e-06       9152     6.3551         26 0.0000e+00
    197.031   59.84442 -149.46796    199.000     5.6201     5.6199     5.6043    32.7767    32.7875  1026.7621    25.8437    204.925    198.617  307.98266     66.538     64.494     0.0626     0.0273     4.4690     0.2121 5.4471e-06       9179     6.3737         28 0.0000e+00
    198.021   59.84442 -149.46796    200.000     5.6214     5.6214     5.6055    32.7808    32.7912  1026.7698    25.8468    205.451    198.678  307.96397     66.713     64.518     0.0604     0.0144     4.4702     0.2110 7.1686e-06       9207     6.3927         26 0.0000e+00
    199.011   59.84442 -149.46796    201.000     5.6222     5.6221     5.6062    32.7819    32.7919  1026.7751    25.8476    205.557    198.944  307.95585     66.749     64.606     0.0606     0.0153     4.4701     0.2111 6.3399e-06       9232     6.4104         24 0.0000e+00
    200.000   59.84442 -149.46796    202.000     5.6235     5.6235     5.6074    32.7845    32.7945  1026.7816    25.8495    205.330    198.398  307.94045     66.679     64.432     0.0640     0.0359     4.4679     0.2131 6.1555e-06       9255     6.4265         22 0.0000e+00
    200.990   59.84442 -149.46796    203.000     5.6326     5.6325     5.6165    32.7998    32.8087  1026.7972    25.8605    204.955    197.290  307.83934     66.579     64.093     0.0617     0.0219     4.4664     0.2144 6.1610e-06       9277     6.4418         22 0.0000e+00
    201.979   59.84442 -149.46796    204.000     5.6382     5.6383     5.6220    32.8095    32.8194  1026.8088    25.8675    204.908    197.339  307.77659     66.577     64.122     0.0613     0.0198     4.4648     0.2158 7.0622e-06       9300     6.4573         24 0.0000e+00
    202.969   59.84442 -149.46797    205.000     5.6448     5.6448     5.6284    32.8194    32.8289  1026.8204    25.8746    204.497    197.277  307.70680     66.458     64.117     0.0615     0.0210     4.4601     0.2200 5.3746e-06       9322     6.4732         24 0.0000e+00
    203.958   59.84442 -149.46798    206.000     5.6498     5.6499     5.6333    32.8237    32.8339  1026.8278    25.8774    202.997    196.360  307.66076     65.981     63.828     0.0623     0.0258     4.4396     0.2384 4.9513e-06       9347     6.4902         24 0.0000e+00
    204.948   59.84441 -149.46798    207.000     5.6499     5.6500     5.6334    32.8247    32.8348  1026.8332    25.8782    201.216    194.269  307.65760     65.403     63.149     0.0635     0.0327     4.4505     0.2286 6.3668e-06       9372     6.5074         24 0.0000e+00
    205.938   59.84440 -149.46798    208.000     5.6521     5.6520     5.6354    32.8291    32.8388  1026.8410    25.8815    199.424    192.645  307.63192     64.826     62.626     0.0634     0.0323     4.4558     0.2239 5.7524e-06       9395     6.5239         22 0.0000e+00
    206.927   59.84440 -149.46798    209.000     5.6585     5.6586     5.6418    32.8382    32.8479  1026.8520    25.8879    198.299    191.961  307.56483     64.474     62.418     0.0618     0.0227     4.4666     0.2142 7.0833e-06       9418     6.5398         25 0.0000e+00
    207.917   59.84440 -149.46798    210.000     5.6609     5.6609     5.6441    32.8435    32.8534  1026.8605    25.8918    198.085    191.668  307.53530     64.411     62.328     0.0604     0.0145     4.4739     0.2077 6.0610e-06       9442     6.5564         24 0.0000e+00
    208.906   59.84440 -149.46798    211.000     5.6642     5.6639     5.6474    32.8502    32.8601  1026.8700    25.8967    197.642    191.327  307.49566     64.275     62.225     0.0595     0.0091     4.4783     0.2037 5.8668e-06       9468     6.5744         26 0.0000e+00
    209.896   59.84440 -149.46798    212.000     5.6664     5.6662     5.6494    32.8531    32.8633  1026.8766    25.8988    197.312    190.257  307.47387     64.172     61.882     0.0597     0.0101     4.4976     0.1865 5.1522e-06       9496     6.5938         28 0.0000e+00
    210.886   59.84440 -149.46798    213.000     5.6664     5.6664     5.6494    32.8543    32.8646  1026.8822    25.8997    196.641    189.882  307.47060     63.955     61.761     0.0609     0.0173     4.5011     0.1834 6.9333e-06       9524     6.6135         27 0.0000e+00
    211.875   59.84440 -149.46798    214.000     5.6670     5.6671     5.6498    32.8557    32.8658  1026.8878    25.9008    195.983    189.450  307.46353     63.742     61.622     0.0609     0.0174     4.5093     0.1761 5.9708e-06       9550     6.6315         24 0.0000e+00
    212.865   59.84440 -149.46798    215.000     5.6704     5.6704     5.6532    32.8581    32.8679  1026.8939    25.9022    195.682    188.929  307.43327     63.650     61.458     0.0609     0.0173     4.5107     0.1749 6.6299e-06       9573     6.6472         23 0.0000e+00
    213.854   59.84440 -149.46798    216.000     5.6766     5.6768     5.6593    32.8661    32.8756  1026.9041    25.9079    195.781    188.566  307.37028     63.695     61.353     0.0606     0.0153     4.4879     0.1952 4.9579e-06       9593     6.6614         19 0.0000e+00
    214.844   59.84440 -149.46798    217.000     5.6827     5.6828     5.6653    32.8764    32.8861  1026.9161    25.9153    195.822    188.337  307.30283     63.723     61.292     0.0604     0.0142     4.4883     0.1948 4.8427e-06       9613     6.6753         21 0.0000e+00
    215.833   59.84440 -149.46798    218.000     5.6942     5.6930     5.6767    32.8886    32.8987  1026.9289    25.9236    194.967    188.224  307.19199     63.467     61.275     0.0608     0.0165     4.5065     0.1786 6.9774e-06       9639     6.6927         31 0.0000e+00
    216.823   59.84440 -149.46799    219.000     5.7200     5.7199     5.7024    32.9160    32.9271  1026.9518    25.9421    192.573    186.223  306.94392     62.739     60.675     0.0619     0.0235     4.4858     0.1970 4.9262e-06       9683     6.7233         53 0.0000e+00
    217.812   59.84440 -149.46800    220.000     5.7325     5.7318     5.7147    32.9362    32.9470  1026.9708    25.9567    188.273    182.280  306.80826     61.365     59.415     0.0609     0.0173     4.4405     0.2377 5.6034e-06       9732     6.7577         44 0.0000e+00
    218.802   59.84440 -149.46800    221.000     5.7467     5.7464     5.7288    32.9537    32.9645  1026.9875    25.9688    183.473    177.263  306.66628     59.828     57.808     0.0627     0.0281     4.4793     0.2029 6.2827e-06       9783     6.7933         62 0.0000e+00
    219.792   59.84440 -149.46800    222.000     5.7499     5.7498     5.7320    32.9599    32.9673  1026.9966    25.9734    180.439    174.347  306.62883     58.846     56.862     0.0627     0.0279     4.4798     0.2024 6.0769e-06       9838     6.8310         46 0.0000e+00
    220.781   59.84438 -149.46802    223.000     5.7361     5.7322     5.7181    32.9429    32.9485  1026.9895    25.9616    183.022    177.570  306.76727     59.662     57.882     0.0611     0.0185     4.4771     0.2048 6.2175e-06      10198     7.0814        314 0.0000e+00
    221.770   59.84436 -149.46805    224.000     5.7504     5.7518     5.7323    32.9616    32.9737  1027.0071    25.9746    179.928    173.630  306.62152     58.681     56.634     0.0625     0.0269     4.4861     0.1968 6.6511e-06      10647     7.3928        228 0.0000e+00
    222.760   59.84436 -149.46809    225.000     5.7592     5.7590     5.7410    32.9721    32.9824  1027.0188    25.9819    178.670    174.026  306.53439     58.287     56.776     0.0610     0.0176     4.4983     0.1859 6.3382e-06      11408     7.9218         86 0.0000e+00
    223.749   59.84435 -149.46809    226.000     5.7591     5.7596     5.7408    32.9719    32.9825  1027.0233    25.9818    178.670    173.422  306.53586     58.287     56.580     0.0614     0.0204     4.5008     0.1837 6.1721e-06      11524     8.0018        109 0.0000e+00
    224.739   59.84436 -149.46810    227.000     5.7653     5.7650     5.7469    32.9781    32.9881  1027.0320    25.9859    179.107    173.141  306.47726     58.441     56.498     0.0624     0.0265     4.5049     0.1801 5.9046e-06      11572     8.0354         33 0.0000e+00
    225.728   59.84435 -149.46810    228.000     5.7764     5.7762     5.7579    32.9903    33.0001  1027.0449    25.9943    178.515    173.166  306.37007     58.268     56.526     0.0616     0.0211     4.5159     0.1703 6.1791e-06      11613     8.0639         56 0.0000e+00
    226.718   59.84434 -149.46809    229.000     5.7791     5.7772     5.7605    32.9941    33.0021  1027.0521    25.9970    175.699    170.838  306.34196     57.354     55.768     0.0610     0.0180     4.5222     0.1647 7.2426e-06      11709     8.1304         91 0.0000e+00
    227.708   59.84436 -149.46810    230.000     5.7877     5.7877     5.7690    33.0036    33.0142  1027.0632    26.0035    175.718    170.374  306.25849     57.376     55.635     0.0607     0.0162     4.5185     0.1679 6.0081e-06      11763     8.1681         45 0.0000e+00
    228.697   59.84436 -149.46810    231.000     5.8011     5.8013     5.7823    33.0209    33.0308  1027.0797    26.0155    175.077    169.554  306.12328     57.192     55.392     0.0607     0.0162     4.5208     0.1659 6.4795e-06      11805     8.1971         38 0.0000e+00
    229.686   59.84434 -149.46810    232.000     5.8145     5.8142     5.7956    33.0343    33.0437  1027.0932    26.0245    173.951    168.340  305.99686     56.848     55.017     0.0621     0.0242     4.5117     0.1740 6.7042e-06      11847     8.2264         48 0.0000e+00
