merge_samples_with_btl/SKQ202309T/ctd/skq202309t_003svp.cnv
* Sea-Bird SBE 9 Data File:
* FileName = D:\CTD\SKQ202309T\SKQ202309T_003.hex
* Software Version Seasave V 7.26.7.121
* Temperature SN = 6177
* Conductivity SN = 0369
* Number of Bytes Per Scan = 38
* Number of Voltage Words = 3
* Number of Scans Averaged by the Deck Unit = 1
* NMEA Latitude = 56 26.56 N
* NMEA Longitude = 166 33.22 W
* NMEA UTC (Time) = Jun 10 2023  04:39:46
* NMEA baud rate = 4800
** Ship: R/V Sikuliaq
** Station Number: 003
** Station Name: STN 004
** Bottom Depth: 101
** Operator: Julia Moriarty
# nquan = 7
# nvalues = 9701                                  
# units = specified
# name 0 = depSM: Depth [salt water, m]
# name 1 = latitude: Latitude [deg]
# name 2 = longitude: Longitude [deg]
# name 3 = t090C: Temperature [ITS-90, deg C]
# name 4 = sal00: Salinity, Practical [PSU]
# name 5 = svCM: Sound Velocity [Chen-Millero, m/s]
# name 6 = flag:  0.000e+00
# span 0 =      1.756,     95.786                 
# span 1 =   56.44268,   56.44276                 
# span 2 = -166.55362, -166.55346                 
# span 3 =     3.6067,     6.8002                 
# span 4 =    31.7989,    32.3667                 
# span 5 =    1462.10,    1474.00                 
# span 6 = 0.0000e+00, 0.0000e+00                 
# interval = seconds: 0.0416667
# start_time = Jun 10 2023 04:44:02 [NMEA time, first data scan]
# bad_flag = -9.990e-29
*END*
[from data line 9642]
     95.086   56.44276 -166.55346     3.9918    32.3659    1464.76  0.000e+00
     95.202   56.44276 -166.55346     3.9916    32.3658    1464.76  0.000e+00
     95.140   56.44276 -166.55346     3.9916    32.3661    1464.76  0.000e+00
     95.202   56.44276 -166.55346     3.9919    32.3655    1464.77  0.000e+00
     95.202   56.44276 -166.55346     3.9915    32.3662    1464.76  0.000e+00
     95.202   56.44276 -166.55346     3.9916    32.3660    1464.77  0.000e+00
     95.202   56.44276 -166.55346     3.9917    32.3662    1464.77  0.000e+00
     95.256   56.44276 -166.55346     3.9918    32.3655    1464.77  0.000e+00
     95.256   56.44276 -166.55346     3.9915    32.3660    1464.77  0.000e+00
     95.256   56.44276 -166.55346     3.9918    32.3659    1464.77  0.000e+00
     95.225   56.44276 -166.55346     3.9916    32.3662    1464.77  0.000e+00
     95.318   56.44276 -166.55346     3.9916    32.3661    1464.77  0.000e+00
     95.256   56.44276 -166.55346     3.9918    32.3659    1464.77  0.000e+00
     95.318   56.44276 -166.55346     3.9917    32.3660    1464.77  0.000e+00
     95.256   56.44276 -166.55346     3.9918    32.3660    1464.77  0.000e+00
     95.372   56.44276 -166.55346     3.9916    32.3661    1464.77  0.000e+00
     95.318   56.44276 -166.55346     3.9916    32.3661    1464.77  0.000e+00
     95.372   56.44276 -166.55346     3.9917    32.3658    1464.77  0.000e+00
     95.318   56.44276 -166.55346     3.9916    32.3661    1464.77  0.000e+00
     95.372   56.44276 -166.55346     3.9918    32.3660    1464.77  0.000e+00
     95.372   56.44276 -166.55346     3.9916    32.3659    1464.77  0.000e+00
     95.372   56.44276 -166.55346     3.9918    32.3661    1464.77  0.000e+00
     95.434   56.44276 -166.55346     3.9917    32.3661    1464.77  0.000e+00
     95.372   56.44276 -166.55346     3.9918    32.3661    1464.77  0.000e+00
     95.434   56.44276 -166.55346     3.9916    32.3664    1464.77  0.000e+00
     95.434   56.44276 -166.55346     3.9919    32.3663    1464.77  0.000e+00
     95.434   56.44276 -166.55346     3.9919    32.3659    1464.77  0.000e+00
     95.488   56.44276 -166.55346     3.9919    32.3659    1464.77  0.000e+00
     95.434   56.44276 -166.55346     3.9918    32.3661    1464.77  0.000e+00
     95.488   56.44276 -166.55346     3.9920    32.3657    1464.77  0.000e+00
     95.488   56.44276 -166.55346     3.9918    32.3659    1464.77  0.000e+00
     95.488   56.44276 -166.55346     3.9920    32.3657    1464.77  0.000e+00
     95.488   56.44276 -166.55346     3.9917    32.3661    1464.77  0.000e+00
     95.488   56.44276 -166.55346     3.9918    32.3664    1464.77  0.000e+00
     95.550   56.44276 -166.55346     3.9920    32.3660    1464.77  0.000e+00
     95.488   56.44276 -166.55346     3.9919    32.3662    1464.77  0.000e+00
     95.550   56.44276 -166.55346     3.9919    32.3661    1464.77  0.000e+00
     95.604   56.44276 -166.55346     3.9918    32.3661    1464.77  0.000e+00
     95.550   56.44276 -166.55346     3.9920    32.3659    1464.77  0.000e+00
     95.550   56.44276 -166.55346     3.9920    32.3663    1464.77  0.000e+00
     95.550   56.44276 -166.55346     3.9918    32.3661    1464.77  0.000e+00
     95.550   56.44276 -166.55346     3.9919    32.3658    1464.77  0.000e+00
     95.604   56.44276 -166.55346     3.9918    32.3662    1464.77  0.000e+00
     95.604   56.44276 -166.55346     3.9919    32.3659    1464.77  0.000e+00
     95.604   56.44276 -166.55346     3.9919    32.3659    1464.77  0.000e+00
     95.604   56.44276 -166.55346     3.9919    32.3665    1464.77  0.000e+00
     95.604   56.44276 -166.55346     3.9919    32.3659    1464.77  0.000e+00
     95.658   56.44276 -166.55346     3.9921    32.3659    1464.77  0.000e+00
     95.604   56.44276 -166.55346     3.9919    32.3664    1464.77  0.000e+00
     95.658   56.44276 -166.55346     3.9921    32.3660    1464.77  0.000e+00
     95.604   56.44276 -166.55346     3.9920    32.3660    1464.77  0.000e+00
     95.658   56.44276 -166.55346     3.9921    32.3662    1464.77  0.000e+00
     95.604   56.44276 -166.55346     3.9920    32.3660    1464.77  0.000e+00
     95.658   56.44276 -166.55346     3.9922    32.3659    1464.78  0.000e+00
     95.658   56.44276 -166.55346     3.9921    32.3663    1464.78  0.000e+00
     95.658   56.44276 -166.55346     3.9920    32.3663    1464.77  0.000e+00
     95.658   56.44276 -166.55346     3.9923    32.3658    1464.78  0.000e+00
     95.658   56.44276 -166.55346     3.9922    32.3658    1464.77  0.000e+00
     95.720   56.44276 -166.55346     3.9923    32.3658    1464.78  0.000e+00
