merge_samples_with_btl/SKQ202309T/ctd/skq202309t_006.ros
* Sea-Bird SBE 9 Data File:
* FileName = D:\CTD\SKQ202309T\SKQ202309T_006.hex
* Software Version Seasave V 7.26.7.121
* Temperature SN = 6177
* Conductivity SN = 0369
* Number of Bytes Per Scan = 38
* Number of Voltage Words = 3
* Number of Scans Averaged by the Deck Unit = 1
* NMEA Latitude = 63 13.86 N
* NMEA Longitude = 165 38.62 W
* NMEA UTC (Time) = Jun 12 2023  07:50:19
* NMEA baud rate = 4800
** Ship: R/V Sikuliaq
** Station Number: 006
** Station Name: STN 009
** Bottom Depth: 23
** Operator: Seth Zippel
# nquan = 21
# nvalues = 784                                   
# units = specified
# name 0 = depSM: Depth [salt water, m]
# name 1 = latitude: Latitude [deg]
# name 2 = longitude: Longitude [deg]
# name 3 = prDM: Pressure, Digiquartz [db]
# name 4 = t090C: Temperature [ITS-90, deg C]
# name 5 = t190C: Temperature, 2 [ITS-90, deg C]
# name 6 = potemp090C: Potential Temperature [ITS-90, deg C]
# name 7 = sal00: Salinity, Practical [PSU]
# name 8 = sal11: Salinity, Practical, 2 [PSU]
# name 9 = density00: Density [density, kg/m^3]
# name 10 = sigma-é00: Density [sigma-theta, kg/m^3]
# name 11 = sbox0Mm/Kg: Oxygen, SBE 43 [umol/kg]
# name 12 = sbox1Mm/Kg: Oxygen, SBE 43, 2 [umol/kg]
# name 13 = oxsolMm/Kg: Oxygen Saturation, Garcia & Gordon [umol/kg]
# name 14 = sbeox0PS: Oxygen, SBE 43 [% saturation]
# name 15 = v0: Voltage 0
# name 16 = flECO-AFL: Fluorescence, WET Labs ECO-AFL/FL [mg/m^3]
# name 17 = CStarAt0: Beam Attenuation, WET Labs C-Star [1/m]
# name 18 = scan: Scan Count
# name 19 = nbf: Bottles Fired
# name 20 = flag:  0.000e+00
# interval = seconds: 0.0416667
# start_time = Jun 12 2023 07:55:11 [NMEA time, first data scan]
# bad_flag = -9.990e-29
*END*
[from data line 207]
     12.306   63.23140 -165.64242     12.427    -1.0145    -1.0138    -1.0147    30.5849    30.5957  1024.6364    24.5764    387.901    375.775  369.97737    104.844     0.2955     1.4249     1.0764       7877          5  0.000e+00
     12.306   63.23140 -165.64242     12.427    -1.0148    -1.0139    -1.0150    30.5854    30.5960  1024.6368    24.5768    387.865    375.785  369.97888    104.834     0.2943     1.4176     1.0764       7878          5  0.000e+00
     12.329   63.23140 -165.64242     12.450    -1.0147    -1.0137    -1.0149    30.5853    30.5961  1024.6369    24.5767    387.827    375.793  369.97789    104.824     0.2955     1.4249     1.0764       7879          5  0.000e+00
     12.360   63.23140 -165.64242     12.481    -1.0148    -1.0138    -1.0150    30.5851    30.5960  1024.6369    24.5766    387.636    375.804  369.97970    104.772     0.2955     1.4249     1.0764       7880          5  0.000e+00
     12.306   63.23140 -165.64242     12.427    -1.0145    -1.0141    -1.0147    30.5850    30.5964  1024.6365    24.5765    387.807    376.008  369.97701    104.819     0.2955     1.4249     1.0764       7881          5  0.000e+00
     12.306   63.23140 -165.64242     12.427    -1.0147    -1.0136    -1.0149    30.5851    30.5958  1024.6366    24.5766    387.826    375.814  369.97845    104.824     0.2955     1.4249     1.0764       7882          5  0.000e+00
     12.329   63.23140 -165.64242     12.450    -1.0147    -1.0139    -1.0149    30.5851    30.5962  1024.6367    24.5765    387.798    375.824  369.97861    104.816     0.2943     1.4176     1.0764       7883          5  0.000e+00
     12.306   63.23140 -165.64242     12.427    -1.0145    -1.0137    -1.0147    30.5851    30.5962  1024.6366    24.5765    387.765    376.055  369.97689    104.808     0.2955     1.4249     1.0764       7884          5  0.000e+00
     12.306   63.23140 -165.64242     12.427    -1.0148    -1.0139    -1.0150    30.5850    30.5962  1024.6366    24.5765    387.738    376.094  369.97985    104.800     0.2943     1.4176     1.0764       7885          5  0.000e+00
     12.360   63.23140 -165.64242     12.481    -1.0148    -1.0137    -1.0150    30.5846    30.5956  1024.6364    24.5761    387.762    376.130  369.98126    104.806     0.2955     1.4249     1.0764       7886          5  0.000e+00
     12.275   63.23140 -165.64242     12.395    -1.0145    -1.0136    -1.0147    30.5847    30.5955  1024.6361    24.5763    387.726    376.159  369.97792    104.797     0.2943     1.4176     1.0764       7887          5  0.000e+00
     12.360   63.23140 -165.64242     12.481    -1.0148    -1.0138    -1.0150    30.5849    30.5963  1024.6367    24.5764    387.705    375.968  369.98018    104.791     0.2955     1.4249     1.0778       7888          5  0.000e+00
     12.306   63.23140 -165.64242     12.427    -1.0145    -1.0137    -1.0147    30.5844    30.5960  1024.6360    24.5760    387.673    375.966  369.97894    104.782     0.2943     1.4176     1.0764       7889          5  0.000e+00
     12.306   63.23140 -165.64242     12.427    -1.0145    -1.0137    -1.0147    30.5848    30.5956  1024.6363    24.5763    387.694    375.969  369.97786    104.788     0.2955     1.4249     1.0764       7890          5  0.000e+00
     12.383   63.23140 -165.64242     12.505    -1.0145    -1.0136    -1.0147    30.5846    30.5961  1024.6366    24.5762    387.722    376.199  369.97823    104.796     0.2955     1.4249     1.0764       7891          5  0.000e+00
     12.306   63.23140 -165.64242     12.427    -1.0145    -1.0136    -1.0147    30.5845    30.5959  1024.6361    24.5761    387.694    376.226  369.97858    104.788     0.2943     1.4176     1.0764       7892          5  0.000e+00
     12.306   63.23140 -165.64242     12.427    -1.0147    -1.0136    -1.0149    30.5850    30.5957  1024.6365    24.5765    387.671    376.256  369.97893    104.782     0.2955     1.4249     1.0764       7893          5  0.000e+00
     12.360   63.23140 -165.64242     12.481    -1.0147    -1.0136    -1.0149    30.5848    30.5957  1024.6366    24.5763    387.650    376.028  369.97938    104.776     0.2943     1.4176     1.0764       7894          5  0.000e+00
     12.329   63.23140 -165.64242     12.450    -1.0148    -1.0137    -1.0150    30.5855    30.5961  1024.6371    24.5769    387.624    375.991  369.97844    104.769     0.2979     1.4395     1.0764       7895          5  0.000e+00
     12.306   63.23140 -165.64242     12.427    -1.0147    -1.0138    -1.0149    30.5852    30.5958  1024.6367    24.5767    387.648    375.986  369.97821    104.776     0.2979     1.4395     1.0791       7896          5  0.000e+00
     12.306   63.23140 -165.64242     12.427    -1.0148    -1.0139    -1.0150    30.5851    30.5957  1024.6366    24.5766    387.678    375.982  369.97973    104.784     0.2991     1.4469     1.0968       7897          5  0.000e+00
     12.306   63.23140 -165.64242     12.427    -1.0147    -1.0136    -1.0149    30.5848    30.5959  1024.6364    24.5763    387.708    375.973  369.97941    104.792     0.2979     1.4395     1.1050       7898          5  0.000e+00
     12.383   63.23140 -165.64242     12.505    -1.0146    -1.0139    -1.0149    30.5849    30.5964  1024.6368    24.5764    387.693    375.974  369.97854    104.788     0.2991     1.4469     1.1050       7899          5  0.000e+00
     12.306   63.23140 -165.64242     12.427    -1.0148    -1.0136    -1.0150    30.5850    30.5961  1024.6365    24.5765    387.673    375.962  369.98009    104.782     0.2979     1.4395     1.1050       7900          5  0.000e+00
     12.306   63.23140 -165.64242     12.427    -1.0145    -1.0136    -1.0147    30.5850    30.5958  1024.6365    24.5765    387.701    375.958  369.97713    104.791     0.2991     1.4469     1.1050       7901          5  0.000e+00
     12.360   63.23140 -165.64242     12.481    -1.0146    -1.0134    -1.0149    30.5853    30.5958  1024.6370    24.5767    387.688    375.954  369.97754    104.787     0.2991     1.4469     1.1050       7902          5  0.000e+00
     12.329   63.23140 -165.64242     12.450    -1.0148    -1.0136    -1.0150    30.5853    30.5963  1024.6369    24.5767    387.673    375.947  369.97904    104.782     0.2991     1.4469     1.1037       7903          5  0.000e+00
     12.306   63.23140 -165.64242     12.427    -1.0147    -1.0137    -1.0149    30.5853    30.5963  1024.6368    24.5767    387.704    375.942  369.97797    104.791     0.2991     1.4469     1.1050       7904          5  0.000e+00
     12.360   63.23140 -165.64242     12.481    -1.0147    -1.0134    -1.0149    30.5845    30.5956  1024.6364    24.5761    387.695    376.166  369.98034    104.788     0.2979     1.4395     1.1050       7905          5  0.000e+00
     12.329   63.23140 -165.64242     12.450    -1.0145    -1.0139    -1.0147    30.5844    30.5958  1024.6362    24.5760    387.728    376.194  369.97874    104.797     0.2991     1.4469     1.1050       7906          5  0.000e+00
     12.306   63.23140 -165.64242     12.427    -1.0148    -1.0137    -1.0150    30.5849    30.5958  1024.6365    24.5764    387.817    376.214  369.98021    104.821     0.2979     1.4395     1.1050       7907          5  0.000e+00
     12.306   63.23140 -165.64242     12.427    -1.0148    -1.0139    -1.0150    30.5849    30.5963  1024.6365    24.5764    387.809    376.237  369.98021    104.819     0.2979     1.4395     1.1050       7908          5  0.000e+00
     12.360   63.23140 -165.64242     12.481    -1.0148    -1.0137    -1.0150    30.5850    30.5959  1024.6368    24.5765    387.547    375.999  369.98006    104.748     0.2979     1.4395     1.1050       7909          5  0.000e+00
     12.329   63.23140 -165.64242     12.450    -1.0148    -1.0138    -1.0150    30.5853    30.5957  1024.6369    24.5767    387.797    376.182  369.97904    104.816     0.2991     1.4469     1.1050       7910          5  0.000e+00
     12.306   63.23140 -165.64242     12.427    -1.0145    -1.0136    -1.0147    30.5852    30.5957  1024.6367    24.5766    387.788    376.164  369.97665    104.814     0.2991     1.4469     1.1050       7911          5  0.000e+00
     12.360   63.23140 -165.64242     12.482    -1.0145    -1.0137    -1.0147    30.5849    30.5958  1024.6367    24.5764    387.788    376.149  369.97735    104.814     0.2991     1.4469     1.1050       7912          5  0.000e+00
     12.306   63.23140 -165.64242     12.427    -1.0146    -1.0138    -1.0149    30.5848    30.5957  1024.6363    24.5763    387.783    375.932  369.97889    104.812     0.2991     1.4469     1.1037       7913          5  0.000e+00
     12.384   63.23140 -165.64242     12.505    -1.0145    -1.0136    -1.0147    30.5847    30.5956  1024.6366    24.5762    387.782    376.142  369.97811    104.812     0.2979     1.4395     1.1050       7914          5  0.000e+00
     12.309   63.23140 -165.64240     12.430    -1.0147    -1.0139    -1.0149    30.5850    30.5958  1024.6366    24.5765    387.808    376.577  369.97869    104.819     0.2650     1.2417     1.1518       8096          6  0.000e+00
     12.309   63.23140 -165.64240     12.430    -1.0147    -1.0139    -1.0149    30.5848    30.5957  1024.6364    24.5764    388.051    376.570  369.97930    104.885     0.2662     1.2491     1.1518       8097          6  0.000e+00
     12.278   63.23140 -165.64240     12.399    -1.0146    -1.0137    -1.0149    30.5845    30.5956  1024.6360    24.5761    388.034    376.558  369.97969    104.880     0.2650     1.2417     1.1490       8098          6  0.000e+00
     12.247   63.23140 -165.64240     12.368    -1.0147    -1.0139    -1.0149    30.5848    30.5953  1024.6360    24.5763    387.758    376.549  369.97955    104.805     0.2747     1.3004     1.1160       8099          6  0.000e+00
     12.248   63.23140 -165.64240     12.368    -1.0147    -1.0139    -1.0149    30.5849    30.5953  1024.6362    24.5764    387.692    376.534  369.97907    104.787     0.2821     1.3443     1.0982       8100          6  0.000e+00
     12.309   63.23140 -165.64240     12.430    -1.0147    -1.0139    -1.0149    30.5850    30.5957  1024.6366    24.5765    387.935    376.519  369.97869    104.853     0.2833     1.3516     1.0968       8101          6  0.000e+00
     12.278   63.23140 -165.64240     12.399    -1.0145    -1.0141    -1.0147    30.5841    30.5954  1024.6356    24.5757    387.660    376.501  369.97986    104.779     0.2821     1.3443     1.0982       8102          6  0.000e+00
     12.248   63.23140 -165.64240     12.368    -1.0147    -1.0139    -1.0149    30.5846    30.5956  1024.6359    24.5762    387.493    376.475  369.97991    104.733     0.2833     1.3516     1.0996       8103          6  0.000e+00
     12.309   63.23140 -165.64240     12.430    -1.0147    -1.0141    -1.0149    30.5848    30.5961  1024.6364    24.5763    387.426    376.454  369.97942    104.715     0.2821     1.3443     1.0996       8104          6  0.000e+00
     12.309   63.23140 -165.64240     12.430    -1.0143    -1.0141    -1.0146    30.5842    30.5960  1024.6359    24.5758    387.610    376.459  369.97775    104.766     0.2833     1.3516     1.0996       8105          6  0.000e+00
     12.217   63.23140 -165.64240     12.336    -1.0145    -1.0142    -1.0147    30.5847    30.5958  1024.6358    24.5762    387.631    376.461  369.97807    104.771     0.2833     1.3516     1.0996       8106          6  0.000e+00
     12.309   63.23140 -165.64240     12.430    -1.0148    -1.0141    -1.0150    30.5847    30.5963  1024.6363    24.5762    387.666    376.433  369.98081    104.780     0.2821     1.3443     1.0996       8107          6  0.000e+00
     12.248   63.23140 -165.64240     12.368    -1.0147    -1.0139    -1.0149    30.5850    30.5964  1024.6362    24.5764    387.943    376.395  369.97895    104.855     0.2833     1.3516     1.0996       8108          6  0.000e+00
     12.309   63.23140 -165.64240     12.430    -1.0146    -1.0142    -1.0149    30.5846    30.5960  1024.6362    24.5761    387.505    376.400  369.97950    104.737     0.2821     1.3443     1.0996       8109          6  0.000e+00
     12.279   63.23140 -165.64240     12.399    -1.0145    -1.0141    -1.0147    30.5848    30.5959  1024.6362    24.5763    387.480    376.393  369.97781    104.731     0.2833     1.3516     1.0996       8110          6  0.000e+00
     12.309   63.23140 -165.64240     12.430    -1.0147    -1.0141    -1.0149    30.5851    30.5957  1024.6366    24.5766    387.463    376.390  369.97857    104.726     0.2833     1.3516     1.0996       8111          6  0.000e+00
     12.309   63.23140 -165.64240     12.430    -1.0147    -1.0141    -1.0149    30.5847    30.5961  1024.6363    24.5763    387.702    376.350  369.97966    104.790     0.2833     1.3516     1.0996       8112          6  0.000e+00
     12.248   63.23140 -165.64240     12.368    -1.0145    -1.0141    -1.0147    30.5846    30.5955  1024.6359    24.5762    387.421    376.340  369.97824    104.715     0.2821     1.3443     1.0996       8113          6  0.000e+00
     12.279   63.23140 -165.64240     12.399    -1.0145    -1.0141    -1.0147    30.5848    30.5955  1024.6363    24.5764    387.404    376.299  369.97757    104.710     0.2833     1.3516     1.0996       8114          6  0.000e+00
     12.309   63.23140 -165.64240     12.430    -1.0145    -1.0141    -1.0147    30.5847    30.5960  1024.6363    24.5762    387.390    376.513  369.97810    104.706     0.2821     1.3443     1.0996       8115          6  0.000e+00
     12.248   63.23140 -165.64240     12.368    -1.0143    -1.0141    -1.0146    30.5849    30.5962  1024.6361    24.5764    387.370    376.265  369.97584    104.701     0.2821     1.3443     1.0996       8116          6  0.000e+00
     12.310   63.23140 -165.64240     12.430    -1.0147    -1.0141    -1.0149    30.5848    30.5960  1024.6364    24.5763    387.366    376.251  369.97942    104.699     0.2833     1.3516     1.0996       8117          6  0.000e+00
     12.279   63.23140 -165.64240     12.399    -1.0147    -1.0141    -1.0149    30.5851    30.5956  1024.6365    24.5766    387.609    376.231  369.97840    104.765     0.2821     1.3443     1.0996       8118          6  0.000e+00
     12.310   63.23140 -165.64240     12.430    -1.0145    -1.0139    -1.0147    30.5847    30.5957  1024.6363    24.5763    387.648    376.211  369.97786    104.776     0.2833     1.3516     1.0914       8119          6  0.000e+00
     12.248   63.23140 -165.64240     12.368    -1.0146    -1.0139    -1.0149    30.5851    30.5958  1024.6364    24.5766    387.427    376.412  369.97783    104.716     0.2821     1.3443     1.0859       8120          6  0.000e+00
     12.310   63.23140 -165.64240     12.430    -1.0145    -1.0139    -1.0147    30.5847    30.5955  1024.6363    24.5763    387.678    376.196  369.97786    104.784     0.2833     1.3516     1.0859       8121          6  0.000e+00
     12.333   63.23140 -165.64240     12.454    -1.0147    -1.0141    -1.0149    30.5845    30.5955  1024.6363    24.5761    387.466    376.172  369.98018    104.726     0.2821     1.3443     1.0859       8122          6  0.000e+00
     12.248   63.23140 -165.64240     12.368    -1.0145    -1.0141    -1.0147    30.5845    30.5959  1024.6358    24.5760    387.453    376.140  369.97872    104.723     0.2833     1.3516     1.0859       8123          6  0.000e+00
     12.310   63.23140 -165.64240     12.430    -1.0145    -1.0141    -1.0147    30.5843    30.5961  1024.6360    24.5759    387.453    376.114  369.97907    104.723     0.2808     1.3370     1.0859       8124          6  0.000e+00
     12.310   63.23140 -165.64240     12.430    -1.0147    -1.0139    -1.0149    30.5847    30.5958  1024.6363    24.5763    387.452    376.083  369.97966    104.722     0.2784     1.3223     1.0859       8125          6  0.000e+00
