merge_samples_with_btl/SKQ202309T/ctd/skq202309t_decktestsvp.cnv
* Sea-Bird SBE 9 Data File:
* FileName = D:\CTD\SKQ202309T\SKQ202309T_decktest.hex
* Software Version Seasave V 7.26.7.121
* Temperature SN = 6177
* Conductivity SN = 0369
* Number of Bytes Per Scan = 41
* Number of Voltage Words = 4
* Number of Scans Averaged by the Deck Unit = 1
* NMEA Latitude = 59 27.85 N
* NMEA Longitude = 146 25.62 W
* NMEA UTC (Time) = May 26 2023  22:41:26
* NMEA baud rate = 4800
** Ship: R/V Sikuliaq
** Station Number:
** Station Name:
** Bottom Depth:
** Operator:
** Deck Test
# nquan = 7
# nvalues = 4677                                  
# units = specified
# name 0 = depSM: Depth [salt water, m]
# name 1 = latitude: Latitude [deg]
# name 2 = longitude: Longitude [deg]
# name 3 = t090C: Temperature [ITS-90, deg C]
# name 4 = sal00: Salinity, Practical [PSU]
# name 5 = svCM: Sound Velocity [Chen-Millero, m/s]
# name 6 = flag:  0.000e+00
# span 0 =     -1.626,     -1.362                 
# span 1 =   59.46438,   59.46448                 
# span 2 = -146.42632, -146.42582                 
# span 3 =    14.1898,    14.5287                 
# span 4 =     0.0132,     0.0138                 
# span 5 =    1463.07,    1464.28                 
# span 6 = 0.0000e+00, 0.0000e+00                 
# interval = seconds: 0.0416667
# start_time = May 26 2023 22:47:21 [NMEA time, first data scan]
# bad_flag = -9.990e-29
*END*
[from data line 2257]
     -1.479   59.46444 -146.42604    14.3085     0.0136    1463.49  0.000e+00
     -1.540   59.46444 -146.42604    14.3081     0.0136    1463.49  0.000e+00
     -1.425   59.46444 -146.42604    14.3081     0.0136    1463.49  0.000e+00
     -1.479   59.46444 -146.42604    14.3078     0.0136    1463.49  0.000e+00
     -1.540   59.46444 -146.42604    14.3081     0.0136    1463.49  0.000e+00
     -1.425   59.46444 -146.42604    14.3078     0.0136    1463.49  0.000e+00
     -1.479   59.46444 -146.42604    14.3080     0.0136    1463.49  0.000e+00
     -1.540   59.46444 -146.42604    14.3077     0.0137    1463.49  0.000e+00
     -1.479   59.46444 -146.42604    14.3077     0.0137    1463.49  0.000e+00
     -1.479   59.46444 -146.42604    14.3078     0.0137    1463.49  0.000e+00
     -1.479   59.46444 -146.42604    14.3078     0.0137    1463.49  0.000e+00
     -1.479   59.46444 -146.42604    14.3078     0.0137    1463.49  0.000e+00
     -1.479   59.46444 -146.42604    14.3078     0.0137    1463.49  0.000e+00
     -1.479   59.46444 -146.42604    14.3080     0.0137    1463.49  0.000e+00
     -1.479   59.46444 -146.42604    14.3081     0.0137    1463.49  0.000e+00
     -1.502   59.46444 -146.42604    14.3083     0.0136    1463.49  0.000e+00
     -1.479   59.46444 -146.42604    14.3085     0.0137    1463.49  0.000e+00
     -1.479   59.46444 -146.42604    14.3086     0.0137    1463.49  0.000e+00
     -1.479   59.46444 -146.42604    14.3086     0.0137    1463.49  0.000e+00
     -1.479   59.46444 -146.42604    14.3090     0.0137    1463.50  0.000e+00
     -1.541   59.46444 -146.42604    14.3093     0.0137    1463.50  0.000e+00
     -1.479   59.46444 -146.42604    14.3095     0.0137    1463.50  0.000e+00
     -1.479   59.46444 -146.42604    14.3100     0.0137    1463.50  0.000e+00
     -1.541   59.46444 -146.42604    14.3104     0.0137    1463.50  0.000e+00
     -1.479   59.46444 -146.42604    14.3104     0.0137    1463.50  0.000e+00
     -1.479   59.46444 -146.42604    14.3108     0.0136    1463.50  0.000e+00
     -1.479   59.46444 -146.42604    14.3112     0.0137    1463.50  0.000e+00
     -1.541   59.46444 -146.42604    14.3115     0.0136    1463.50  0.000e+00
     -1.479   59.46444 -146.42604    14.3122     0.0136    1463.51  0.000e+00
     -1.541   59.46444 -146.42604    14.3127     0.0137    1463.51  0.000e+00
     -1.479   59.46444 -146.42604    14.3132     0.0137    1463.51  0.000e+00
     -1.479   59.46444 -146.42604    14.3139     0.0136    1463.51  0.000e+00
     -1.541   59.46444 -146.42604    14.3144     0.0136    1463.51  0.000e+00
     -1.479   59.46444 -146.42604    14.3151     0.0136    1463.52  0.000e+00
     -1.541   59.46444 -146.42604    14.3154     0.0136    1463.52  0.000e+00
     -1.479   59.46444 -146.42604    14.3163     0.0136    1463.52  0.000e+00
     -1.541   59.46444 -146.42604    14.3169     0.0136    1463.52  0.000e+00
     -1.479   59.46444 -146.42604    14.3172     0.0136    1463.52  0.000e+00
     -1.541   59.46444 -146.42604    14.3182     0.0137    1463.53  0.000e+00
     -1.479   59.46444 -146.42604    14.3188     0.0137    1463.53  0.000e+00
     -1.479   59.46444 -146.42604    14.3196     0.0136    1463.53  0.000e+00
     -1.541   59.46444 -146.42604    14.3203     0.0137    1463.53  0.000e+00
     -1.479   59.46444 -146.42604    14.3211     0.0136    1463.54  0.000e+00
     -1.541   59.46444 -146.42604    14.3216     0.0137    1463.54  0.000e+00
     -1.541   59.46444 -146.42604    14.3225     0.0137    1463.54  0.000e+00
     -1.479   59.46444 -146.42604    14.3230     0.0136    1463.54  0.000e+00
     -1.541   59.46444 -146.42604    14.3237     0.0136    1463.55  0.000e+00
     -1.479   59.46444 -146.42604    14.3243     0.0136    1463.55  0.000e+00
     -1.541   59.46444 -146.42604    14.3252     0.0136    1463.55  0.000e+00
     -1.541   59.46444 -146.42604    14.3257     0.0136    1463.55  0.000e+00
     -1.479   59.46444 -146.42604    14.3267     0.0137    1463.56  0.000e+00
     -1.541   59.46444 -146.42604    14.3272     0.0137    1463.56  0.000e+00
     -1.541   59.46444 -146.42604    14.3280     0.0137    1463.56  0.000e+00
     -1.479   59.46444 -146.42604    14.3285     0.0136    1463.56  0.000e+00
     -1.541   59.46444 -146.42604    14.3294     0.0137    1463.57  0.000e+00
     -1.502   59.46444 -146.42604    14.3300     0.0136    1463.57  0.000e+00
     -1.541   59.46444 -146.42604    14.3302     0.0136    1463.57  0.000e+00
     -1.479   59.46444 -146.42604    14.3310     0.0136    1463.57  0.000e+00
     -1.541   59.46444 -146.42604    14.3316     0.0137    1463.57  0.000e+00
     -1.541   59.46444 -146.42604    14.3322     0.0136    1463.58  0.000e+00
     -1.541   59.46444 -146.42604    14.3332     0.0136    1463.58  0.000e+00
     -1.479   59.46444 -146.42604    14.3336     0.0136    1463.58  0.000e+00
     -1.541   59.46444 -146.42604    14.3347     0.0136    1463.59  0.000e+00
     -1.541   59.46444 -146.42604    14.3351     0.0136    1463.59  0.000e+00
     -1.479   59.46444 -146.42604    14.3358     0.0137    1463.59  0.000e+00
     -1.541   59.46444 -146.42604    14.3361     0.0137    1463.59  0.000e+00
     -1.541   59.46444 -146.42604    14.3366     0.0137    1463.59  0.000e+00
     -1.541   59.46444 -146.42604    14.3371     0.0136    1463.59  0.000e+00
     -1.479   59.46444 -146.42604    14.3376     0.0136    1463.60  0.000e+00
     -1.541   59.46444 -146.42604    14.3381     0.0136    1463.60  0.000e+00
     -1.541   59.46444 -146.42604    14.3384     0.0136    1463.60  0.000e+00
     -1.479   59.46444 -146.42604    14.3389     0.0136    1463.60  0.000e+00
     -1.541   59.46444 -146.42604    14.3391     0.0136    1463.60  0.000e+00
     -1.541   59.46444 -146.42604    14.3393     0.0136    1463.60  0.000e+00
     -1.541   59.46444 -146.42604    14.3398     0.0136    1463.60  0.000e+00
     -1.479   59.46444 -146.42604    14.3398     0.0136    1463.60  0.000e+00
     -1.541   59.46444 -146.42604    14.3400     0.0136    1463.60  0.000e+00
     -1.541   59.46444 -146.42604    14.3403     0.0137    1463.61  0.000e+00
     -1.479   59.46444 -146.42604    14.3402     0.0137    1463.61  0.000e+00
     -1.541   59.46444 -146.42604    14.3405     0.0136    1463.61  0.000e+00
     -1.541   59.46444 -146.42604    14.3404     0.0137    1463.61  0.000e+00
     -1.479   59.46444 -146.42604    14.3403     0.0137    1463.61  0.000e+00
     -1.541   59.46444 -146.42604    14.3405     0.0136    1463.61  0.000e+00
     -1.479   59.46444 -146.42604    14.3402     0.0136    1463.61  0.000e+00
     -1.541   59.46444 -146.42604    14.3401     0.0136    1463.60  0.000e+00
     -1.541   59.46444 -146.42604    14.3400     0.0136    1463.60  0.000e+00
     -1.479   59.46444 -146.42604    14.3398     0.0136    1463.60  0.000e+00
     -1.479   59.46444 -146.42604    14.3398     0.0136    1463.60  0.000e+00
     -1.541   59.46444 -146.42604    14.3395     0.0137    1463.60  0.000e+00
     -1.541   59.46444 -146.42604    14.3391     0.0137    1463.60  0.000e+00
     -1.479   59.46444 -146.42604    14.3390     0.0136    1463.60  0.000e+00
     -1.541   59.46444 -146.42604    14.3384     0.0136    1463.60  0.000e+00
     -1.479   59.46444 -146.42604    14.3381     0.0137    1463.60  0.000e+00
     -1.479   59.46444 -146.42604    14.3377     0.0137    1463.60  0.000e+00
     -1.541   59.46444 -146.42604    14.3373     0.0137    1463.59  0.000e+00
     -1.479   59.46444 -146.42604    14.3370     0.0137    1463.59  0.000e+00
     -1.502   59.46444 -146.42604    14.3363     0.0137    1463.59  0.000e+00
     -1.541   59.46444 -146.42604    14.3356     0.0136    1463.59  0.000e+00
     -1.479   59.46444 -146.42604    14.3352     0.0137    1463.59  0.000e+00
     -1.479   59.46444 -146.42604    14.3344     0.0137    1463.59  0.000e+00
     -1.541   59.46444 -146.42604    14.3338     0.0136    1463.58  0.000e+00
     -1.479   59.46444 -146.42604    14.3331     0.0136    1463.58  0.000e+00
     -1.479   59.46444 -146.42604    14.3324     0.0137    1463.58  0.000e+00
     -1.479   59.46444 -146.42604    14.3316     0.0137    1463.58  0.000e+00
     -1.541   59.46444 -146.42604    14.3307     0.0137    1463.57  0.000e+00
     -1.479   59.46444 -146.42604    14.3299     0.0137    1463.57  0.000e+00
     -1.479   59.46444 -146.42604    14.3292     0.0137    1463.57  0.000e+00
     -1.479   59.46444 -146.42604    14.3282     0.0137    1463.56  0.000e+00
     -1.479   59.46444 -146.42604    14.3273     0.0137    1463.56  0.000e+00
     -1.541   59.46444 -146.42602    14.3265     0.0137    1463.56  0.000e+00
     -1.479   59.46444 -146.42602    14.3253     0.0137    1463.55  0.000e+00
     -1.479   59.46444 -146.42602    14.3243     0.0137    1463.55  0.000e+00
     -1.479   59.46444 -146.42602    14.3233     0.0137    1463.55  0.000e+00
     -1.479   59.46444 -146.42602    14.3223     0.0137    1463.54  0.000e+00
     -1.479   59.46444 -146.42602    14.3211     0.0137    1463.54  0.000e+00
     -1.479   59.46444 -146.42602    14.3201     0.0137    1463.53  0.000e+00
     -1.479   59.46444 -146.42602    14.3191     0.0137    1463.53  0.000e+00
     -1.479   59.46444 -146.42602    14.3179     0.0137    1463.53  0.000e+00
     -1.479   59.46444 -146.42602    14.3167     0.0136    1463.52  0.000e+00
     -1.479   59.46444 -146.42602    14.3156     0.0137    1463.52  0.000e+00
     -1.479   59.46444 -146.42602    14.3146     0.0137    1463.52  0.000e+00
     -1.479   59.46444 -146.42602    14.3136     0.0137    1463.51  0.000e+00
     -1.479   59.46444 -146.42602    14.3122     0.0137    1463.51  0.000e+00
     -1.479   59.46444 -146.42602    14.3112     0.0137    1463.50  0.000e+00
     -1.479   59.46444 -146.42602    14.3102     0.0137    1463.50  0.000e+00
     -1.479   59.46444 -146.42602    14.3092     0.0137    1463.50  0.000e+00
     -1.479   59.46444 -146.42602    14.3081     0.0137    1463.49  0.000e+00
     -1.479   59.46444 -146.42602    14.3072     0.0137    1463.49  0.000e+00
     -1.479   59.46444 -146.42602    14.3063     0.0137    1463.49  0.000e+00
     -1.479   59.46444 -146.42602    14.3053     0.0137    1463.48  0.000e+00
     -1.479   59.46444 -146.42602    14.3043     0.0137    1463.48  0.000e+00
     -1.425   59.46444 -146.42602    14.3033     0.0137    1463.48  0.000e+00
     -1.479   59.46444 -146.42602    14.3024     0.0137    1463.47  0.000e+00
     -1.479   59.46444 -146.42602    14.3013     0.0137    1463.47  0.000e+00
     -1.479   59.46444 -146.42602    14.3006     0.0137    1463.47  0.000e+00
     -1.541   59.46444 -146.42602    14.2999     0.0137    1463.46  0.000e+00
     -1.448   59.46444 -146.42602    14.2989     0.0137    1463.46  0.000e+00
     -1.479   59.46444 -146.42602    14.2982     0.0137    1463.46  0.000e+00
     -1.425   59.46444 -146.42602    14.2976     0.0137    1463.46  0.000e+00
     -1.479   59.46444 -146.42602    14.2967     0.0136    1463.45  0.000e+00
     -1.479   59.46444 -146.42602    14.2959     0.0137    1463.45  0.000e+00
     -1.479   59.46444 -146.42602    14.2952     0.0137    1463.45  0.000e+00
     -1.479   59.46444 -146.42602    14.2947     0.0137    1463.44  0.000e+00
     -1.479   59.46444 -146.42602    14.2942     0.0137    1463.44  0.000e+00
     -1.479   59.46444 -146.42602    14.2937     0.0137    1463.44  0.000e+00
     -1.479   59.46444 -146.42602    14.2928     0.0137    1463.44  0.000e+00
     -1.479   59.46444 -146.42602    14.2923     0.0137    1463.44  0.000e+00
     -1.425   59.46444 -146.42602    14.2922     0.0137    1463.44  0.000e+00
     -1.479   59.46444 -146.42602    14.2915     0.0137    1463.43  0.000e+00
     -1.479   59.46444 -146.42602    14.2912     0.0137    1463.43  0.000e+00
     -1.479   59.46444 -146.42602    14.2905     0.0136    1463.43  0.000e+00
     -1.479   59.46444 -146.42602    14.2901     0.0136    1463.43  0.000e+00
     -1.479   59.46444 -146.42602    14.2898     0.0137    1463.43  0.000e+00
     -1.479   59.46444 -146.42602    14.2895     0.0136    1463.43  0.000e+00
     -1.479   59.46444 -146.42602    14.2893     0.0136    1463.42  0.000e+00
     -1.479   59.46444 -146.42602    14.2886     0.0137    1463.42  0.000e+00
     -1.479   59.46444 -146.42602    14.2885     0.0137    1463.42  0.000e+00
     -1.479   59.46444 -146.42602    14.2881     0.0137    1463.42  0.000e+00
     -1.479   59.46444 -146.42602    14.2880     0.0137    1463.42  0.000e+00
     -1.425   59.46444 -146.42602    14.2877     0.0137    1463.42  0.000e+00
     -1.479   59.46444 -146.42602    14.2875     0.0137    1463.42  0.000e+00
     -1.479   59.46444 -146.42602    14.2871     0.0137    1463.42  0.000e+00
     -1.479   59.46444 -146.42602    14.2871     0.0137    1463.42  0.000e+00
     -1.479   59.46444 -146.42602    14.2866     0.0137    1463.42  0.000e+00
     -1.479   59.46444 -146.42602    14.2866     0.0137    1463.42  0.000e+00
     -1.479   59.46444 -146.42602    14.2864     0.0136    1463.41  0.000e+00
     -1.479   59.46444 -146.42602    14.2861     0.0137    1463.41  0.000e+00
     -1.479   59.46444 -146.42602    14.2859     0.0137    1463.41  0.000e+00
     -1.479   59.46444 -146.42602    14.2858     0.0137    1463.41  0.000e+00
     -1.479   59.46444 -146.42602    14.2856     0.0137    1463.41  0.000e+00
     -1.479   59.46444 -146.42602    14.2854     0.0137    1463.41  0.000e+00
     -1.479   59.46444 -146.42602    14.2853     0.0137    1463.41  0.000e+00
     -1.425   59.46444 -146.42602    14.2851     0.0137    1463.41  0.000e+00
     -1.541   59.46444 -146.42602    14.2851     0.0137    1463.41  0.000e+00
     -1.479   59.46444 -146.42602    14.2848     0.0137    1463.41  0.000e+00
     -1.448   59.46444 -146.42602    14.2848     0.0137    1463.41  0.000e+00
     -1.479   59.46444 -146.42602    14.2846     0.0137    1463.41  0.000e+00
     -1.479   59.46444 -146.42602    14.2846     0.0137    1463.41  0.000e+00
     -1.479   59.46444 -146.42602    14.2843     0.0137    1463.41  0.000e+00
     -1.479   59.46444 -146.42602    14.2844     0.0137    1463.41  0.000e+00
     -1.479   59.46444 -146.42602    14.2843     0.0137    1463.41  0.000e+00
     -1.425   59.46444 -146.42602    14.2841     0.0137    1463.41  0.000e+00
     -1.479   59.46444 -146.42602    14.2843     0.0136    1463.41  0.000e+00
     -1.479   59.46444 -146.42602    14.2839     0.0137    1463.41  0.000e+00
     -1.541   59.46444 -146.42602    14.2841     0.0137    1463.41  0.000e+00
     -1.425   59.46444 -146.42602    14.2841     0.0136    1463.41  0.000e+00
     -1.479   59.46444 -146.42602    14.2839     0.0137    1463.41  0.000e+00
     -1.479   59.46444 -146.42602    14.2841     0.0137    1463.41  0.000e+00
     -1.479   59.46444 -146.42602    14.2841     0.0136    1463.41  0.000e+00
     -1.479   59.46444 -146.42602    14.2841     0.0136    1463.41  0.000e+00
     -1.479   59.46444 -146.42602    14.2841     0.0137    1463.41  0.000e+00
     -1.479   59.46444 -146.42602    14.2843     0.0137    1463.41  0.000e+00
     -1.479   59.46444 -146.42602    14.2847     0.0137    1463.41  0.000e+00
     -1.479   59.46444 -146.42602    14.2848     0.0137    1463.41  0.000e+00
     -1.479   59.46444 -146.42602    14.2850     0.0136    1463.41  0.000e+00
     -1.541   59.46444 -146.42602    14.2851     0.0137    1463.41  0.000e+00
     -1.425   59.46444 -146.42602    14.2853     0.0136    1463.41  0.000e+00
     -1.479   59.46444 -146.42602    14.2856     0.0136    1463.41  0.000e+00
     -1.541   59.46444 -146.42602    14.2861     0.0137    1463.41  0.000e+00
     -1.479   59.46444 -146.42602    14.2864     0.0137    1463.41  0.000e+00
     -1.479   59.46444 -146.42602    14.2868     0.0137    1463.42  0.000e+00
     -1.479   59.46444 -146.42602    14.2871     0.0137    1463.42  0.000e+00
     -1.479   59.46444 -146.42602    14.2878     0.0136    1463.42  0.000e+00
     -1.479   59.46444 -146.42602    14.2883     0.0136    1463.42  0.000e+00
