merge_samples_with_btl/SKQ202309T/ctd/skq202309t_001avg.cnv
* Sea-Bird SBE 9 Data File:
* FileName = D:\CTD\SKQ202309T\SKQ202309T_001.hex
* Software Version Seasave V 7.26.7.121
* Temperature SN = 6177
* Conductivity SN = 0369
* Number of Bytes Per Scan = 38
* Number of Voltage Words = 3
* Number of Scans Averaged by the Deck Unit = 1
* NMEA Latitude = 59 50.67 N
* NMEA Longitude = 149 28.05 W
* NMEA UTC (Time) = Jun 06 2023  18:49:21
* NMEA baud rate = 4800
** Ship: R/V Sikuliaq
** Station Number: 001
** Station Name: GAK1
** Bottom Depth: 272
** Operator: AP
# nquan = 25
# nvalues = 261                         
# units = specified
# name 0 = depSM: Depth [salt water, m]
# name 1 = latitude: Latitude [deg]
# name 2 = longitude: Longitude [deg]
# name 3 = prDM: Pressure, Digiquartz [db]
# name 4 = t090C: Temperature [ITS-90, deg C]
# name 5 = t190C: Temperature, 2 [ITS-90, deg C]
# name 6 = potemp090C: Potential Temperature [ITS-90, deg C]
# name 7 = sal00: Salinity, Practical [PSU]
# name 8 = sal11: Salinity, Practical, 2 [PSU]
# name 9 = density00: Density [density, kg/m^3]
# name 10 = sigma-é00: Density [sigma-theta, kg/m^3]
# name 11 = sbox0Mm/Kg: Oxygen, SBE 43 [umol/kg]
# name 12 = sbox1Mm/Kg: Oxygen, SBE 43, 2 [umol/kg]
# name 13 = oxsolMm/Kg: Oxygen Saturation, Garcia & Gordon [umol/kg]
# name 14 = sbeox0PS: Oxygen, SBE 43 [% saturation]
# name 15 = sbeox1PS: Oxygen, SBE 43, 2 [% saturation]
# name 16 = v0: Voltage 0
# name 17 = flECO-AFL: Fluorescence, WET Labs ECO-AFL/FL [mg/m^3]
# name 18 = v1: Voltage 1
# name 19 = CStarAt0: Beam Attenuation, WET Labs C-Star [1/m]
# name 20 = par: PAR/Irradiance, Biospherical/Licor
# name 21 = scan: Scan Count
# name 22 = timeM: Time, Elapsed [minutes]
# name 23 = nbin: number of scans per bin
# name 24 = flag: flag
# span 0 =      1.981,    259.368       
# span 1 =   59.84414,   59.84444       
# span 2 = -149.46843, -149.46794       
# span 3 =      2.000,    262.000       
# span 4 =     4.8658,     8.5183       
# span 5 =     4.8656,     8.5031       
# span 6 =     4.8599,     8.5181       
# span 7 =    30.0935,    33.1950       
# span 8 =    30.1193,    33.2047       
# span 9 =  1023.3589,  1027.3431       
# span 10 =    23.3498,    26.1389      
# span 11 =    138.768,    350.884      
# span 12 =    134.077,    342.131      
# span 13 =  293.91283,  316.35143      
# span 14 =     45.515,    119.384      
# span 15 =     43.981,    116.388      
# span 16 =     0.0582,     0.6660      
# span 17 =     0.0011,     3.6481      
# span 18 =     3.5013,     4.6542      
# span 19 =     0.0496,     1.1890      
# span 20 = -9.835e-06, 1.4646e+02      
# span 21 =        384,      15340      
# span 22 =     0.2657,    10.6517      
# span 23 =         15,        487      
# span 24 = 0.0000e+00, 0.0000e+00      
# interval = decibars: 1                
# start_time = Jun 06 2023 18:55:03 [NMEA time, first data scan]
# bad_flag = -9.990e-29
*END*
      1.981   59.84414 -149.46843      2.000     8.5183     8.5031     8.5181    30.0935    30.1193  1023.3589    23.3498    350.884    342.131  293.91283    119.384    116.388     0.6335     3.4527     3.5013     1.1890 1.4646e+02        384     0.2657        229 0.0000e+00
      2.972   59.84414 -149.46840      3.000     8.3045     8.2481     8.3042    30.2710    30.3307  1023.5332    23.5195    349.647    341.198  294.94447    118.546    115.585     0.6374     3.4763     3.6449     1.0276 1.0285e+02        887     0.6155        104 0.0000e+00
      3.962   59.84415 -149.46840      4.000     8.1695     8.1857     8.1691    30.3939    30.3901  1023.6533    23.6349    343.173    333.680  295.57809    116.103    112.929     0.6660     3.6481     3.6758     0.9942 8.2168e+01        947     0.6572        156 0.0000e+00
      4.953   59.84416 -149.46838      5.000     8.1204     8.1334     8.1200    30.4271    30.4228  1023.6909    23.6679    340.765    332.981  295.83287    115.188    112.586     0.6651     3.6428     3.6676     1.0029 6.2153e+01       1135     0.7877        134 0.0000e+00
      5.943   59.84416 -149.46836      6.000     8.1584     8.1483     8.1579    30.3934    30.4232  1023.6637    23.6362    341.764    333.456  295.65234    115.596    112.785     0.5948     3.2210     3.6883     0.9806 4.7600e+01       1221     0.8469        118 0.0000e+00
      6.934   59.84418 -149.46835      7.000     8.1050     8.1126     8.1043    30.4715    30.4558  1023.7370    23.7049    341.878    332.668  295.84025    115.562    112.455     0.5877     3.1781     3.7449     0.9192 4.1671e+01       1473     1.0220         64 0.0000e+00
      7.925   59.84419 -149.46833      8.000     8.1290     8.1283     8.1283    30.4833    30.4830  1023.7475    23.7108    339.653    331.688  295.65462    114.882    112.185     0.5970     3.2340     3.7620     0.9012 2.8852e+01       1567     1.0878        206 0.0000e+00
      8.915   59.84420 -149.46832      9.000     8.1041     8.1010     8.1032    30.4798    30.4846  1023.7528    23.7116    339.471    331.265  295.82843    114.753    111.975     0.5810     3.1382     3.7759     0.8863 2.1608e+01       1722     1.1949        101 0.0000e+00
      9.905   59.84421 -149.46830     10.000     8.0957     8.0953     8.0947    30.4764    30.4813  1023.7559    23.7101    339.011    330.762  295.89204    114.573    111.788     0.5958     3.2269     3.7896     0.8719 1.5617e+01       1896     1.3162        161 0.0000e+00
     10.896   59.84422 -149.46829     11.000     8.1239     8.1247     8.1229    30.5114    30.5223  1023.7840    23.7336    338.671    330.382  295.62817    114.560    111.767     0.6028     3.2690     3.7876     0.8740 1.1877e+01       2011     1.3962        161 0.0000e+00
     11.887   59.84424 -149.46826     12.000     8.1390     8.1403     8.1378    30.5318    30.5443  1023.8024    23.7474    338.284    329.911  295.48431    114.485    111.665     0.6339     3.4555     3.7955     0.8656 8.4079e+00       2344     1.6274        340 0.0000e+00
     12.877   59.84426 -149.46824     13.000     8.0373     8.0273     8.0360    30.5679    30.5850  1023.8497    23.7901    339.272    331.052  296.08489    114.586    111.799     0.6060     3.2882     3.8584     0.8006 6.9838e+00       2498     1.7337         49 0.0000e+00
     13.868   59.84426 -149.46824     14.000     7.8893     7.8926     7.8880    30.6205    30.6351  1023.9162    23.8520    338.300    330.142  296.96371    113.920    111.193     0.5011     2.6588     4.0121     0.6436 5.6322e+00       2534     1.7590         39 0.0000e+00
     14.858   59.84426 -149.46824     15.000     7.6733     7.6715     7.6720    30.6599    30.6742  1023.9815    23.9126    336.250    328.762  298.33488    112.710    110.207     0.4587     2.4044     4.1161     0.5413 4.0953e+00       2576     1.7883         51 0.0000e+00
     15.849   59.84426 -149.46822     16.000     7.3545     7.3413     7.3531    30.7081    30.7249  1024.0669    23.9933    336.293    326.457  300.40613    111.946    108.654     0.4264     2.2104     4.2083     0.4526 3.4039e+00       2645     1.8364         79 0.0000e+00
     16.839   59.84427 -149.46822     17.000     6.7157     6.7190     6.7142    30.8504    30.8692  1024.2666    24.1882    336.133    326.918  304.52714    110.379    107.376     0.2806     1.3354     4.4041     0.2711 2.6461e+00       2711     1.8816         51 0.0000e+00
     17.830   59.84428 -149.46822     18.000     6.6018     6.6059     6.6003    30.9173    30.9323  1024.3382    24.2551    332.688    320.931  305.18101    109.013    105.182     0.1427     0.5080     4.5514     0.1389 2.1226e+00       2759     1.9150         43 0.0000e+00
     18.820   59.84428 -149.46822     19.000     6.5499     6.5507     6.5483    30.9416    30.9564  1024.3684    24.2807    322.970    313.132  305.49344    105.721    102.513     0.1242     0.3973     4.5783     0.1153 1.9660e+00       2797     1.9415         34 0.0000e+00
     19.811   59.84428 -149.46820     20.000     6.5008     6.5007     6.4992    30.9537    30.9692  1024.3887    24.2964    316.845    308.889  305.81439    103.607    101.017     0.1107     0.3165     4.5892     0.1058 1.7453e+00       2829     1.9640         31 0.0000e+00
     20.801   59.84428 -149.46820     21.000     6.4270     6.4277     6.4252    30.9742    30.9895  1024.4186    24.3217    315.649    307.611  306.29291    103.055    100.443     0.0984     0.2424     4.6048     0.0923 1.4482e+00       2865     1.9892         44 0.0000e+00
     21.792   59.84428 -149.46820     22.000     6.4355     6.4773     6.4337    30.9660    30.9661  1024.4157    24.3141    313.994    305.110  306.25108    102.528     99.723     0.1125     0.3273     4.6021     0.0947 1.1657e+00       2953     2.0498        100 0.0000e+00
     22.782   59.84429 -149.46818     23.000     6.3740     6.3738     6.3721    30.9874    31.0017  1024.4448    24.3386    314.735    308.161  306.64019    102.640    100.506     0.0869     0.1736     4.6170     0.0817 1.1131e+00       3009     2.0892         36 0.0000e+00
     23.773   59.84430 -149.46818     24.000     6.3702     6.3700     6.3682    31.0037    31.0165  1024.4627    24.3519    314.188    305.757  306.63074    102.464     99.724     0.0782     0.1213     4.6255     0.0743 1.0107e+00       3045     2.1140         35 0.0000e+00
     24.763   59.84430 -149.46818     25.000     6.3699     6.3702     6.3679    31.0083    31.0187  1024.4711    24.3556    313.516    304.098  306.62180    102.248     99.185     0.0801     0.1327     4.6275     0.0726 8.8406e-01       3084     2.1409         41 0.0000e+00
     25.753   59.84430 -149.46818     26.000     6.3640     6.3671     6.3619    31.0430    31.0389  1024.5038    24.3837    313.491    304.739  306.58565    102.252     99.402     0.0793     0.1279     4.6287     0.0716 7.3252e-01       3129     2.1722         46 0.0000e+00
     26.744   59.84430 -149.46817     27.000     6.3612     6.3629     6.3590    31.0498    31.0563  1024.5141    24.3894    313.079    304.431  306.59068    102.116     99.304     0.0798     0.1308     4.6280     0.0722 6.6420e-01       3182     2.2092         59 0.0000e+00
     27.734   59.84430 -149.46816     28.000     6.3641     6.3635     6.3619    31.0826    31.0993  1024.5442    24.4149    313.442    303.825  306.49507    102.267     99.140     0.0804     0.1345     4.6294     0.0710 6.3243e-01       3235     2.2462         47 0.0000e+00
     28.725   59.84430 -149.46816     29.000     6.2942     6.2898     6.2918    31.1324    31.1480  1024.5967    24.4627    314.044    305.233  306.88196    102.334     99.464     0.0781     0.1206     4.6303     0.0702 5.3589e-01       3285     2.2802         48 0.0000e+00
     29.715   59.84430 -149.46816     30.000     6.1827     6.1785     6.1803    31.2064    31.2243  1024.6733    24.5346    313.358    304.737  307.51160    101.901     99.101     0.0733     0.0920     4.6416     0.0604 4.8714e-01       3330     2.3119         45 0.0000e+00
     30.706   59.84431 -149.46814     31.000     6.1678     6.1655     6.1653    31.2209    31.2371  1024.6911    24.5479    314.492    305.510  307.58599    102.245     99.332     0.0736     0.0937     4.6422     0.0599 4.6974e-01       3374     2.3424         46 0.0000e+00
     31.696   59.84432 -149.46814     32.000     6.1438     6.1424     6.1412    31.2553    31.2702  1024.7259    24.5779    314.707    306.007  307.67973    102.284     99.464     0.0745     0.0992     4.6503     0.0530 3.9099e-01       3427     2.3795         56 0.0000e+00
     32.687   59.84432 -149.46814     33.000     6.1407     6.1404     6.1381    31.2604    31.2735  1024.7348    24.5823    313.495    304.927  307.69016    101.887     99.111     0.0690     0.0658     4.6542     0.0496 3.4014e-01       3483     2.4181         53 0.0000e+00
     33.677   59.84432 -149.46812     34.000     6.1403     6.1400     6.1376    31.2620    31.2752  1024.7408    24.5836    312.359    303.757  307.68946    101.518     98.731     0.0709     0.0774     4.6478     0.0551 3.3352e-01       3530     2.4505         38 0.0000e+00
     34.668   59.84432 -149.46812     35.000     6.1341     6.1336     6.1313    31.2646    31.2777  1024.7483    24.5865    312.113    303.672  307.72848    101.425     98.690     0.0692     0.0674     4.6346     0.0666 3.0409e-01       3562     2.4732         32 0.0000e+00
     35.658   59.84432 -149.46812     36.000     6.1205     6.1192     6.1177    31.2712    31.2846  1024.7597    24.5933    311.816    303.446  307.81082    101.301     98.589     0.0694     0.0686     4.6487     0.0544 2.4617e-01       3617     2.5114         79 0.0000e+00
     36.648   59.84432 -149.46811     37.000     6.1119     6.1115     6.1090    31.2807    31.2935  1024.7728    24.6018    312.259    304.401  307.85111    101.432     98.888     0.0701     0.0726     4.6458     0.0568 2.3575e-01       3682     2.5566         41 0.0000e+00
     37.639   59.84432 -149.46810     38.000     6.1293     6.1283     6.1262    31.3078    31.3187  1024.7968    24.6211    312.077    304.021  307.66489    101.434     98.821     0.0696     0.0697     4.6460     0.0567 2.1296e-01       3717     2.5803         36 0.0000e+00
     38.629   59.84434 -149.46810     39.000     6.2041     6.2035     6.2009    31.3376    31.3490  1024.8158    24.6356    310.861    302.222  307.06074    101.238     98.431     0.0676     0.0573     4.6536     0.0501 1.8844e-01       3766     2.6147         61 0.0000e+00
     39.619   59.84434 -149.46810     40.000     6.2027     6.2029     6.1995    31.3501    31.3627  1024.8305    24.6457    309.191    301.839  307.04209    100.700     98.315     0.0680     0.0598     4.6517     0.0518 1.6709e-01       3821     2.6525         39 0.0000e+00
     40.610   59.84434 -149.46810     41.000     6.0977     6.0992     6.0944    31.3477    31.3631  1024.8459    24.6564    308.808    300.959  307.80159    100.327     97.792     0.0664     0.0505     4.6502     0.0531 1.4923e-01       3854     2.6755         34 0.0000e+00
     41.600   59.84434 -149.46809     42.000     5.9779     5.9824     5.9746    31.3602    31.3729  1024.8749    24.6806    309.163    300.661  308.63613    100.171     97.435     0.0651     0.0424     4.6522     0.0513 1.3291e-01       3905     2.7113         75 0.0000e+00
     42.591   59.84434 -149.46808     43.000     5.9659     5.9650     5.9625    31.3645    31.3773  1024.8843    24.6855    312.452    303.307  308.71252    101.211     98.256     0.0654     0.0445     4.6469     0.0559 1.1514e-01       3974     2.7593         48 0.0000e+00
     43.581   59.84434 -149.46808     44.000     5.9448     5.9444     5.9413    31.3681    31.3810  1024.8943    24.6908    311.732    304.275  308.85727    100.931     98.525     0.0653     0.0439     4.6461     0.0566 9.6080e-02       4017     2.7892         40 0.0000e+00
     44.571   59.84435 -149.46808     45.000     5.9310     5.9311     5.9275    31.3716    31.3845  1024.9034    24.6952    311.592    304.133  308.94862    100.856     98.451     0.0643     0.0381     4.6501     0.0531 9.3052e-02       4057     2.8169         41 0.0000e+00
     45.562   59.84436 -149.46807     46.000     5.8844     5.8835     5.8808    31.3696    31.3837  1024.9120    24.6991    312.161    303.573  309.29102    100.928     98.159     0.0649     0.0416     4.6471     0.0557 8.4844e-02       4097     2.8444         42 0.0000e+00
     46.552   59.84436 -149.46806     47.000     5.8946     5.8956     5.8909    31.3794    31.3911  1024.9231    24.7056    311.562    302.972  309.19510    100.765     97.998     0.0640     0.0363     4.6484     0.0546 6.2476e-02       4158     2.8868         80 0.0000e+00
     47.542   59.84436 -149.46806     48.000     5.9343     5.9347     5.9305    31.3916    31.4038  1024.9327    24.7107    311.240    303.404  308.87941    100.764     98.237     0.0654     0.0444     4.6448     0.0577 5.4343e-02       4226     2.9344         44 0.0000e+00
     48.533   59.84436 -149.46806     49.000     5.8994     5.9003     5.8956    31.3919    31.4056  1024.9416    24.7149    310.561    302.613  309.13142    100.462     97.904     0.0639     0.0354     4.6431     0.0591 5.1545e-02       4257     2.9556         26 0.0000e+00
     49.523   59.84436 -149.46805     50.000     5.8379     5.8373     5.8340    31.3870    31.4006  1024.9498    24.7184    310.534    302.505  309.58902    100.305     97.720     0.0641     0.0366     4.6443     0.0581 4.0301e-02       4284     2.9742         28 0.0000e+00
     50.514   59.84436 -149.46804     51.000     5.8503     5.8543     5.8464    31.3906    31.4040  1024.9557    24.7197    310.640    302.544  309.49029    100.372     97.774     0.0648     0.0407     4.6443     0.0581 2.8185e-02       4339     3.0124         97 0.0000e+00
     51.504   59.84437 -149.46804     52.000     5.8993     5.9137     5.8953    31.4052    31.4188  1024.9661    24.7255    310.637    303.327  309.10134    100.497     98.175     0.0659     0.0473     4.6438     0.0585 1.3773e-02       4433     3.0776         49 0.0000e+00
     52.494   59.84438 -149.46804     53.000     5.8920     5.8917     5.8879    31.4160    31.4292  1024.9802    24.7350    310.935    303.528  309.12935    100.584     98.197     0.0660     0.0481     4.6420     0.0600 1.6542e-02       4463     3.0987         29 0.0000e+00
     53.485   59.84438 -149.46804     54.000     5.8496     5.8499     5.8454    31.4177    31.4306  1024.9911    24.7412    310.813    302.752  309.43354    100.446     97.851     0.0640     0.0359     4.6445     0.0579 1.2963e-02       4491     3.1178         29 0.0000e+00
     54.475   59.84438 -149.46803     55.000     5.7829     5.7827     5.7786    31.4180    31.4318  1025.0039    24.7493    310.928    302.680  309.91774    100.326     97.674     0.0640     0.0361     4.6458     0.0568 1.0388e-02       4525     3.1418         42 0.0000e+00
     55.465   59.84438 -149.46802     56.000     5.7455     5.7449     5.7412    31.4254    31.4387  1025.0188    24.7596    311.701    303.176  310.17308    100.493     97.753     0.0637     0.0339     4.6481     0.0549 4.8712e-03       4590     3.1866         81 0.0000e+00
     56.456   59.84438 -149.46802     57.000     5.7587     5.7573     5.7543    31.4356    31.4484  1025.0299    24.7660    311.506    302.990  310.05364    100.468     97.728     0.0639     0.0354     4.6480     0.0549 4.2512e-03       4653     3.2304         43 0.0000e+00
     57.446   59.84438 -149.46802     58.000     5.7098     5.7091     5.7053    31.4375    31.4510  1025.0418    24.7733    311.618    303.716  310.40586    100.391     97.853     0.0637     0.0345     4.6497     0.0535 2.4296e-03       4689     3.2558         34 0.0000e+00
