merge_samples_with_btl/SKQ202309T/ctd/skq202309t_002svp.cnv
* Sea-Bird SBE 9 Data File:
* FileName = D:\CTD\SKQ202309T\SKQ202309T_002.hex
* Software Version Seasave V 7.26.7.121
* Temperature SN = 6177
* Conductivity SN = 0369
* Number of Bytes Per Scan = 38
* Number of Voltage Words = 3
* Number of Scans Averaged by the Deck Unit = 1
* NMEA Latitude = 54 25.07 N
* NMEA Longitude = 165 12.78 W
* NMEA UTC (Time) = Jun 09 2023  15:02:10
* NMEA baud rate = 4800
** Ship: R/V Sikuliaq
** Station Number: 002
** Station Name: STN002
** Bottom Depth: 177
** Operator: SZ
# nquan = 7
# nvalues = 18024                                 
# units = specified
# name 0 = depSM: Depth [salt water, m]
# name 1 = latitude: Latitude [deg]
# name 2 = longitude: Longitude [deg]
# name 3 = t090C: Temperature [ITS-90, deg C]
# name 4 = sal00: Salinity, Practical [PSU]
# name 5 = svCM: Sound Velocity [Chen-Millero, m/s]
# name 6 = flag:  0.000e+00
# span 0 =      1.482,    168.265                 
# span 1 =   54.41784,   54.41820                 
# span 2 = -165.21356, -165.21312                 
# span 3 =     4.4396,     5.4025                 
# span 4 =    32.2285,    33.0757                 
# span 5 =    1468.38,    1469.32                 
# span 6 = 0.0000e+00, 0.0000e+00                 
# interval = seconds: 0.0416667
# start_time = Jun 09 2023 15:06:35 [NMEA time, first data scan]
# bad_flag = -9.990e-29
*END*
[from data line 1436]
      1.652   54.41784 -165.21316     5.3696    32.2360    1468.74  0.000e+00
      1.598   54.41784 -165.21316     5.3696    32.2353    1468.74  0.000e+00
      1.652   54.41784 -165.21316     5.3694    32.2357    1468.74  0.000e+00
      1.629   54.41784 -165.21316     5.3696    32.2359    1468.74  0.000e+00
      1.598   54.41784 -165.21316     5.3699    32.2361    1468.74  0.000e+00
      1.652   54.41784 -165.21316     5.3702    32.2362    1468.75  0.000e+00
      1.652   54.41784 -165.21316     5.3702    32.2360    1468.75  0.000e+00
      1.652   54.41784 -165.21316     5.3697    32.2359    1468.74  0.000e+00
      1.652   54.41784 -165.21316     5.3694    32.2361    1468.74  0.000e+00
      1.652   54.41784 -165.21316     5.3696    32.2360    1468.74  0.000e+00
      1.652   54.41784 -165.21316     5.3694    32.2361    1468.74  0.000e+00
      1.706   54.41784 -165.21316     5.3699    32.2358    1468.75  0.000e+00
      1.652   54.41784 -165.21316     5.3697    32.2357    1468.74  0.000e+00
      1.706   54.41784 -165.21316     5.3694    32.2358    1468.74  0.000e+00
      1.652   54.41784 -165.21316     5.3691    32.2356    1468.74  0.000e+00
      1.706   54.41784 -165.21316     5.3692    32.2354    1468.74  0.000e+00
      1.652   54.41784 -165.21316     5.3691    32.2358    1468.74  0.000e+00
      1.706   54.41784 -165.21316     5.3692    32.2357    1468.74  0.000e+00
      1.652   54.41784 -165.21316     5.3694    32.2357    1468.74  0.000e+00
      1.768   54.41784 -165.21316     5.3696    32.2357    1468.75  0.000e+00
      1.706   54.41784 -165.21316     5.3697    32.2355    1468.74  0.000e+00
      1.706   54.41784 -165.21316     5.3696    32.2358    1468.74  0.000e+00
      1.768   54.41784 -165.21316     5.3694    32.2360    1468.75  0.000e+00
      1.706   54.41784 -165.21316     5.3696    32.2358    1468.74  0.000e+00
      1.768   54.41784 -165.21316     5.3696    32.2354    1468.74  0.000e+00
      1.706   54.41784 -165.21316     5.3694    32.2357    1468.74  0.000e+00
      1.768   54.41784 -165.21316     5.3696    32.2359    1468.75  0.000e+00
      1.768   54.41784 -165.21316     5.3696    32.2361    1468.75  0.000e+00
      1.706   54.41784 -165.21316     5.3694    32.2361    1468.74  0.000e+00
      1.768   54.41784 -165.21316     5.3694    32.2364    1468.75  0.000e+00
      1.768   54.41784 -165.21316     5.3694    32.2369    1468.75  0.000e+00
      1.822   54.41784 -165.21316     5.3696    32.2365    1468.75  0.000e+00
      1.768   54.41784 -165.21316     5.3698    32.2364    1468.75  0.000e+00
      1.853   54.41784 -165.21316     5.3702    32.2362    1468.75  0.000e+00
      1.822   54.41784 -165.21316     5.3700    32.2362    1468.75  0.000e+00
      1.822   54.41784 -165.21316     5.3705    32.2362    1468.75  0.000e+00
      1.822   54.41784 -165.21316     5.3705    32.2363    1468.75  0.000e+00
      1.822   54.41784 -165.21316     5.3705    32.2362    1468.75  0.000e+00
      1.822   54.41784 -165.21316     5.3704    32.2362    1468.75  0.000e+00
      1.822   54.41784 -165.21316     5.3707    32.2361    1468.75  0.000e+00
      1.884   54.41784 -165.21316     5.3708    32.2365    1468.75  0.000e+00
      1.884   54.41784 -165.21316     5.3713    32.2363    1468.76  0.000e+00
      1.822   54.41784 -165.21316     5.3713    32.2362    1468.75  0.000e+00
      1.884   54.41784 -165.21316     5.3715    32.2365    1468.76  0.000e+00
      1.884   54.41784 -165.21316     5.3715    32.2365    1468.76  0.000e+00
      1.884   54.41784 -165.21316     5.3716    32.2357    1468.76  0.000e+00
      1.938   54.41784 -165.21316     5.3710    32.2359    1468.75  0.000e+00
      1.938   54.41784 -165.21316     5.3710    32.2357    1468.75  0.000e+00
      1.938   54.41784 -165.21316     5.3704    32.2355    1468.75  0.000e+00
      1.938   54.41784 -165.21316     5.3702    32.2356    1468.75  0.000e+00
      2.000   54.41784 -165.21316     5.3699    32.2359    1468.75  0.000e+00
      1.938   54.41784 -165.21316     5.3699    32.2358    1468.75  0.000e+00
      2.000   54.41784 -165.21316     5.3699    32.2355    1468.75  0.000e+00
      1.938   54.41784 -165.21316     5.3696    32.2358    1468.75  0.000e+00
      2.000   54.41784 -165.21316     5.3696    32.2358    1468.75  0.000e+00
      2.000   54.41784 -165.21316     5.3696    32.2358    1468.75  0.000e+00
      2.054   54.41784 -165.21316     5.3694    32.2359    1468.75  0.000e+00
      2.000   54.41784 -165.21316     5.3696    32.2360    1468.75  0.000e+00
      2.054   54.41784 -165.21316     5.3696    32.2360    1468.75  0.000e+00
      2.054   54.41784 -165.21316     5.3697    32.2359    1468.75  0.000e+00
      2.030   54.41784 -165.21316     5.3697    32.2359    1468.75  0.000e+00
      2.108   54.41784 -165.21316     5.3692    32.2359    1468.75  0.000e+00
      2.054   54.41784 -165.21316     5.3691    32.2357    1468.75  0.000e+00
      2.054   54.41784 -165.21316     5.3691    32.2358    1468.75  0.000e+00
      2.108   54.41784 -165.21316     5.3688    32.2358    1468.75  0.000e+00
      2.108   54.41784 -165.21316     5.3686    32.2360    1468.75  0.000e+00
      2.108   54.41784 -165.21316     5.3683    32.2357    1468.75  0.000e+00
      2.108   54.41784 -165.21316     5.3685    32.2357    1468.75  0.000e+00
      2.169   54.41784 -165.21316     5.3683    32.2361    1468.75  0.000e+00
      2.108   54.41784 -165.21316     5.3683    32.2363    1468.75  0.000e+00
      2.223   54.41784 -165.21316     5.3681    32.2363    1468.75  0.000e+00
      2.169   54.41784 -165.21316     5.3681    32.2361    1468.75  0.000e+00
      2.169   54.41784 -165.21316     5.3681    32.2362    1468.75  0.000e+00
      2.169   54.41784 -165.21316     5.3683    32.2362    1468.75  0.000e+00
      2.169   54.41784 -165.21316     5.3685    32.2362    1468.75  0.000e+00
      2.223   54.41784 -165.21316     5.3685    32.2362    1468.75  0.000e+00
      2.223   54.41784 -165.21316     5.3688    32.2360    1468.75  0.000e+00
      2.223   54.41784 -165.21316     5.3688    32.2361    1468.75  0.000e+00
      2.223   54.41784 -165.21316     5.3691    32.2361    1468.75  0.000e+00
      2.223   54.41784 -165.21316     5.3692    32.2362    1468.75  0.000e+00
      2.223   54.41784 -165.21316     5.3694    32.2356    1468.75  0.000e+00
      2.285   54.41784 -165.21316     5.3694    32.2353    1468.75  0.000e+00
      2.285   54.41784 -165.21316     5.3697    32.2350    1468.75  0.000e+00
      2.339   54.41784 -165.21316     5.3707    32.2341    1468.76  0.000e+00
      2.254   54.41784 -165.21316     5.3710    32.2340    1468.76  0.000e+00
      2.285   54.41784 -165.21316     5.3712    32.2337    1468.76  0.000e+00
      2.285   54.41784 -165.21316     5.3712    32.2335    1468.76  0.000e+00
      2.339   54.41784 -165.21316     5.3712    32.2330    1468.76  0.000e+00
      2.285   54.41784 -165.21316     5.3715    32.2324    1468.76  0.000e+00
      2.401   54.41784 -165.21316     5.3717    32.2322    1468.76  0.000e+00
      2.339   54.41784 -165.21316     5.3715    32.2324    1468.76  0.000e+00
      2.339   54.41784 -165.21316     5.3716    32.2324    1468.76  0.000e+00
      2.339   54.41784 -165.21316     5.3713    32.2325    1468.76  0.000e+00
      2.401   54.41784 -165.21316     5.3715    32.2322    1468.76  0.000e+00
      2.401   54.41784 -165.21316     5.3716    32.2323    1468.76  0.000e+00
      2.401   54.41784 -165.21316     5.3715    32.2326    1468.76  0.000e+00
      2.401   54.41784 -165.21316     5.3718    32.2334    1468.76  0.000e+00
      2.401   54.41784 -165.21316     5.3721    32.2328    1468.76  0.000e+00
      2.401   54.41784 -165.21316     5.3721    32.2329    1468.76  0.000e+00
      2.455   54.41784 -165.21316     5.3719    32.2332    1468.76  0.000e+00
      2.401   54.41784 -165.21316     5.3723    32.2332    1468.76  0.000e+00
      2.455   54.41784 -165.21316     5.3723    32.2332    1468.76  0.000e+00
      2.455   54.41784 -165.21316     5.3721    32.2333    1468.76  0.000e+00
      2.455   54.41784 -165.21316     5.3723    32.2332    1468.76  0.000e+00
      2.455   54.41784 -165.21316     5.3723    32.2332    1468.76  0.000e+00
      2.486   54.41784 -165.21316     5.3723    32.2336    1468.77  0.000e+00
      2.509   54.41784 -165.21316     5.3723    32.2331    1468.77  0.000e+00
      2.509   54.41784 -165.21316     5.3723    32.2331    1468.77  0.000e+00
      2.455   54.41784 -165.21316     5.3723    32.2332    1468.76  0.000e+00
      2.509   54.41784 -165.21316     5.3723    32.2331    1468.77  0.000e+00
      2.509   54.41784 -165.21316     5.3723    32.2332    1468.77  0.000e+00
      2.509   54.41784 -165.21316     5.3724    32.2337    1468.77  0.000e+00
      2.571   54.41784 -165.21316     5.3728    32.2335    1468.77  0.000e+00
      2.571   54.41784 -165.21316     5.3728    32.2338    1468.77  0.000e+00
      2.509   54.41784 -165.21316     5.3729    32.2338    1468.77  0.000e+00
      2.571   54.41784 -165.21316     5.3731    32.2335    1468.77  0.000e+00
      2.571   54.41784 -165.21316     5.3731    32.2339    1468.77  0.000e+00
      2.571   54.41784 -165.21316     5.3734    32.2334    1468.77  0.000e+00
      2.571   54.41784 -165.21316     5.3734    32.2335    1468.77  0.000e+00
      2.571   54.41784 -165.21316     5.3735    32.2338    1468.77  0.000e+00
      2.625   54.41784 -165.21316     5.3737    32.2336    1468.77  0.000e+00
      2.625   54.41784 -165.21316     5.3735    32.2338    1468.77  0.000e+00
      2.571   54.41784 -165.21316     5.3735    32.2337    1468.77  0.000e+00
      2.625   54.41784 -165.21316     5.3736    32.2338    1468.77  0.000e+00
      2.625   54.41784 -165.21316     5.3739    32.2336    1468.77  0.000e+00
      2.656   54.41784 -165.21316     5.3737    32.2335    1468.77  0.000e+00
      2.625   54.41784 -165.21316     5.3737    32.2339    1468.77  0.000e+00
      2.687   54.41784 -165.21316     5.3740    32.2333    1468.78  0.000e+00
      2.625   54.41784 -165.21316     5.3737    32.2337    1468.77  0.000e+00
      2.687   54.41784 -165.21316     5.3739    32.2339    1468.78  0.000e+00
      2.687   54.41784 -165.21316     5.3739    32.2336    1468.78  0.000e+00
      2.687   54.41784 -165.21316     5.3739    32.2336    1468.78  0.000e+00
      2.687   54.41784 -165.21316     5.3740    32.2336    1468.78  0.000e+00
      2.687   54.41784 -165.21316     5.3739    32.2336    1468.78  0.000e+00
      2.687   54.41784 -165.21316     5.3740    32.2337    1468.78  0.000e+00
      2.741   54.41784 -165.21316     5.3737    32.2335    1468.78  0.000e+00
      2.687   54.41784 -165.21316     5.3739    32.2335    1468.78  0.000e+00
      2.741   54.41784 -165.21316     5.3737    32.2335    1468.78  0.000e+00
      2.741   54.41784 -165.21316     5.3739    32.2334    1468.78  0.000e+00
      2.741   54.41784 -165.21316     5.3735    32.2336    1468.77  0.000e+00
      2.741   54.41784 -165.21316     5.3739    32.2334    1468.78  0.000e+00
      2.741   54.41784 -165.21316     5.3739    32.2338    1468.78  0.000e+00
      2.741   54.41784 -165.21316     5.3739    32.2338    1468.78  0.000e+00
      2.802   54.41784 -165.21316     5.3740    32.2336    1468.78  0.000e+00
      2.772   54.41784 -165.21316     5.3740    32.2339    1468.78  0.000e+00
      2.802   54.41784 -165.21316     5.3742    32.2337    1468.78  0.000e+00
      2.802   54.41784 -165.21316     5.3740    32.2336    1468.78  0.000e+00
      2.802   54.41784 -165.21316     5.3737    32.2337    1468.78  0.000e+00
      2.802   54.41784 -165.21316     5.3739    32.2333    1468.78  0.000e+00
      2.802   54.41784 -165.21316     5.3740    32.2328    1468.78  0.000e+00
      2.802   54.41784 -165.21316     5.3737    32.2333    1468.78  0.000e+00
      2.856   54.41784 -165.21316     5.3737    32.2332    1468.78  0.000e+00
      2.802   54.41784 -165.21316     5.3739    32.2331    1468.78  0.000e+00
      2.856   54.41784 -165.21316     5.3740    32.2330    1468.78  0.000e+00
      2.856   54.41784 -165.21316     5.3737    32.2334    1468.78  0.000e+00
      2.856   54.41784 -165.21316     5.3739    32.2331    1468.78  0.000e+00
      2.856   54.41784 -165.21316     5.3739    32.2331    1468.78  0.000e+00
      2.802   54.41784 -165.21316     5.3737    32.2327    1468.78  0.000e+00
      2.911   54.41784 -165.21316     5.3735    32.2329    1468.78  0.000e+00
      2.856   54.41784 -165.21316     5.3737    32.2330    1468.78  0.000e+00
      2.911   54.41784 -165.21316     5.3736    32.2329    1468.78  0.000e+00
      2.833   54.41784 -165.21316     5.3737    32.2329    1468.78  0.000e+00
      2.911   54.41784 -165.21316     5.3735    32.2333    1468.78  0.000e+00
      2.856   54.41784 -165.21316     5.3737    32.2329    1468.78  0.000e+00
      2.911   54.41784 -165.21316     5.3734    32.2331    1468.78  0.000e+00
      2.911   54.41784 -165.21316     5.3735    32.2332    1468.78  0.000e+00
      2.911   54.41784 -165.21316     5.3737    32.2333    1468.78  0.000e+00
      2.911   54.41784 -165.21316     5.3734    32.2334    1468.78  0.000e+00
      2.911   54.41784 -165.21316     5.3737    32.2331    1468.78  0.000e+00
      2.911   54.41784 -165.21316     5.3736    32.2336    1468.78  0.000e+00
      2.972   54.41784 -165.21316     5.3737    32.2331    1468.78  0.000e+00
      2.911   54.41784 -165.21316     5.3735    32.2335    1468.78  0.000e+00
      2.911   54.41784 -165.21316     5.3737    32.2329    1468.78  0.000e+00
      2.972   54.41784 -165.21316     5.3737    32.2331    1468.78  0.000e+00
      2.911   54.41784 -165.21316     5.3737    32.2331    1468.78  0.000e+00
      2.972   54.41784 -165.21316     5.3734    32.2334    1468.78  0.000e+00
      2.972   54.41784 -165.21316     5.3737    32.2330    1468.78  0.000e+00
      2.911   54.41784 -165.21316     5.3732    32.2333    1468.78  0.000e+00
      2.911   54.41784 -165.21316     5.3736    32.2329    1468.78  0.000e+00
      3.003   54.41784 -165.21316     5.3734    32.2330    1468.78  0.000e+00
      3.026   54.41784 -165.21316     5.3734    32.2332    1468.78  0.000e+00
      2.911   54.41784 -165.21316     5.3734    32.2329    1468.78  0.000e+00
      3.026   54.41784 -165.21316     5.3734    32.2332    1468.78  0.000e+00
      2.911   54.41784 -165.21316     5.3731    32.2336    1468.78  0.000e+00
      3.026   54.41784 -165.21316     5.3731    32.2331    1468.78  0.000e+00
      2.972   54.41784 -165.21316     5.3732    32.2330    1468.78  0.000e+00
      2.972   54.41784 -165.21316     5.3731    32.2330    1468.78  0.000e+00
      2.972   54.41784 -165.21316     5.3732    32.2331    1468.78  0.000e+00
      2.972   54.41784 -165.21316     5.3732    32.2332    1468.78  0.000e+00
      3.026   54.41784 -165.21316     5.3732    32.2334    1468.78  0.000e+00
      2.972   54.41784 -165.21316     5.3732    32.2330    1468.78  0.000e+00
      3.026   54.41784 -165.21316     5.3734    32.2331    1468.78  0.000e+00
      2.972   54.41784 -165.21316     5.3734    32.2330    1468.78  0.000e+00
      3.026   54.41784 -165.21316     5.3732    32.2331    1468.78  0.000e+00
      2.972   54.41784 -165.21316     5.3732    32.2332    1468.78  0.000e+00
      3.003   54.41784 -165.21316     5.3733    32.2336    1468.78  0.000e+00
      3.026   54.41784 -165.21316     5.3734    32.2332    1468.78  0.000e+00
      2.972   54.41784 -165.21316     5.3732    32.2336    1468.78  0.000e+00
      3.026   54.41784 -165.21316     5.3734    32.2333    1468.78  0.000e+00
      2.972   54.41784 -165.21316     5.3732    32.2335    1468.78  0.000e+00
      2.972   54.41784 -165.21316     5.3732    32.2333    1468.78  0.000e+00
      3.026   54.41784 -165.21316     5.3732    32.2332    1468.78  0.000e+00
      3.026   54.41784 -165.21316     5.3732    32.2334    1468.78  0.000e+00
      2.972   54.41784 -165.21316     5.3732    32.2337    1468.78  0.000e+00
      3.026   54.41784 -165.21316     5.3733    32.2332    1468.78  0.000e+00
