merge_samples_with_btl/SKQ202309T/ctd/skq202309t_006.ros
* Sea-Bird SBE 9 Data File:
* FileName = D:\CTD\SKQ202309T\SKQ202309T_006.hex
* Software Version Seasave V 7.26.7.121
* Temperature SN = 6177
* Conductivity SN = 0369
* Number of Bytes Per Scan = 38
* Number of Voltage Words = 3
* Number of Scans Averaged by the Deck Unit = 1
* NMEA Latitude = 63 13.86 N
* NMEA Longitude = 165 38.62 W
* NMEA UTC (Time) = Jun 12 2023  07:50:19
* NMEA baud rate = 4800
** Ship: R/V Sikuliaq
** Station Number: 006
** Station Name: STN 009
** Bottom Depth: 23
** Operator: Seth Zippel
# nquan = 21
# nvalues = 784                                   
# units = specified
# name 0 = depSM: Depth [salt water, m]
# name 1 = latitude: Latitude [deg]
# name 2 = longitude: Longitude [deg]
# name 3 = prDM: Pressure, Digiquartz [db]
# name 4 = t090C: Temperature [ITS-90, deg C]
# name 5 = t190C: Temperature, 2 [ITS-90, deg C]
# name 6 = potemp090C: Potential Temperature [ITS-90, deg C]
# name 7 = sal00: Salinity, Practical [PSU]
# name 8 = sal11: Salinity, Practical, 2 [PSU]
# name 9 = density00: Density [density, kg/m^3]
# name 10 = sigma-é00: Density [sigma-theta, kg/m^3]
# name 11 = sbox0Mm/Kg: Oxygen, SBE 43 [umol/kg]
# name 12 = sbox1Mm/Kg: Oxygen, SBE 43, 2 [umol/kg]
# name 13 = oxsolMm/Kg: Oxygen Saturation, Garcia & Gordon [umol/kg]
# name 14 = sbeox0PS: Oxygen, SBE 43 [% saturation]
# name 15 = v0: Voltage 0
# name 16 = flECO-AFL: Fluorescence, WET Labs ECO-AFL/FL [mg/m^3]
# name 17 = CStarAt0: Beam Attenuation, WET Labs C-Star [1/m]
# name 18 = scan: Scan Count
# name 19 = nbf: Bottles Fired
# name 20 = flag:  0.000e+00
# interval = seconds: 0.0416667
# start_time = Jun 12 2023 07:55:11 [NMEA time, first data scan]
# bad_flag = -9.990e-29
*END*
[from data line 552]
     10.320   63.23144 -165.64226     10.421    -1.0150    -1.0145    -1.0152    30.5819    30.5935  1024.6243    24.5739    387.508    375.952  369.99083    104.734     0.2735     1.2930     0.9012      11269         12  0.000e+00
     10.289   63.23144 -165.64226     10.389    -1.0150    -1.0143    -1.0152    30.5821    30.5935  1024.6243    24.5741    387.487    375.959  369.99018    104.729     0.2735     1.2930     0.9025      11270         12  0.000e+00
     10.350   63.23144 -165.64226     10.452    -1.0148    -1.0144    -1.0150    30.5822    30.5932  1024.6247    24.5742    387.472    375.944  369.98813    104.726     0.2723     1.2857     0.9012      11271         12  0.000e+00
     10.289   63.23144 -165.64226     10.390    -1.0148    -1.0143    -1.0150    30.5814    30.5931  1024.6238    24.5736    387.457    375.923  369.99031    104.721     0.2735     1.2930     0.9391      11272         12  0.000e+00
     10.289   63.23144 -165.64226     10.390    -1.0151    -1.0143    -1.0153    30.5819    30.5933  1024.6242    24.5740    387.448    376.133  369.99246    104.718     0.2735     1.2930     0.9733      11273         12  0.000e+00
     10.374   63.23144 -165.64226     10.475    -1.0150    -1.0147    -1.0152    30.5822    30.5938  1024.6249    24.5742    387.439    376.154  369.98972    104.716     0.2735     1.2930     0.9786      11274         12  0.000e+00
     10.289   63.23144 -165.64226     10.390    -1.0150    -1.0143    -1.0152    30.5822    30.5932  1024.6244    24.5742    387.427    376.161  369.98982    104.713     0.2723     1.2857     0.9773      11275         12  0.000e+00
     10.289   63.23144 -165.64226     10.390    -1.0148    -1.0145    -1.0150    30.5820    30.5935  1024.6243    24.5741    387.420    376.177  369.98862    104.711     0.2735     1.2930     0.9759      11276         12  0.000e+00
     10.351   63.23144 -165.64226     10.452    -1.0150    -1.0144    -1.0152    30.5823    30.5935  1024.6248    24.5743    387.420    376.193  369.98944    104.711     0.2723     1.2857     0.9746      11277         12  0.000e+00
     10.289   63.23144 -165.64226     10.390    -1.0148    -1.0145    -1.0150    30.5820    30.5937  1024.6243    24.5741    387.414    376.205  369.98862    104.710     0.2735     1.2930     0.9759      11278         12  0.000e+00
     10.320   63.23144 -165.64226     10.421    -1.0151    -1.0145    -1.0153    30.5823    30.5933  1024.6247    24.5743    387.369    376.221  369.99118    104.697     0.2723     1.2857     0.9759      11279         12  0.000e+00
     10.351   63.23144 -165.64226     10.452    -1.0151    -1.0147    -1.0153    30.5825    30.5932  1024.6250    24.5745    387.370    376.240  369.99063    104.697     0.2735     1.2930     0.9759      11280         12  0.000e+00
     10.289   63.23144 -165.64226     10.390    -1.0150    -1.0143    -1.0152    30.5823    30.5930  1024.6245    24.5743    387.367    376.247  369.98958    104.697     0.2735     1.2930     0.9759      11281         12  0.000e+00
     10.351   63.23144 -165.64226     10.452    -1.0151    -1.0147    -1.0153    30.5823    30.5934  1024.6248    24.5743    387.326    376.267  369.99124    104.685     0.2735     1.2930     0.9759      11282         12  0.000e+00
     10.258   63.23144 -165.64226     10.359    -1.0150    -1.0145    -1.0152    30.5824    30.5933  1024.6244    24.5744    387.323    376.275  369.98929    104.685     0.2735     1.2930     0.9759      11283         12  0.000e+00
     10.351   63.23144 -165.64226     10.452    -1.0151    -1.0143    -1.0153    30.5826    30.5926  1024.6250    24.5745    387.335    376.294  369.99039    104.688     0.2723     1.2857     0.9759      11284         12  0.000e+00
     10.351   63.23144 -165.64226     10.452    -1.0153    -1.0145    -1.0155    30.5825    30.5935  1024.6249    24.5744    387.345    376.275  369.99191    104.690     0.2723     1.2857     0.9759      11285         12  0.000e+00
     10.289   63.23144 -165.64226     10.390    -1.0153    -1.0145    -1.0155    30.5827    30.5934  1024.6248    24.5746    387.351    376.285  369.99121    104.692     0.2735     1.2930     0.9759      11286         12  0.000e+00
     10.351   63.23144 -165.64226     10.452    -1.0153    -1.0145    -1.0155    30.5827    30.5933  1024.6251    24.5746    387.366    376.302  369.99119    104.696     0.2735     1.2930     0.9759      11287         12  0.000e+00
     10.320   63.23144 -165.64226     10.421    -1.0154    -1.0147    -1.0156    30.5829    30.5929  1024.6251    24.5748    387.380    376.089  369.99233    104.700     0.2723     1.2857     0.9746      11288         12  0.000e+00
     10.289   63.23144 -165.64226     10.390    -1.0153    -1.0147    -1.0155    30.5823    30.5935  1024.6245    24.5743    387.394    376.296  369.99241    104.703     0.2735     1.2930     0.9759      11289         12  0.000e+00
     10.351   63.23144 -165.64226     10.452    -1.0153    -1.0147    -1.0155    30.5825    30.5933  1024.6250    24.5745    387.621    376.314  369.99167    104.765     0.2735     1.2930     0.9759      11290         12  0.000e+00
     10.351   63.23144 -165.64226     10.452    -1.0153    -1.0145    -1.0155    30.5825    30.5934  1024.6250    24.5745    387.379    376.553  369.99167    104.699     0.2723     1.2857     0.9759      11291         12  0.000e+00
     10.289   63.23144 -165.64226     10.390    -1.0154    -1.0143    -1.0156    30.5826    30.5932  1024.6248    24.5746    387.137    376.366  369.99312    104.634     0.2723     1.2857     0.9548      11292         12  0.000e+00
     10.320   63.23144 -165.64226     10.421    -1.0153    -1.0145    -1.0155    30.5826    30.5931  1024.6249    24.5746    387.365    376.382  369.99138    104.696     0.2711     1.2784     0.9234      11293         12  0.000e+00
     10.351   63.23144 -165.64226     10.452    -1.0153    -1.0148    -1.0155    30.5829    30.5935  1024.6253    24.5748    387.388    376.399  369.99071    104.702     0.2711     1.2784     0.9155      11294         12  0.000e+00
     10.351   63.23144 -165.64226     10.452    -1.0154    -1.0145    -1.0156    30.5825    30.5930  1024.6250    24.5745    387.415    376.410  369.99347    104.709     0.2711     1.2784     0.9168      11295         12  0.000e+00
     10.351   63.23144 -165.64226     10.452    -1.0154    -1.0147    -1.0156    30.5827    30.5934  1024.6251    24.5746    387.440    376.164  369.99287    104.716     0.2711     1.2784     0.9168      11296         12  0.000e+00
     10.351   63.23144 -165.64226     10.452    -1.0153    -1.0145    -1.0155    30.5825    30.5937  1024.6250    24.5745    387.467    376.143  369.99167    104.723     0.2711     1.2784     0.9181      11297         12  0.000e+00
     10.320   63.23144 -165.64226     10.421    -1.0153    -1.0143    -1.0155    30.5824    30.5938  1024.6248    24.5744    387.495    376.123  369.99198    104.731     0.2711     1.2784     0.9181      11298         12  0.000e+00
     10.289   63.23144 -165.64226     10.390    -1.0154    -1.0144    -1.0156    30.5830    30.5936  1024.6251    24.5749    387.526    376.334  369.99204    104.739     0.2723     1.2857     0.9181      11299         12  0.000e+00
     10.351   63.23144 -165.64226     10.452    -1.0153    -1.0145    -1.0155    30.5825    30.5933  1024.6250    24.5745    387.563    376.127  369.99167    104.749     0.2711     1.2784     0.9168      11300         12  0.000e+00
     10.351   63.23144 -165.64226     10.452    -1.0153    -1.0143    -1.0155    30.5822    30.5933  1024.6247    24.5742    387.600    376.079  369.99275    104.759     0.2723     1.2857     0.9181      11301         12  0.000e+00
     10.320   63.23144 -165.64226     10.421    -1.0154    -1.0144    -1.0156    30.5824    30.5930  1024.6247    24.5744    387.637    376.065  369.99378    104.769     0.2711     1.2784     0.9181      11302         12  0.000e+00
     10.351   63.23144 -165.64226     10.452    -1.0153    -1.0143    -1.0155    30.5821    30.5930  1024.6247    24.5742    387.678    376.020  369.99288    104.780     0.2711     1.2784     0.9181      11303         12  0.000e+00
     10.351   63.23144 -165.64226     10.452    -1.0154    -1.0144    -1.0156    30.5823    30.5934  1024.6248    24.5743    387.415    375.975  369.99407    104.708     0.2711     1.2784     0.9181      11304         12  0.000e+00
      1.036   63.23154 -165.64210      1.046    12.2399    12.2510    12.2398     9.7008     9.6251  1006.9894     6.9846    307.513    298.983  313.03201     98.237     0.3773     1.9157     9.9962      15015         13  0.000e+00
      0.982   63.23154 -165.64210      0.991    12.2357    12.2514    12.2357     9.7094     9.6241  1006.9963     6.9917    307.517    299.005  313.04171     98.235     0.3773     1.9157    10.0088      15016         13  0.000e+00
      1.036   63.23154 -165.64210      1.046    12.2258    12.2528    12.2257     9.7111     9.6230  1006.9993     6.9945    307.582    298.861  313.10636     98.236     0.3773     1.9157    10.0088      15017         13  0.000e+00
      1.036   63.23154 -165.64210      1.046    12.2238    12.2546    12.2237     9.7025     9.6226  1006.9929     6.9881    307.610    298.858  313.13919     98.234     0.3785     1.9231    10.0088      15018         13  0.000e+00
      0.920   63.23154 -165.64210      0.929    12.2271    12.2569    12.2270     9.6877     9.6241  1006.9805     6.9762    307.608    298.857  313.14932     98.231     0.3773     1.9157     9.9962      15019         13  0.000e+00
      0.982   63.23154 -165.64210      0.991    12.2348    12.2588    12.2347     9.6659     9.6270  1006.9629     6.9583    307.597    298.849  313.14423     98.229     0.3785     1.9231    10.0088      15020         13  0.000e+00
      1.036   63.23154 -165.64210      1.046    12.2421    12.2587    12.2420     9.6465     9.6315  1006.9472     6.9424    307.583    298.849  313.13659     98.226     0.3773     1.9157    10.0088      15021         13  0.000e+00
      0.920   63.23154 -165.64210      0.929    12.2450    12.2583    12.2449     9.6427     9.6358  1006.9433     6.9390    307.560    298.845  313.12448     98.223     0.3785     1.9231     9.9962      15022         13  0.000e+00
      0.982   63.23154 -165.64210      0.991    12.2415    12.2578    12.2415     9.6517     9.6388  1006.9510     6.9464    307.563    299.025  313.12874     98.223     0.3773     1.9157     9.9962      15023         13  0.000e+00
      0.982   63.23154 -165.64210      0.991    12.2411    12.2566    12.2410     9.6542     9.6423  1006.9530     6.9484    307.556    298.871  313.12654     98.221     0.3785     1.9231     9.9962      15024         13  0.000e+00
      0.982   63.23154 -165.64210      0.991    12.2442    12.2555    12.2441     9.6499     9.6462  1006.9493     6.9447    307.537    298.860  313.11444     98.219     0.3785     1.9231     9.9962      15025         13  0.000e+00
      0.920   63.23154 -165.64210      0.929    12.2445    12.2550    12.2444     9.6552     9.6470  1006.9530     6.9487    307.516    298.849  313.10045     98.216     0.3785     1.9231    10.0088      15026         13  0.000e+00
      0.920   63.23154 -165.64210      0.929    12.2396    12.2540    12.2395     9.6642     9.6478  1006.9606     6.9563    307.718    298.842  313.11503     98.276     0.3797     1.9304    10.0088      15027         13  0.000e+00
      0.920   63.23154 -165.64210      0.929    12.2401    12.2533    12.2400     9.6601     9.6490  1006.9574     6.9531    307.356    298.831  313.12025     98.159     0.3785     1.9231    10.0088      15028         13  0.000e+00
      0.866   63.23154 -165.64210      0.875    12.2444    12.2542    12.2443     9.6461     9.6490  1006.9457     6.9417    307.518    298.823  313.12159     98.210     0.3797     1.9304    10.0088      15029         13  0.000e+00
      0.920   63.23154 -165.64210      0.929    12.2487    12.2534    12.2486     9.6360     9.6499  1006.9376     6.9333    307.124    298.814  313.11396     98.087     0.3785     1.9231    10.0088      15030         13  0.000e+00
      0.866   63.23154 -165.64210      0.875    12.2527    12.2512    12.2526     9.6302     9.6535  1006.9323     6.9282    307.251    298.804  313.09934     98.132     0.3785     1.9231    10.0215      15031         13  0.000e+00
      0.866   63.23154 -165.64210      0.875    12.2559    12.2502    12.2559     9.6263     9.6588  1006.9288     6.9248    307.403    298.782  313.08555     98.185     0.3785     1.9231    10.0215      15032         13  0.000e+00
      0.920   63.23154 -165.64210      0.929    12.2582    12.2499    12.2581     9.6246     9.6634  1006.9275     6.9232    307.243    298.759  313.07391     98.138     0.3785     1.9231    10.0215      15033         13  0.000e+00
      0.866   63.23154 -165.64210      0.875    12.2583    12.2499    12.2582     9.6250     9.6656  1006.9275     6.9235    307.408    298.733  313.07203     98.191     0.3785     1.9231    10.0215      15034         13  0.000e+00
      0.866   63.23154 -165.64210      0.875    12.2585    12.2492    12.2584     9.6250     9.6658  1006.9275     6.9234    307.407    298.716  313.07077     98.191     0.3785     1.9231    10.0215      15035         13  0.000e+00
      0.866   63.23154 -165.64210      0.875    12.2582    12.2481    12.2581     9.6239     9.6655  1006.9267     6.9227    307.412    298.703  313.07535     98.191     0.3785     1.9231    10.0215      15036         13  0.000e+00
      0.805   63.23154 -165.64210      0.813    12.2586    12.2474    12.2586     9.6222     9.6652  1006.9250     6.9212    307.410    298.697  313.07608     98.190     0.3785     1.9231    10.0215      15037         13  0.000e+00
      0.866   63.23154 -165.64210      0.875    12.2593    12.2479    12.2592     9.6210     9.6654  1006.9243     6.9203    307.410    298.847  313.07408     98.191     0.3797     1.9304    10.0215      15038         13  0.000e+00
      0.866   63.23154 -165.64210      0.875    12.2593    12.2490    12.2592     9.6234     9.6660  1006.9262     6.9221    307.405    298.826  313.06852     98.191     0.3785     1.9231    10.0215      15039         13  0.000e+00
      0.867   63.23154 -165.64210      0.875    12.2602    12.2494    12.2601     9.6278     9.6654  1006.9294     6.9253    307.411    298.826  313.05318     98.198     0.3797     1.9304    10.0215      15040         13  0.000e+00
      0.867   63.23154 -165.64210      0.875    12.2598    12.2495    12.2597     9.6300     9.6631  1006.9312     6.9271    307.410    298.816  313.05078     98.198     0.3785     1.9231    10.0215      15041         13  0.000e+00
      0.867   63.23154 -165.64210      0.875    12.2606    12.2504    12.2605     9.6274     9.6581  1006.9290     6.9250    307.454    298.805  313.05089     98.212     0.3785     1.9231    10.0215      15042         13  0.000e+00
      0.867   63.23154 -165.64210      0.875    12.2625    12.2528    12.2624     9.6237     9.6507  1006.9259     6.9219    307.451    298.800  313.04612     98.213     0.3785     1.9231    10.0215      15043         13  0.000e+00
      0.805   63.23154 -165.64210      0.813    12.2635    12.2558    12.2634     9.6224     9.6401  1006.9245     6.9208    307.447    298.795  313.04220     98.213     0.3785     1.9231    10.0215      15044         13  0.000e+00
      0.921   63.23154 -165.64210      0.930    12.2643    12.2612    12.2642     9.6231     9.6279  1006.9254     6.9211    307.447    298.782  313.03512     98.215     0.3785     1.9231    10.0215      15045         13  0.000e+00
      0.805   63.23154 -165.64210      0.813    12.2641    12.2652    12.2640     9.6266     9.6190  1006.9277     6.9239    307.438    298.777  313.02851     98.214     0.3785     1.9231    10.0215      15046         13  0.000e+00
