merge_samples_with_btl/SKQ202309T/ctd/skq202309t_006.cnv
* Sea-Bird SBE 9 Data File:
* FileName = D:\CTD\SKQ202309T\SKQ202309T_006.hex
* Software Version Seasave V 7.26.7.121
* Temperature SN = 6177
* Conductivity SN = 0369
* Number of Bytes Per Scan = 38
* Number of Voltage Words = 3
* Number of Scans Averaged by the Deck Unit = 1
* NMEA Latitude = 63 13.86 N
* NMEA Longitude = 165 38.62 W
* NMEA UTC (Time) = Jun 12 2023  07:50:19
* NMEA baud rate = 4800
** Ship: R/V Sikuliaq
** Station Number: 006
** Station Name: STN 009
** Bottom Depth: 23
** Operator: Seth Zippel
# nquan = 23
# nvalues = 4827                                  
# units = specified
# name 0 = depSM: Depth [salt water, m]
# name 1 = latitude: Latitude [deg]
# name 2 = longitude: Longitude [deg]
# name 3 = prDM: Pressure, Digiquartz [db]
# name 4 = t090C: Temperature [ITS-90, deg C]
# name 5 = t190C: Temperature, 2 [ITS-90, deg C]
# name 6 = potemp090C: Potential Temperature [ITS-90, deg C]
# name 7 = sal00: Salinity, Practical [PSU]
# name 8 = sal11: Salinity, Practical, 2 [PSU]
# name 9 = density00: Density [density, kg/m^3]
# name 10 = sigma-é00: Density [sigma-theta, kg/m^3]
# name 11 = sbox0Mm/Kg: Oxygen, SBE 43 [umol/kg]
# name 12 = sbox1Mm/Kg: Oxygen, SBE 43, 2 [umol/kg]
# name 13 = oxsolMm/Kg: Oxygen Saturation, Garcia & Gordon [umol/kg]
# name 14 = sbeox0PS: Oxygen, SBE 43 [% saturation]
# name 15 = sbeox1PS: Oxygen, SBE 43, 2 [% saturation]
# name 16 = v0: Voltage 0
# name 17 = flECO-AFL: Fluorescence, WET Labs ECO-AFL/FL [mg/m^3]
# name 18 = v1: Voltage 1
# name 19 = CStarAt0: Beam Attenuation, WET Labs C-Star [1/m]
# name 20 = scan: Scan Count
# name 21 = timeM: Time, Elapsed [minutes]
# name 22 = flag:  0.000e+00
# span 0 =      1.097,     14.739                 
# span 1 =   63.23124,   63.23136                 
# span 2 = -165.64270, -165.64250                 
# span 3 =      1.108,     14.884                 
# span 4 =    -1.0156,    12.3016                 
# span 5 =    -1.0150,    12.3850                 
# span 6 =    -1.0159,    12.3015                 
# span 7 =     9.2773,    30.5974                 
# span 8 =     9.1550,    30.6135                 
# span 9 =  1006.6546,  1024.6491                 
# span 10 =     6.6493,    24.5865                
# span 11 =    297.757,    398.098                
# span 12 =    295.620,    386.848                
# span 13 =  311.05047,  369.98031                
# span 14 =     91.607,    109.943                
# span 15 =     90.308,    105.614                
# span 16 =     0.1245,     0.4261                
# span 17 =     0.3993,     2.2088                
# span 18 =     0.3602,     4.2869                
# span 19 =     0.3785,    10.2974                
# span 20 =          1,       4827                
# span 21 =     0.0000,     3.3514                
# span 22 = 0.0000e+00, 0.0000e+00                
# interval = seconds: 0.0416667
# start_time = Jun 12 2023 07:55:11 [NMEA time, first data scan]
# bad_flag = -9.990e-29
*END*
[from data line 1260]
      5.328   63.23128 -165.64262      5.380     1.8080     1.8064     1.8078    27.7468    27.7704  1022.2021    22.1764    359.898    354.315  351.24787    102.463    100.887     0.1514     0.5604     3.9817     0.6740       1261     0.8750  0.000e+00
      5.390   63.23128 -165.64262      5.443     1.7908     1.7682     1.7906    27.7549    27.7853  1022.2098    22.1838    359.857    354.489  351.38031    102.412    100.850     0.1526     0.5678     3.9817     0.6740       1262     0.8757  0.000e+00
      5.390   63.23128 -165.64262      5.443     1.7479     1.7430     1.7477    27.7797    27.7974  1022.2321    22.2061    360.056    354.540  351.70020    102.376    100.809     0.1526     0.5678     3.9817     0.6740       1263     0.8764  0.000e+00
      5.390   63.23128 -165.64262      5.443     1.7359     1.7362     1.7357    27.7876    27.8017  1022.2391    22.2131    359.767    354.404  351.78679    102.268    100.756     0.1526     0.5678     3.9817     0.6740       1264     0.8771  0.000e+00
      5.390   63.23128 -165.64262      5.443     1.7437     1.7317     1.7435    27.7746    27.8033  1022.2282    22.2022    359.314    354.263  351.75200    102.150    100.705     0.1514     0.5604     3.9817     0.6740       1265     0.8778  0.000e+00
      5.390   63.23128 -165.64262      5.443     1.7217     1.7257     1.7215    27.7836    27.8037  1022.2367    22.2107    359.328    353.914  351.92566    102.103    100.591     0.1526     0.5678     3.9817     0.6740       1266     0.8785  0.000e+00
      5.421   63.23128 -165.64262      5.474     1.7030     1.7152     1.7028    27.7970    27.8088  1022.2486    22.2225    359.086    353.799  352.05809    101.996    100.535     0.1538     0.5751     4.0134     0.6423       1267     0.8792  0.000e+00
      5.390   63.23128 -165.64262      5.443     1.7088     1.6882     1.7086    27.7914    27.8257  1022.2436    22.2176    358.864    353.861  352.02099    101.944    100.496     0.1514     0.5604     4.0513     0.6047       1268     0.8799  0.000e+00
      5.444   63.23128 -165.64262      5.497     1.7023     1.6605     1.7021    27.7886    27.8420  1022.2420    22.2157    358.791    353.924  352.08730    101.904    100.455     0.1526     0.5678     4.0598     0.5963       1269     0.8806  0.000e+00
      5.444   63.23128 -165.64262      5.497     1.6677     1.6638     1.6675    27.8112    27.8366  1022.2619    22.2357    358.960    353.710  352.33901    101.879    100.399     0.1526     0.5678     4.0586     0.5975       1270     0.8812  0.000e+00
      5.444   63.23128 -165.64262      5.497     1.6724     1.6682     1.6722    27.8142    27.8354  1022.2641    22.2378    358.375    353.279  352.28786    101.728    100.287     0.1526     0.5678     4.0562     0.5999       1271     0.8819  0.000e+00
      5.444   63.23128 -165.64262      5.497     1.6954     1.6659     1.6952    27.8010    27.8360  1022.2523    22.2261    357.795    353.116  352.11641    101.613    100.235     0.1526     0.5678     4.0562     0.5999       1272     0.8826  0.000e+00
      5.444   63.23128 -165.64262      5.497     1.6811     1.6477     1.6809    27.8058    27.8458  1022.2569    22.2307    357.774    352.874  352.23190    101.573    100.127     0.1526     0.5678     4.0562     0.5999       1273     0.8833  0.000e+00
      5.444   63.23128 -165.64262      5.497     1.6587     1.6251     1.6585    27.8124    27.8575  1022.2634    22.2371    357.863    352.877  352.41742    101.545    100.079     0.1514     0.5604     4.0562     0.5999       1274     0.8840  0.000e+00
      5.444   63.23128 -165.64262      5.497     1.6406     1.6026     1.6404    27.8191    27.8708  1022.2698    22.2435    357.702    352.897  352.56251    101.458    100.037     0.1526     0.5678     4.0562     0.5999       1275     0.8847  0.000e+00
      5.529   63.23128 -165.64262      5.583     1.6305     1.5783     1.6303    27.8177    27.8859  1022.2696    22.2429    357.438    352.929  352.65796    101.355     99.995     0.1514     0.5604     4.0562     0.5999       1276     0.8854  0.000e+00
      5.444   63.23128 -165.64262      5.497     1.6055     1.5591     1.6053    27.8257    27.8972  1022.2770    22.2507    357.563    352.907  352.86292    101.332     99.948     0.1526     0.5678     4.0562     0.5999       1277     0.8861  0.000e+00
      5.498   63.23128 -165.64262      5.552     1.5691     1.5610     1.5689    27.8459    27.8931  1022.2953    22.2688    357.533    352.736  353.13802    101.245     99.902     0.1502     0.5531     4.0562     0.5999       1278     0.8868  0.000e+00
      5.498   63.23128 -165.64262      5.552     1.5663     1.5726     1.5661    27.8483    27.8833  1022.2974    22.2709    357.438    352.503  353.15687    101.212     99.858     0.1502     0.5531     4.0562     0.5999       1279     0.8875  0.000e+00
      5.498   63.23128 -165.64262      5.552     1.5897     1.5698     1.5895    27.8305    27.8826  1022.2819    22.2554    356.930    352.180  352.99294    101.115     99.758     0.1502     0.5531     4.0562     0.5999       1280     0.8882  0.000e+00
      5.498   63.23128 -165.64262      5.552     1.5874     1.5572     1.5872    27.8325    27.8891  1022.2836    22.2571    356.864    351.937  353.00885    101.092     99.663     0.1502     0.5531     4.0562     0.5999       1281     0.8889  0.000e+00
      5.498   63.23128 -165.64262      5.552     1.5796     1.5472     1.5794    27.8317    27.8912  1022.2834    22.2569    356.619    351.867  353.08166    101.002     99.619     0.1502     0.5531     4.0574     0.5987       1282     0.8896  0.000e+00
      5.560   63.23128 -165.64262      5.614     1.5518     1.5238     1.5516    27.8449    27.9007  1022.2958    22.2689    356.774    351.706  353.29794    100.984     99.520     0.1502     0.5531     4.0562     0.5999       1283     0.8903  0.000e+00
      5.498   63.23128 -165.64262      5.552     1.5089     1.4894     1.5087    27.8740    27.9164  1022.3210    22.2945    356.834    351.640  353.60875    100.912     99.425     0.1502     0.5531     4.0562     0.5999       1284     0.8910  0.000e+00
      5.590   63.23128 -165.64262      5.645     1.4677     1.4570     1.4675    27.8964    27.9307  1022.3416    22.3146    357.096    351.752  353.92290    100.897     99.385     0.1502     0.5531     4.0562     0.5999       1285     0.8917  0.000e+00
      5.498   63.23128 -165.64262      5.552     1.4342     1.4304     1.4340    27.9090    27.9421  1022.3530    22.3264    357.141    351.596  354.19497    100.832     99.282     0.1502     0.5531     4.0562     0.5999       1286     0.8924  0.000e+00
      5.560   63.23128 -165.64262      5.614     1.4067     1.4158     1.4065    27.9184    27.9480  1022.3622    22.3354    357.096    351.557  354.42069    100.755     99.238     0.1490     0.5458     4.0562     0.5999       1287     0.8931  0.000e+00
      5.560   63.23128 -165.64262      5.614     1.3896     1.4044     1.3894    27.9287    27.9552  1022.3713    22.3445    357.178    351.458  354.54867    100.742     99.186     0.1502     0.5531     4.0549     0.6011       1288     0.8938  0.000e+00
      5.560   63.23128 -165.64262      5.614     1.3978     1.3921     1.3976    27.9230    27.9668  1022.3663    22.3395    357.044    350.964  354.48892    100.721     99.024     0.1502     0.5531     4.0549     0.6011       1289     0.8944  0.000e+00
      5.560   63.23128 -165.64262      5.614     1.3981     1.3796     1.3979    27.9184    27.9792  1022.3626    22.3358    356.788    351.063  354.49863    100.646     99.030     0.1502     0.5531     4.0537     0.6023       1290     0.8951  0.000e+00
      5.614   63.23128 -165.64262      5.669     1.3750     1.3810     1.3748    27.9292    27.9753  1022.3727    22.3456    357.208    350.702  354.68061    100.713     98.929     0.1502     0.5531     4.0549     0.6011       1291     0.8958  0.000e+00
      5.560   63.23128 -165.64262      5.614     1.3505     1.3893     1.3503    27.9398    27.9598  1022.3822    22.3553    357.241    350.281  354.87615    100.666     98.819     0.1502     0.5531     4.0549     0.6011       1292     0.8965  0.000e+00
      5.614   63.23128 -165.64262      5.669     1.3304     1.3758     1.3302    27.9464    27.9602  1022.3888    22.3616    357.202    350.242  355.04248    100.608     98.774     0.1514     0.5604     4.0549     0.6011       1293     0.8972  0.000e+00
      5.591   63.23128 -165.64262      5.645     1.3141     1.3508     1.3139    27.9538    27.9674  1022.3954    22.3684    357.358    350.095  355.17152    100.616     98.675     0.1502     0.5531     4.0549     0.6011       1294     0.8979  0.000e+00
      5.614   63.23128 -165.64262      5.669     1.3003     1.3272     1.3002    27.9594    27.9764  1022.4007    22.3736    357.492    349.945  355.28233    100.622     98.579     0.1514     0.5604     4.0537     0.6023       1295     0.8986  0.000e+00
      5.614   63.23128 -165.64262      5.669     1.2881     1.3077     1.2879    27.9642    27.9880  1022.4051    22.3780    357.653    349.731  355.38203    100.639     98.478     0.1502     0.5531     4.0549     0.6011       1296     0.8993  0.000e+00
      5.614   63.23128 -165.64262      5.669     1.2772     1.2949     1.2770    27.9688    27.9944  1022.4094    22.3823    357.557    349.453  355.46929    100.587     98.372     0.1514     0.5604     4.0549     0.6011       1297     0.9000  0.000e+00
      5.614   63.23128 -165.64262      5.669     1.2663     1.2876     1.2661    27.9748    27.9974  1022.4147    22.3876    357.695    349.330  355.55326    100.602     98.321     0.1502     0.5531     4.0537     0.6023       1298     0.9007  0.000e+00
      5.614   63.23128 -165.64262      5.669     1.2564     1.2760     1.2562    27.9833    28.0050  1022.4220    22.3949    357.854    349.042  355.62040    100.628     98.216     0.1514     0.5604     4.0537     0.6023       1299     0.9014  0.000e+00
      5.614   63.23128 -165.64262      5.669     1.2466     1.2643     1.2464    27.9890    28.0090  1022.4271    22.4000    358.018    348.756  355.69483    100.653     98.109     0.1502     0.5531     4.0549     0.6011       1300     0.9021  0.000e+00
      5.675   63.23128 -165.64262      5.731     1.2368     1.2524     1.2366    27.9914    28.0116  1022.4298    22.4023    357.992    348.469  355.77915    100.622     98.000     0.1514     0.5604     4.0537     0.6023       1301     0.9028  0.000e+00
      5.614   63.23128 -165.64262      5.669     1.2267     1.2412     1.2265    27.9915    28.0131  1022.4300    22.4029    358.207    348.407  355.87164    100.656     97.956     0.1502     0.5531     4.0549     0.6011       1302     0.9035  0.000e+00
      5.645   63.23128 -165.64262      5.700     1.2174     1.2295     1.2172    27.9920    28.0154  1022.4311    22.4038    358.415    348.159  355.95596    100.691     97.858     0.1526     0.5678     4.0549     0.6011       1303     0.9042  0.000e+00
      5.675   63.23128 -165.64262      5.731     1.2072     1.2187     1.2071    27.9942    28.0168  1022.4334    22.4060    358.621    348.114  356.04339    100.724     97.819     0.1551     0.5824     4.0549     0.6011       1304     0.9049  0.000e+00
      5.675   63.23128 -165.64262      5.731     1.1964     1.2073     1.1962    27.9963    28.0200  1022.4357    22.4083    358.869    348.091  356.13756    100.767     97.786     0.1563     0.5897     4.0537     0.6023       1305     0.9056  0.000e+00
      5.675   63.23128 -165.64262      5.731     1.1855     1.1960     1.1853    27.9989    28.0260  1022.4383    22.4109    358.871    347.839  356.23099    100.741     97.691     0.1563     0.5897     4.0549     0.6011       1306     0.9063  0.000e+00
      5.675   63.23128 -165.64262      5.731     1.1740     1.1849     1.1738    28.0030    28.0307  1022.4421    22.4147    359.109    347.584  356.32559    100.781     97.595     0.1551     0.5824     4.0611     0.5951       1307     0.9069  0.000e+00
      5.675   63.23128 -165.64262      5.731     1.1625     1.1747     1.1623    28.0060    28.0363  1022.4451    22.4177    359.386    347.528  356.42366    100.831     97.558     0.1563     0.5897     4.0916     0.5651       1308     0.9076  0.000e+00
      5.675   63.23128 -165.64262      5.731     1.1515     1.1648     1.1513    28.0091    28.0423  1022.4481    22.4207    359.652    347.277  356.51706    100.879     97.467     0.1551     0.5824     4.1050     0.5520       1309     0.9083  0.000e+00
      5.675   63.23128 -165.64262      5.731     1.1400     1.1550     1.1398    28.0129    28.0443  1022.4517    22.4243    359.673    347.248  356.61256    100.858     97.436     0.1563     0.5897     4.1050     0.5520       1310     0.9090  0.000e+00
      5.706   63.23128 -165.64262      5.762     1.1288     1.1445     1.1286    28.0176    28.0445  1022.4561    22.4285    359.922    347.256  356.70324    100.902     97.411     0.1551     0.5824     4.1038     0.5532       1311     0.9097  0.000e+00
      5.675   63.23128 -165.64262      5.731     1.1165     1.1337     1.1164    28.0226    28.0463  1022.4606    22.4332    360.214    347.070  356.80257    100.956     97.333     0.1563     0.5897     4.1026     0.5544       1312     0.9104  0.000e+00
      5.729   63.23128 -165.64262      5.785     1.1043     1.1219     1.1041    28.0256    28.0503  1022.4639    22.4362    360.507    347.320  356.90765    101.009     97.377     0.1551     0.5824     4.1038     0.5532       1313     0.9111  0.000e+00
      5.729   63.23128 -165.64262      5.785     1.0913     1.1092     1.0911    28.0296    28.0532  1022.4677    22.4400    360.793    347.201  357.01734    101.058     97.314     0.1563     0.5897     4.1026     0.5544       1314     0.9118  0.000e+00
      5.675   63.23128 -165.64262      5.731     1.0778     1.0965     1.0776    28.0352    28.0564  1022.4725    22.4451    361.109    347.265  357.12675    101.115     97.302     0.1551     0.5824     4.1038     0.5532       1315     0.9125  0.000e+00
      5.729   63.23128 -165.64262      5.785     1.0638     1.0833     1.0636    28.0412    28.0623  1022.4783    22.4506    361.180    347.357  357.23965    101.103     97.298     0.1563     0.5897     4.1038     0.5532       1316     0.9132  0.000e+00
      5.729   63.23128 -165.64262      5.785     1.0494     1.0697     1.0492    28.0460    28.0683  1022.4829    22.4551    361.729    347.473  357.35989    101.223     97.301     0.1551     0.5824     4.1038     0.5532       1317     0.9139  0.000e+00
      5.729   63.23128 -165.64262      5.785     1.0358     1.0570     1.0356    28.0509    28.0730  1022.4874    22.4597    362.100    347.395  357.47258    101.295     97.251     0.1563     0.5897     4.1038     0.5532       1318     0.9146  0.000e+00
      5.729   63.23128 -165.64262      5.785     1.0229     1.0434     1.0228    28.0553    28.0790  1022.4915    22.4638    362.254    347.535  357.58004    101.307     97.260     0.1563     0.5897     4.1038     0.5532       1319     0.9153  0.000e+00
      5.760   63.23128 -165.64262      5.817     1.0107     1.0312     1.0105    28.0590    28.0829  1022.4952    22.4673    362.548    347.452  357.68321    101.360     97.209     0.1551     0.5824     4.1038     0.5532       1320     0.9160  0.000e+00
      5.729   63.23128 -165.64262      5.785     0.9986     1.0185     0.9984    28.0627    28.0880  1022.4985    22.4708    362.824    347.582  357.78561    101.408     97.217     0.1563     0.5897     4.1038     0.5532       1321     0.9167  0.000e+00
      5.791   63.23128 -165.64262      5.848     0.9869     1.0058     0.9868    28.0677    28.0911  1022.5035    22.4754    363.121    347.718  357.88000    101.464     97.226     0.1551     0.5824     4.1026     0.5544       1322     0.9174  0.000e+00
