merge_samples_with_btl/SKQ202309T/ctd/skq202309t_005.cnv
* Sea-Bird SBE 9 Data File:
* FileName = D:\CTD\SKQ202309T\SKQ202309T_005.hex
* Software Version Seasave V 7.26.7.121
* Temperature SN = 6177
* Conductivity SN = 0369
* Number of Bytes Per Scan = 38
* Number of Voltage Words = 3
* Number of Scans Averaged by the Deck Unit = 1
* NMEA Latitude = 62 38.25 N
* NMEA Longitude = 165 42.28 W
* NMEA UTC (Time) = Jun 12 2023  01:37:43
* NMEA baud rate = 4800
** Ship: R/V Sikuliaq
** Station Number: 005
** Station Name: STN 008
** Bottom Depth: 12
** Operator: Kay McMonigal
# nquan = 23
# nvalues = 3288                                  
# units = specified
# name 0 = depSM: Depth [salt water, m]
# name 1 = latitude: Latitude [deg]
# name 2 = longitude: Longitude [deg]
# name 3 = prDM: Pressure, Digiquartz [db]
# name 4 = t090C: Temperature [ITS-90, deg C]
# name 5 = t190C: Temperature, 2 [ITS-90, deg C]
# name 6 = potemp090C: Potential Temperature [ITS-90, deg C]
# name 7 = sal00: Salinity, Practical [PSU]
# name 8 = sal11: Salinity, Practical, 2 [PSU]
# name 9 = density00: Density [density, kg/m^3]
# name 10 = sigma-é00: Density [sigma-theta, kg/m^3]
# name 11 = sbox0Mm/Kg: Oxygen, SBE 43 [umol/kg]
# name 12 = sbox1Mm/Kg: Oxygen, SBE 43, 2 [umol/kg]
# name 13 = oxsolMm/Kg: Oxygen Saturation, Garcia & Gordon [umol/kg]
# name 14 = sbeox0PS: Oxygen, SBE 43 [% saturation]
# name 15 = sbeox1PS: Oxygen, SBE 43, 2 [% saturation]
# name 16 = v0: Voltage 0
# name 17 = flECO-AFL: Fluorescence, WET Labs ECO-AFL/FL [mg/m^3]
# name 18 = v1: Voltage 1
# name 19 = CStarAt0: Beam Attenuation, WET Labs C-Star [1/m]
# name 20 = scan: Scan Count
# name 21 = timeM: Time, Elapsed [minutes]
# name 22 = flag:  0.000e+00
# span 0 =      1.229,      5.785                 
# span 1 =   62.63746,   62.63748                 
# span 2 = -165.70490, -165.70482                 
# span 3 =      1.241,      5.842                 
# span 4 =     3.0533,    13.0234                 
# span 5 =     3.0442,    13.0212                 
# span 6 =     3.0530,    13.0233                 
# span 7 =     3.2223,    27.9448                 
# span 8 =     3.2209,    27.9814                 
# span 9 =  1001.8824,  1022.2803                 
# span 10 =     1.8754,    22.2537                
# span 11 =    285.095,    348.236                
# span 12 =    279.432,    320.281                
# span 13 =  318.98102,  340.25973                
# span 14 =     88.883,    102.720                
# span 15 =     87.087,     94.468                
# span 16 =     0.1160,     0.3614                
# span 17 =     0.3480,     1.8205                
# span 18 =     0.0012,     2.6020                
# span 19 =     2.3764,    49.5425                
# span 20 =          1,       3288                
# span 21 =     0.0000,     2.2826                
# span 22 = 0.0000e+00, 0.0000e+00                
# interval = seconds: 0.0416667
# start_time = Jun 12 2023 01:40:04 [NMEA time, first data scan]
# bad_flag = -9.990e-29
*END*
[from data line 3024]
      5.618   62.63748 -165.70488      5.672     3.1364     3.1299     3.1361    27.5327    27.5696  1021.9465    21.9197    326.376    317.436  340.20305     95.936     93.319     0.1392     0.4872     2.5507     2.4561       3025     2.1000  0.000e+00
      5.618   62.63748 -165.70488      5.672     3.1366     3.1319     3.1363    27.5290    27.5623  1021.9436    21.9168    326.355    317.473  340.21104     95.927     93.329     0.1404     0.4945     2.5507     2.4561       3026     2.1007  0.000e+00
      5.618   62.63748 -165.70488      5.672     3.1373     3.1335     3.1370    27.5226    27.5572  1021.9384    21.9116    326.336    317.507  340.22139     95.919     93.339     0.1392     0.4872     2.5507     2.4561       3027     2.1014  0.000e+00
      5.618   62.63748 -165.70488      5.672     3.1373     3.1346     3.1370    27.5208    27.5552  1021.9371    21.9102    326.088    317.538  340.22585     95.845     93.350     0.1392     0.4872     2.5507     2.4561       3028     2.1021  0.000e+00
      5.618   62.63748 -165.70488      5.672     3.1368     3.1357     3.1366    27.5243    27.5537  1021.9398    21.9130    326.246    317.567  340.22111     95.892     93.359     0.1392     0.4872     2.5507     2.4561       3029     2.1028  0.000e+00
      5.649   62.63748 -165.70488      5.704     3.1367     3.1368     3.1364    27.5257    27.5504  1021.9411    21.9141    326.255    317.375  340.21865     95.896     93.303     0.1392     0.4872     2.5507     2.4561       3030     2.1035  0.000e+00
      5.618   62.63748 -165.70488      5.672     3.1373     3.1368     3.1370    27.5227    27.5469  1021.9386    21.9117    326.230    317.569  340.22092     95.888     93.358     0.1355     0.4652     2.5507     2.4561       3031     2.1042  0.000e+00
      5.618   62.63748 -165.70488      5.672     3.1386     3.1372     3.1383    27.5203    27.5453  1021.9365    21.9096    326.199    317.575  340.21645     95.880     93.360     0.1368     0.4725     2.5507     2.4561       3032     2.1049  0.000e+00
      5.618   62.63748 -165.70488      5.672     3.1386     3.1371     3.1383    27.5253    27.5454  1021.9405    21.9137    325.974    317.581  340.20338     95.818     93.361     0.1355     0.4652     2.5507     2.4561       3033     2.1056  0.000e+00
      5.618   62.63748 -165.70488      5.672     3.1393     3.1369     3.1391    27.5432    27.5448  1021.9547    21.9278    326.089    317.587  340.15103     95.866     93.362     0.1368     0.4725     2.5507     2.4561       3034     2.1063  0.000e+00
      5.618   62.63748 -165.70488      5.672     3.1395     3.1368     3.1392    27.5665    27.5443  1021.9732    21.9464    325.784    317.414  340.08958     95.794     93.310     0.1355     0.4652     2.5629     2.4370       3035     2.1069  0.000e+00
      5.672   62.63748 -165.70488      5.727     3.1375     3.1350     3.1372    27.5835    27.5464  1021.9872    21.9601    325.707    317.428  340.06298     95.778     93.312     0.1355     0.4652     2.5702     2.4256       3036     2.1076  0.000e+00
      5.618   62.63748 -165.70488      5.672     3.1315     3.1342     3.1312    27.5990    27.5464  1021.9997    21.9728    325.666    317.612  340.07378     95.763     93.364     0.1343     0.4579     2.5702     2.4256       3037     2.1083  0.000e+00
      5.618   62.63748 -165.70488      5.672     3.1288     3.1357     3.1285    27.6014    27.5417  1022.0018    21.9749    325.893    317.409  340.09029     95.825     93.304     0.1368     0.4725     2.5702     2.4256       3038     2.1090  0.000e+00
      5.649   62.63748 -165.70488      5.704     3.1313     3.1363     3.1311    27.5891    27.5393  1021.9920    21.9650    325.922    317.385  340.10062     95.831     93.297     0.1355     0.4652     2.5702     2.4256       3039     2.1097  0.000e+00
      5.618   62.63748 -165.70488      5.672     3.1309     3.1354     3.1306    27.5906    27.5422  1021.9931    21.9662    325.719    317.560  340.10033     95.771     93.349     0.1368     0.4725     2.5702     2.4256       3040     2.1104  0.000e+00
      5.618   62.63748 -165.70488      5.672     3.1315     3.1354     3.1312    27.5878    27.5441  1021.9908    21.9640    325.747    317.350  340.10251     95.779     93.288     0.1355     0.4652     2.5702     2.4256       3041     2.1111  0.000e+00
      5.672   62.63748 -165.70488      5.727     3.1345     3.1358     3.1342    27.5821    27.5441  1021.9863    21.9592    325.954    317.520  340.09183     95.843     93.339     0.1355     0.4652     2.5702     2.4256       3042     2.1118  0.000e+00
      5.618   62.63748 -165.70488      5.672     3.1309     3.1366     3.1306    27.5948    27.5425  1021.9964    21.9696    325.761    317.506  340.08942     95.787     93.336     0.1368     0.4725     2.5702     2.4256       3043     2.1125  0.000e+00
      5.618   62.63748 -165.70488      5.672     3.1284     3.1382     3.1281    27.5957    27.5409  1021.9973    21.9704    325.669    317.487  340.10862     95.754     93.333     0.1355     0.4652     2.5702     2.4256       3044     2.1132  0.000e+00
      5.672   62.63748 -165.70488      5.727     3.1309     3.1399     3.1306    27.5861    27.5412  1021.9897    21.9626    325.893    317.462  340.11206     95.819     93.329     0.1368     0.4725     2.5702     2.4256       3045     2.1139  0.000e+00
      5.618   62.63748 -165.70490      5.672     3.1306     3.1400     3.1303    27.5947    27.5434  1021.9964    21.9695    325.682    317.238  340.09239     95.763     93.266     0.1355     0.4652     2.5702     2.4256       3046     2.1146  0.000e+00
      5.618   62.63748 -165.70490      5.672     3.1271     3.1394     3.1268    27.6108    27.5516  1022.0094    21.9826    325.676    317.187  340.08045     95.764     93.255     0.1368     0.4725     2.5702     2.4256       3047     2.1153  0.000e+00
      5.648   62.63748 -165.70490      5.703     3.1260     3.1377     3.1257    27.6180    27.5671  1022.0154    21.9884    325.674    317.151  340.07141     95.766     93.252     0.1355     0.4652     2.5702     2.4256       3048     2.1160  0.000e+00
      5.672   62.63748 -165.70490      5.727     3.1249     3.1377     3.1246    27.6243    27.5756  1022.0206    21.9935    325.677    317.094  340.06429     95.769     93.241     0.1355     0.4652     2.5702     2.4256       3049     2.1167  0.000e+00
      5.618   62.63748 -165.70490      5.672     3.1252     3.1394     3.1250    27.6226    27.5742  1022.0190    21.9921    325.686    317.241  340.06592     95.772     93.287     0.1355     0.4652     2.5702     2.4256       3050     2.1174  0.000e+00
      5.672   62.63748 -165.70490      5.727     3.1252     3.1408     3.1250    27.6193    27.5697  1022.0166    21.9895    325.673    317.022  340.07443     95.765     93.223     0.1368     0.4725     2.5702     2.4256       3051     2.1181  0.000e+00
      5.618   62.63748 -165.70490      5.672     3.1235     3.1418     3.1232    27.6244    27.5686  1022.0206    21.9937    325.689    316.972  340.07614     95.769     93.209     0.1355     0.4652     2.5702     2.4256       3052     2.1187  0.000e+00
      5.672   62.63748 -165.70490      5.727     3.1215     3.1426     3.1212    27.6355    27.5689  1022.0298    22.0027    325.664    316.923  340.06485     95.765     93.197     0.1368     0.4725     2.5702     2.4256       3053     2.1194  0.000e+00
      5.618   62.63748 -165.70490      5.672     3.1193     3.1429     3.1190    27.6474    27.5698  1022.0392    22.0123    325.634    316.896  340.05273     95.760     93.190     0.1343     0.4579     2.5702     2.4256       3054     2.1201  0.000e+00
      5.672   62.63748 -165.70490      5.727     3.1184     3.1439     3.1181    27.6447    27.5683  1022.0373    22.0102    325.635    316.872  340.06709     95.756     93.185     0.1368     0.4725     2.5629     2.4370       3055     2.1208  0.000e+00
      5.587   62.63748 -165.70490      5.641     3.1226     3.1449     3.1223    27.6242    27.5646  1022.0203    21.9936    325.628    316.849  340.08446     95.749     93.177     0.1416     0.5018     2.5580     2.4446       3056     2.1215  0.000e+00
      5.672   62.63748 -165.70490      5.727     3.1274     3.1453     3.1272    27.6068    27.5596  1022.0065    21.9794    325.617    317.041  340.08808     95.745     93.231     0.1465     0.5311     2.5568     2.4465       3057     2.1222  0.000e+00
      5.672   62.63748 -165.70490      5.727     3.1309     3.1474     3.1306    27.5990    27.5483  1022.0000    21.9729    325.592    317.051  340.07868     95.740     93.231     0.1453     0.5238     2.5568     2.4465       3058     2.1229  0.000e+00
      5.618   62.63748 -165.70490      5.672     3.1329     3.1494     3.1327    27.5985    27.5388  1021.9992    21.9724    325.823    317.055  340.06273     95.813     93.230     0.1465     0.5311     2.5568     2.4465       3059     2.1236  0.000e+00
      5.672   62.63748 -165.70490      5.727     3.1334     3.1510     3.1331    27.6040    27.5332  1022.0038    21.9767    325.871    317.057  340.04441     95.832     93.231     0.1453     0.5238     2.5580     2.4446       3060     2.1243  0.000e+00
      5.618   62.63748 -165.70490      5.672     3.1303     3.1527     3.1300    27.6219    27.5258  1022.0180    21.9912    326.143    317.056  340.02508     95.917     93.229     0.1453     0.5238     2.5568     2.4465       3061     2.1250  0.000e+00
      5.618   62.63748 -165.70490      5.672     3.1265     3.1538     3.1262    27.6280    27.5206  1022.0232    21.9963    326.003    317.057  340.04159     95.872     93.228     0.1441     0.5165     2.5568     2.4465       3062     2.1257  0.000e+00
      5.671   62.63748 -165.70490      5.727     3.1231     3.1525     3.1228    27.6304    27.5280  1022.0256    21.9985    326.059    317.074  340.06447     95.882     93.236     0.1453     0.5238     2.5568     2.4465       3063     2.1264  0.000e+00
      5.671   62.63748 -165.70490      5.727     3.1233     3.1477     3.1230    27.6284    27.5510  1022.0240    21.9969    326.127    317.083  340.06725     95.901     93.243     0.1465     0.5311     2.5568     2.4465       3064     2.1271  0.000e+00
      5.648   62.63748 -165.70490      5.703     3.1194     3.1411     3.1191    27.6592    27.5783  1022.0487    22.0217    326.153    317.071  340.02100     95.921     93.244     0.1453     0.5238     2.5580     2.4446       3065     2.1278  0.000e+00
      5.617   62.63748 -165.70490      5.672     3.1078     3.1391     3.1075    27.7185    27.5926  1022.0966    22.0697    326.144    317.074  339.96662     95.934     93.250     0.1465     0.5311     2.5568     2.4465       3066     2.1285  0.000e+00
      5.671   62.63748 -165.70490      5.727     3.0952     3.1372     3.0949    27.7416    27.5973  1022.1162    22.0891    326.237    317.078  340.01437     95.948     93.250     0.1453     0.5238     2.5568     2.4465       3067     2.1292  0.000e+00
      5.617   62.63748 -165.70490      5.672     3.1032     3.1389     3.1030    27.6889    27.5902  1022.0734    22.0466    326.359    317.073  340.08177     95.965     93.248     0.1465     0.5311     2.5568     2.4465       3068     2.1299  0.000e+00
      5.617   62.63748 -165.70490      5.672     3.1144     3.1403     3.1141    27.6490    27.5819  1022.0408    22.0139    326.387    317.074  340.09001     95.971     93.245     0.1453     0.5238     2.5568     2.4465       3069     2.1306  0.000e+00
      5.671   62.63748 -165.70490      5.727     3.1204     3.1416     3.1201    27.6408    27.5786  1022.0341    22.0070    326.387    317.091  340.06018     95.979     93.251     0.1465     0.5311     2.5568     2.4465       3070     2.1313  0.000e+00
      5.617   62.63748 -165.70490      5.672     3.1265     3.1408     3.1262    27.6247    27.5841  1022.0205    21.9937    326.177    317.099  340.05013     95.920     93.256     0.1453     0.5238     2.5568     2.4465       3071     2.1319  0.000e+00
      5.617   62.63748 -165.70490      5.672     3.1373     3.1385     3.1370    27.6041    27.5978  1022.0033    21.9765    326.350    317.081  340.01122     95.982     93.254     0.1465     0.5311     2.5568     2.4465       3072     2.1326  0.000e+00
      5.671   62.63748 -165.70490      5.727     3.1339     3.1341     3.1336    27.6247    27.6208  1022.0203    21.9932    326.330    317.059  339.98696     95.983     93.254     0.1453     0.5238     2.5568     2.4465       3073     2.1333  0.000e+00
      5.648   62.63748 -165.70490      5.703     3.1169     3.1232     3.1166    27.6808    27.6590  1022.0661    22.0391    326.380    317.078  339.98663     95.998     93.261     0.1465     0.5311     2.5568     2.4465       3074     2.1340  0.000e+00
      5.617   62.63748 -165.70490      5.672     3.1050     3.1195     3.1047    27.7148    27.6764  1022.0939    22.0670    326.438    317.084  340.00017     96.011     93.266     0.1453     0.5238     2.5580     2.4446       3075     2.1347  0.000e+00
      5.617   62.63748 -165.70490      5.672     3.1011     3.1208     3.1009    27.7118    27.6674  1022.0918    22.0649    326.514    317.109  340.04047     96.022     93.271     0.1453     0.5238     2.5592     2.4427       3076     2.1354  0.000e+00
      5.671   62.63748 -165.70490      5.727     3.1056     3.1231     3.1053    27.6863    27.6560  1022.0714    22.0443    326.533    317.134  340.06859     96.020     93.275     0.1441     0.5165     2.5592     2.4427       3077     2.1361  0.000e+00
      5.617   62.63748 -165.70490      5.672     3.1086     3.1218     3.1083    27.6755    27.6629  1022.0623    22.0355    326.561    317.142  340.07102     96.027     93.279     0.1465     0.5311     2.5592     2.4427       3078     2.1368  0.000e+00
      5.617   62.63748 -165.70490      5.672     3.1039     3.1154     3.1036    27.6940    27.6928  1022.0774    22.0506    326.590    317.118  340.06320     96.038     93.279     0.1453     0.5238     2.5592     2.4427       3079     2.1375  0.000e+00
      5.617   62.63748 -165.70490      5.672     3.1001     3.1101     3.0999    27.7108    27.7188  1022.0911    22.0642    326.391    317.117  340.05169     95.983     93.284     0.1453     0.5238     2.5592     2.4427       3080     2.1382  0.000e+00
      5.671   62.63748 -165.70490      5.727     3.0988     3.1098     3.0986    27.7060    27.7258  1022.0876    22.0605    326.638    317.119  340.07502     96.049     93.289     0.1441     0.5165     2.5592     2.4427       3081     2.1389  0.000e+00
      5.617   62.63748 -165.70490      5.672     3.1029     3.1089     3.1026    27.6699    27.7282  1022.0583    22.0315    326.459    317.135  340.13349     95.980     93.293     0.1429     0.5091     2.5592     2.4427       3082     2.1396  0.000e+00
      5.648   62.63748 -165.70490      5.703     3.1083     3.1042     3.1080    27.6389    27.7390  1022.0334    22.0064    326.708    317.166  340.16806     96.043     93.299     0.1416     0.5018     2.5592     2.4427       3083     2.1403  0.000e+00
      5.617   62.63748 -165.70490      5.672     3.1114     3.1043     3.1111    27.6184    27.7408  1022.0167    21.9898    326.724    316.949  340.19417     96.040     93.237     0.1416     0.5018     2.5592     2.4427       3084     2.1410  0.000e+00
      5.617   62.63748 -165.70490      5.672     3.1134     3.1042     3.1132    27.6013    27.7352  1022.0029    21.9760    326.966    317.131  340.22108     96.104     93.286     0.1429     0.5091     2.5592     2.4427       3085     2.1417  0.000e+00
      5.617   62.63748 -165.70490      5.672     3.1164     3.1031     3.1162    27.5845    27.7328  1021.9893    21.9624    326.782    317.160  340.23907     96.045     93.291     0.1416     0.5018     2.5592     2.4427       3086     2.1424  0.000e+00
