merge_samples_with_btl/SKQ202309T/ctd/skq202309t_006.ros
* Sea-Bird SBE 9 Data File:
* FileName = D:\CTD\SKQ202309T\SKQ202309T_006.hex
* Software Version Seasave V 7.26.7.121
* Temperature SN = 6177
* Conductivity SN = 0369
* Number of Bytes Per Scan = 38
* Number of Voltage Words = 3
* Number of Scans Averaged by the Deck Unit = 1
* NMEA Latitude = 63 13.86 N
* NMEA Longitude = 165 38.62 W
* NMEA UTC (Time) = Jun 12 2023  07:50:19
* NMEA baud rate = 4800
** Ship: R/V Sikuliaq
** Station Number: 006
** Station Name: STN 009
** Bottom Depth: 23
** Operator: Seth Zippel
# nquan = 21
# nvalues = 784                                   
# units = specified
# name 0 = depSM: Depth [salt water, m]
# name 1 = latitude: Latitude [deg]
# name 2 = longitude: Longitude [deg]
# name 3 = prDM: Pressure, Digiquartz [db]
# name 4 = t090C: Temperature [ITS-90, deg C]
# name 5 = t190C: Temperature, 2 [ITS-90, deg C]
# name 6 = potemp090C: Potential Temperature [ITS-90, deg C]
# name 7 = sal00: Salinity, Practical [PSU]
# name 8 = sal11: Salinity, Practical, 2 [PSU]
# name 9 = density00: Density [density, kg/m^3]
# name 10 = sigma-é00: Density [sigma-theta, kg/m^3]
# name 11 = sbox0Mm/Kg: Oxygen, SBE 43 [umol/kg]
# name 12 = sbox1Mm/Kg: Oxygen, SBE 43, 2 [umol/kg]
# name 13 = oxsolMm/Kg: Oxygen Saturation, Garcia & Gordon [umol/kg]
# name 14 = sbeox0PS: Oxygen, SBE 43 [% saturation]
# name 15 = v0: Voltage 0
# name 16 = flECO-AFL: Fluorescence, WET Labs ECO-AFL/FL [mg/m^3]
# name 17 = CStarAt0: Beam Attenuation, WET Labs C-Star [1/m]
# name 18 = scan: Scan Count
# name 19 = nbf: Bottles Fired
# name 20 = flag:  0.000e+00
# interval = seconds: 0.0416667
# start_time = Jun 12 2023 07:55:11 [NMEA time, first data scan]
# bad_flag = -9.990e-29
*END*
[from data line 690]
      0.995   63.23154 -165.64208      1.005    12.2469    12.1754    12.2468     9.6246     9.7919  1006.9294     6.9247    307.653    299.391  313.15139     98.244     0.3785     1.9231    10.0984      15486         15  0.000e+00
      0.995   63.23154 -165.64208      1.005    12.2493    12.1794    12.2493     9.6211     9.7841  1006.9264     6.9217    307.624    299.366  313.14236     98.238     0.3773     1.9157    10.0984      15487         15  0.000e+00
      0.995   63.23154 -165.64208      1.005    12.2508    12.1834    12.2507     9.6183     9.7716  1006.9240     6.9193    307.601    299.335  313.13840     98.232     0.3785     1.9231    10.0855      15488         15  0.000e+00
      0.995   63.23154 -165.64208      1.005    12.2504    12.1898    12.2503     9.6190     9.7616  1006.9246     6.9200    307.585    299.283  313.13992     98.226     0.3773     1.9157    10.0855      15489         15  0.000e+00
      1.049   63.23154 -165.64208      1.059    12.2495    12.1961    12.2494     9.6231     9.7536  1006.9281     6.9232    307.568    299.417  313.13679     98.222     0.3785     1.9231    10.0984      15490         15  0.000e+00
      1.049   63.23154 -165.64208      1.059    12.2500    12.1974    12.2499     9.6261     9.7463  1006.9304     6.9255    307.542    299.406  313.12726     98.216     0.3773     1.9157    10.0984      15491         15  0.000e+00
      0.933   63.23154 -165.64208      0.943    12.2507    12.1944    12.2506     9.6279     9.7419  1006.9311     6.9267    307.514    299.253  313.11820     98.210     0.3785     1.9231    10.0984      15492         15  0.000e+00
      1.049   63.23154 -165.64208      1.059    12.2520    12.1926    12.2519     9.6274     9.7377  1006.9311     6.9262    307.496    299.261  313.11035     98.207     0.3773     1.9157    10.0984      15493         15  0.000e+00
      0.995   63.23154 -165.64208      1.005    12.2537    12.1959    12.2536     9.6253     9.7277  1006.9290     6.9243    307.473    299.240  313.10340     98.202     0.3785     1.9231    10.0855      15494         15  0.000e+00
      0.995   63.23154 -165.64208      1.005    12.2523    12.2010    12.2522     9.6253     9.7204  1006.9292     6.9246    307.493    299.203  313.11294     98.205     0.3773     1.9157    10.0470      15495         15  0.000e+00
      1.049   63.23154 -165.64208      1.060    12.2517    12.2061    12.2516     9.6257     9.7239  1006.9299     6.9250    307.488    299.159  313.11618     98.203     0.3773     1.9157    10.0342      15496         15  0.000e+00
      0.995   63.23154 -165.64208      1.005    12.2492    12.2078    12.2491     9.6263     9.7310  1006.9304     6.9257    307.493    299.127  313.13190     98.199     0.3785     1.9231    10.0342      15497         15  0.000e+00
      0.995   63.23154 -165.64208      1.005    12.2480    12.2096    12.2480     9.6266     9.7303  1006.9308     6.9261    307.492    299.114  313.13920     98.196     0.3773     1.9157    10.0342      15498         15  0.000e+00
      0.995   63.23154 -165.64208      1.005    12.2475    12.2111    12.2474     9.6271     9.7225  1006.9313     6.9266    307.486    299.105  313.14158     98.194     0.3785     1.9231    10.0342      15499         15  0.000e+00
      0.995   63.23154 -165.64208      1.005    12.2467    12.2122    12.2467     9.6288     9.7119  1006.9327     6.9280    307.503    299.103  313.14340     98.199     0.3773     1.9157    10.0470      15500         15  0.000e+00
      0.995   63.23154 -165.64208      1.005    12.2457    12.2144    12.2456     9.6328     9.7007  1006.9359     6.9313    307.687    298.921  313.14151     98.258     0.3773     1.9157    10.0342      15501         15  0.000e+00
      0.996   63.23154 -165.64208      1.005    12.2430    12.2155    12.2429     9.6402     9.6945  1006.9420     6.9373    307.516    298.898  313.14390     98.203     0.3773     1.9157    10.0342      15502         15  0.000e+00
      0.996   63.23154 -165.64208      1.005    12.2404    12.2155    12.2403     9.6451     9.6946  1006.9462     6.9415    307.542    298.694  313.15126     98.209     0.3785     1.9231    10.0342      15503         15  0.000e+00
      0.996   63.23154 -165.64208      1.005    12.2408    12.2123    12.2407     9.6446     9.7023  1006.9457     6.9410    307.750    298.834  313.14990     98.276     0.3773     1.9157    10.0342      15504         15  0.000e+00
      0.934   63.23154 -165.64208      0.943    12.2412    12.2064    12.2411     9.6429     9.7145  1006.9440     6.9396    307.767    298.819  313.15046     98.281     0.3773     1.9157    10.0342      15505         15  0.000e+00
      0.996   63.23154 -165.64208      1.005    12.2410    12.2023    12.2409     9.6463     9.7241  1006.9470     6.9423    307.592    298.803  313.14411     98.227     0.3773     1.9157    10.0342      15506         15  0.000e+00
      0.996   63.23154 -165.64208      1.005    12.2406    12.1978    12.2405     9.6510     9.7320  1006.9507     6.9460    307.607    298.805  313.13702     98.234     0.3785     1.9231    10.0342      15507         15  0.000e+00
      0.996   63.23154 -165.64208      1.005    12.2401    12.1931    12.2400     9.6509     9.7398  1006.9506     6.9460    307.611    298.811  313.14047     98.234     0.3810     1.9377    10.0342      15508         15  0.000e+00
      0.934   63.23154 -165.64208      0.943    12.2404    12.1901    12.2403     9.6463     9.7462  1006.9468     6.9424    307.618    298.806  313.14863     98.234     0.3797     1.9304    10.0342      15509         15  0.000e+00
      0.934   63.23154 -165.64208      0.943    12.2401    12.1909    12.2400     9.6419     9.7463  1006.9434     6.9390    307.633    298.793  313.16063     98.235     0.3810     1.9377    10.0342      15510         15  0.000e+00
      0.973   63.23154 -165.64208      0.982    12.2401    12.1988    12.2400     9.6386     9.7372  1006.9411     6.9365    307.645    298.752  313.16776     98.236     0.3797     1.9304    10.0342      15511         15  0.000e+00
      0.934   63.23154 -165.64208      0.943    12.2397    12.2033    12.2396     9.6366     9.7282  1006.9394     6.9350    307.655    298.559  313.17447     98.237     0.3810     1.9377    10.0342      15512         15  0.000e+00
      0.934   63.23154 -165.64208      0.943    12.2401    12.2016    12.2400     9.6356     9.7235  1006.9386     6.9342    307.660    298.563  313.17439     98.239     0.3797     1.9304    10.0342      15513         15  0.000e+00
      0.996   63.23154 -165.64208      1.006    12.2406    12.2018    12.2405     9.6347     9.7176  1006.9381     6.9334    307.667    298.560  313.17293     98.242     0.3810     1.9377    10.0470      15514         15  0.000e+00
      0.934   63.23154 -165.64208      0.943    12.2409    12.2051    12.2408     9.6329     9.7080  1006.9364     6.9320    307.673    298.541  313.17454     98.243     0.3797     1.9304    10.0470      15515         15  0.000e+00
      0.934   63.23154 -165.64208      0.943    12.2418    12.2116    12.2417     9.6296     9.6942  1006.9337     6.9293    307.659    298.514  313.17581     98.239     0.3810     1.9377    10.0598      15516         15  0.000e+00
      0.934   63.23154 -165.64208      0.943    12.2426    12.2177    12.2425     9.6263     9.6803  1006.9310     6.9266    307.669    298.490  313.17771     98.241     0.3797     1.9304    10.0598      15517         15  0.000e+00
      0.880   63.23154 -165.64208      0.889    12.2435    12.2213    12.2435     9.6235     9.6716  1006.9285     6.9244    307.674    298.298  313.17704     98.243     0.3810     1.9377    10.0598      15518         15  0.000e+00
      0.934   63.23154 -165.64208      0.943    12.2439    12.2248    12.2438     9.6204     9.6665  1006.9263     6.9219    307.691    298.267  313.18177     98.247     0.3810     1.9377    10.0598      15519         15  0.000e+00
      0.934   63.23154 -165.64208      0.944    12.2444    12.2280    12.2443     9.6171     9.6618  1006.9237     6.9193    307.683    298.236  313.18543     98.243     0.3797     1.9304    10.0598      15520         15  0.000e+00
      0.934   63.23154 -165.64208      0.944    12.2448    12.2309    12.2447     9.6133     9.6580  1006.9207     6.9164    307.699    298.209  313.19117     98.246     0.3810     1.9377    10.0598      15521         15  0.000e+00
      0.934   63.23154 -165.64208      0.944    12.2439    12.2330    12.2438     9.6094     9.6552  1006.9178     6.9134    307.725    298.187  313.20591     98.250     0.3797     1.9304    10.0598      15522         15  0.000e+00
      0.880   63.23154 -165.64208      0.889    12.2427    12.2338    12.2426     9.6067     9.6536  1006.9156     6.9115    307.749    297.997  313.21992     98.253     0.3810     1.9377    10.0598      15523         15  0.000e+00
      0.935   63.23154 -165.64208      0.944    12.2424    12.2338    12.2423     9.6055     9.6537  1006.9150     6.9106    307.960    297.976  313.22486     98.319     0.3797     1.9304    10.0598      15524         15  0.000e+00
      0.881   63.23154 -165.64208      0.889    12.2429    12.2338    12.2429     9.6053     9.6557  1006.9145     6.9104    307.798    297.951  313.22131     98.268     0.3810     1.9377    10.0598      15525         15  0.000e+00
      0.935   63.23154 -165.64208      0.944    12.2469    12.2334    12.2468     9.6049     9.6611  1006.9139     6.9095    307.764    297.928  313.19506     98.266     0.3797     1.9304    10.0598      15526         15  0.000e+00
      0.935   63.23154 -165.64208      0.944    12.2479    12.2320    12.2478     9.6055     9.6688  1006.9143     6.9099    307.770    297.907  313.18692     98.270     0.3810     1.9377    10.0598      15527         15  0.000e+00
      0.935   63.23154 -165.64208      0.944    12.2462    12.2297    12.2461     9.6066     9.6769  1006.9153     6.9109    307.795    297.895  313.19618     98.275     0.3810     1.9377    10.0598      15528         15  0.000e+00
      0.881   63.23154 -165.64208      0.889    12.2448    12.2233    12.2447     9.6089     9.6852  1006.9170     6.9129    307.982    297.912  313.20099     98.334     0.3797     1.9304    10.0598      15529         15  0.000e+00
      0.935   63.23154 -165.64208      0.944    12.2447    12.2176    12.2446     9.6121     9.6917  1006.9198     6.9154    308.014    297.933  313.19416     98.346     0.3810     1.9377    10.0598      15530         15  0.000e+00
      0.886   63.23156 -165.64208      0.894    12.1529    12.2271    12.1528     9.8189     9.7072  1007.0920     7.0879    308.300    299.069  313.37165     98.381     0.3822     1.9450    10.0598      15716         16  0.000e+00
      0.940   63.23156 -165.64208      0.949    12.1521    12.2167    12.1520     9.8242     9.7234  1007.0965     7.0921    308.280    299.114  313.36570     98.377     0.3834     1.9524    10.0215      15717         16  0.000e+00
      0.886   63.23156 -165.64208      0.895    12.1514    12.2100    12.1513     9.8290     9.7240  1007.1000     7.0959    308.255    299.163  313.35962     98.371     0.3834     1.9524     9.9962      15718         16  0.000e+00
      0.886   63.23156 -165.64208      0.895    12.1501    12.2155    12.1500     9.8330     9.7038  1007.1032     7.0991    308.240    299.174  313.36026     98.366     0.3822     1.9450    10.0088      15719         16  0.000e+00
      0.940   63.23156 -165.64208      0.949    12.1470    12.2210    12.1469     9.8386     9.6924  1007.1083     7.1039    308.235    299.183  313.36933     98.362     0.3834     1.9524    10.0088      15720         16  0.000e+00
      0.886   63.23156 -165.64208      0.895    12.1441    12.2157    12.1440     9.8456     9.7076  1007.1139     7.1097    308.222    299.381  313.37372     98.356     0.3822     1.9450    10.0088      15721         16  0.000e+00
      0.940   63.23156 -165.64208      0.949    12.1419    12.2069    12.1418     9.8515     9.7347  1007.1190     7.1146    308.210    299.421  313.37543     98.352     0.3834     1.9524    10.0088      15722         16  0.000e+00
      0.940   63.23156 -165.64208      0.949    12.1405    12.1966    12.1404     9.8561     9.7593  1007.1227     7.1183    308.194    299.475  313.37531     98.347     0.3822     1.9450    10.0088      15723         16  0.000e+00
      0.886   63.23156 -165.64208      0.895    12.1394    12.1919    12.1393     9.8580     9.7740  1007.1241     7.1199    308.179    299.509  313.37858     98.341     0.3834     1.9524    10.0088      15724         16  0.000e+00
      0.940   63.23156 -165.64208      0.949    12.1384    12.1852    12.1383     9.8552     9.7875  1007.1223     7.1179    308.156    299.563  313.39214     98.329     0.3822     1.9450    10.0088      15725         16  0.000e+00
      0.940   63.23156 -165.64208      0.949    12.1406    12.1781    12.1405     9.8478     9.7995  1007.1163     7.1119    308.139    299.607  313.39307     98.323     0.3834     1.9524    10.0088      15726         16  0.000e+00
      0.940   63.23156 -165.64208      0.949    12.1434    12.1721    12.1433     9.8400     9.8097  1007.1099     7.1055    308.117    299.661  313.39065     98.317     0.3822     1.9450    10.0088      15727         16  0.000e+00
      0.886   63.23156 -165.64208      0.895    12.1471    12.1673    12.1470     9.8351     9.8193  1007.1053     7.1012    308.082    299.706  313.37606     98.310     0.3834     1.9524    10.0088      15728         16  0.000e+00
      1.002   63.23156 -165.64208      1.012    12.1491    12.1621    12.1490     9.8329     9.8281  1007.1039     7.0992    308.059    299.748  313.36717     98.306     0.3834     1.9524    10.0088      15729         16  0.000e+00
      0.886   63.23156 -165.64208      0.895    12.1494    12.1586    12.1493     9.8320     9.8334  1007.1026     7.0985    308.036    299.776  313.36676     98.299     0.3822     1.9450     9.9962      15730         16  0.000e+00
      0.940   63.23156 -165.64208      0.949    12.1491    12.1571    12.1490     9.8337     9.8353  1007.1042     7.0998    308.019    299.803  313.36537     98.294     0.3834     1.9524    10.0088      15731         16  0.000e+00
      1.002   63.23156 -165.64208      1.012    12.1483    12.1599    12.1482     9.8367     9.8328  1007.1069     7.1022    308.004    299.810  313.36458     98.289     0.3822     1.9450    10.0088      15732         16  0.000e+00
      0.940   63.23156 -165.64208      0.949    12.1469    12.1617    12.1468     9.8390     9.8294  1007.1086     7.1042    307.989    299.820  313.36884     98.283     0.3834     1.9524    10.0088      15733         16  0.000e+00
      0.940   63.23156 -165.64208      0.949    12.1456    12.1617    12.1455     9.8405     9.8284  1007.1100     7.1056    307.999    299.650  313.37468     98.285     0.3822     1.9450    10.0088      15734         16  0.000e+00
      1.002   63.23156 -165.64208      1.012    12.1450    12.1609    12.1449     9.8427     9.8286  1007.1121     7.1074    308.198    299.646  313.37402     98.348     0.3834     1.9524    10.0088      15735         16  0.000e+00
      0.940   63.23156 -165.64208      0.950    12.1444    12.1606    12.1443     9.8456     9.8286  1007.1140     7.1096    308.219    299.809  313.37163     98.356     0.3810     1.9377    10.0088      15736         16  0.000e+00
      1.002   63.23156 -165.64208      1.012    12.1436    12.1623    12.1435     9.8481     9.8263  1007.1164     7.1117    308.249    299.805  313.37153     98.365     0.3822     1.9450     9.9836      15737         16  0.000e+00
      0.940   63.23156 -165.64208      0.950    12.1428    12.1639    12.1427     9.8511     9.8229  1007.1186     7.1142    308.272    299.812  313.37052     98.373     0.3785     1.9231     9.9836      15738         16  0.000e+00
