merge_samples_with_btl/SKQ202309T/ctd/skq202309t_007svp.cnv
* Sea-Bird SBE 9 Data File:
* FileName = D:\CTD\SKQ202309T\SKQ202309T_007.hex
* Software Version Seasave V 7.26.7.121
* Temperature SN = 6177
* Conductivity SN = 0369
* Number of Bytes Per Scan = 38
* Number of Voltage Words = 3
* Number of Scans Averaged by the Deck Unit = 1
* NMEA Latitude = 64 14.62 N
* NMEA Longitude = 165 32.56 W
* NMEA UTC (Time) = Jun 12 2023  15:23:52
* NMEA baud rate = 4800
** Ship: R/V Sikuliaq
** Station Number: 007
** Station Name: 011
** Bottom Depth: 19
** Operator: Steve Dykstra
# nquan = 7
# nvalues = 4666                                  
# units = specified
# name 0 = depSM: Depth [salt water, m]
# name 1 = latitude: Latitude [deg]
# name 2 = longitude: Longitude [deg]
# name 3 = t090C: Temperature [ITS-90, deg C]
# name 4 = sal00: Salinity, Practical [PSU]
# name 5 = svCM: Sound Velocity [Chen-Millero, m/s]
# name 6 = flag:  0.000e+00
# span 0 =      1.331,     13.983                 
# span 1 =   64.24362,   64.24366                 
# span 2 = -165.54258, -165.54254                 
# span 3 =     1.5460,     8.0700                 
# span 4 =    18.1737,    28.9193                 
# span 5 =    1447.21,    1462.00                 
# span 6 = 0.0000e+00, 0.0000e+00                 
# interval = seconds: 0.0416667
# start_time = Jun 12 2023 15:28:02 [NMEA time, first data scan]
# bad_flag = -9.990e-29
*END*
[from data line 1847]
      9.548   64.24364 -165.54256     1.7575    28.8747    1449.14  0.000e+00
      9.517   64.24364 -165.54256     1.7572    28.8747    1449.14  0.000e+00
      9.517   64.24364 -165.54256     1.7569    28.8745    1449.14  0.000e+00
      9.571   64.24364 -165.54256     1.7561    28.8749    1449.13  0.000e+00
      9.571   64.24364 -165.54256     1.7556    28.8747    1449.13  0.000e+00
      9.517   64.24364 -165.54256     1.7549    28.8752    1449.13  0.000e+00
      9.602   64.24364 -165.54256     1.7545    28.8755    1449.13  0.000e+00
      9.571   64.24364 -165.54256     1.7544    28.8753    1449.13  0.000e+00
      9.571   64.24364 -165.54256     1.7538    28.8759    1449.13  0.000e+00
      9.571   64.24364 -165.54256     1.7544    28.8757    1449.13  0.000e+00
      9.571   64.24364 -165.54256     1.7544    28.8760    1449.13  0.000e+00
      9.602   64.24364 -165.54256     1.7549    28.8763    1449.13  0.000e+00
      9.633   64.24364 -165.54256     1.7551    28.8764    1449.13  0.000e+00
      9.571   64.24364 -165.54256     1.7556    28.8763    1449.13  0.000e+00
      9.633   64.24364 -165.54256     1.7560    28.8760    1449.14  0.000e+00
      9.633   64.24364 -165.54256     1.7561    28.8759    1449.14  0.000e+00
      9.602   64.24364 -165.54256     1.7561    28.8757    1449.14  0.000e+00
      9.633   64.24364 -165.54256     1.7562    28.8757    1449.14  0.000e+00
      9.687   64.24364 -165.54256     1.7566    28.8754    1449.14  0.000e+00
      9.633   64.24364 -165.54256     1.7566    28.8758    1449.14  0.000e+00
      9.687   64.24364 -165.54256     1.7569    28.8758    1449.14  0.000e+00
      9.633   64.24364 -165.54256     1.7569    28.8755    1449.14  0.000e+00
      9.718   64.24364 -165.54256     1.7567    28.8757    1449.14  0.000e+00
      9.687   64.24364 -165.54256     1.7567    28.8754    1449.14  0.000e+00
      9.687   64.24364 -165.54256     1.7566    28.8755    1449.14  0.000e+00
      9.687   64.24364 -165.54256     1.7567    28.8755    1449.14  0.000e+00
      9.687   64.24364 -165.54256     1.7566    28.8759    1449.14  0.000e+00
      9.656   64.24364 -165.54256     1.7572    28.8756    1449.14  0.000e+00
      9.748   64.24364 -165.54256     1.7572    28.8754    1449.14  0.000e+00
      9.748   64.24364 -165.54256     1.7575    28.8752    1449.14  0.000e+00
      9.687   64.24364 -165.54256     1.7578    28.8752    1449.14  0.000e+00
      9.748   64.24364 -165.54256     1.7581    28.8752    1449.15  0.000e+00
      9.772   64.24364 -165.54256     1.7581    28.8750    1449.15  0.000e+00
      9.748   64.24364 -165.54256     1.7580    28.8751    1449.15  0.000e+00
      9.748   64.24364 -165.54256     1.7579    28.8750    1449.15  0.000e+00
      9.748   64.24364 -165.54256     1.7580    28.8751    1449.15  0.000e+00
      9.748   64.24364 -165.54256     1.7578    28.8751    1449.14  0.000e+00
      9.748   64.24364 -165.54256     1.7578    28.8756    1449.15  0.000e+00
      9.833   64.24364 -165.54256     1.7576    28.8749    1449.15  0.000e+00
      9.748   64.24364 -165.54256     1.7574    28.8713    1449.14  0.000e+00
      9.802   64.24364 -165.54256     1.7567    28.8741    1449.14  0.000e+00
      9.802   64.24364 -165.54256     1.7562    28.8749    1449.14  0.000e+00
      9.802   64.24364 -165.54256     1.7556    28.8750    1449.14  0.000e+00
      9.833   64.24364 -165.54256     1.7552    28.8753    1449.13  0.000e+00
      9.802   64.24364 -165.54256     1.7551    28.8750    1449.13  0.000e+00
      9.802   64.24364 -165.54256     1.7547    28.8751    1449.13  0.000e+00
      9.864   64.24364 -165.54256     1.7538    28.8749    1449.13  0.000e+00
      9.864   64.24364 -165.54256     1.7531    28.8749    1449.13  0.000e+00
      9.833   64.24364 -165.54256     1.7530    28.8758    1449.13  0.000e+00
      9.748   64.24364 -165.54256     1.7544    28.8758    1449.13  0.000e+00
      9.972   64.24364 -165.54256     1.7556    28.8758    1449.14  0.000e+00
      9.864   64.24364 -165.54256     1.7564    28.8759    1449.14  0.000e+00
      9.864   64.24364 -165.54256     1.7573    28.8752    1449.14  0.000e+00
      9.833   64.24364 -165.54256     1.7582    28.8748    1449.15  0.000e+00
      9.918   64.24364 -165.54256     1.7582    28.8752    1449.15  0.000e+00
      9.864   64.24364 -165.54256     1.7586    28.8748    1449.15  0.000e+00
      9.918   64.24364 -165.54256     1.7582    28.8747    1449.15  0.000e+00
      9.864   64.24364 -165.54256     1.7581    28.8745    1449.15  0.000e+00
      9.949   64.24364 -165.54256     1.7577    28.8748    1449.15  0.000e+00
      9.918   64.24364 -165.54256     1.7576    28.8752    1449.15  0.000e+00
      9.918   64.24364 -165.54256     1.7575    28.8751    1449.15  0.000e+00
      9.918   64.24364 -165.54256     1.7580    28.8749    1449.15  0.000e+00
      9.918   64.24364 -165.54256     1.7580    28.8750    1449.15  0.000e+00
      9.918   64.24364 -165.54256     1.7582    28.8748    1449.15  0.000e+00
      9.949   64.24364 -165.54256     1.7586    28.8745    1449.15  0.000e+00
      9.972   64.24364 -165.54256     1.7586    28.8743    1449.15  0.000e+00
      9.972   64.24364 -165.54256     1.7584    28.8742    1449.15  0.000e+00
      9.972   64.24364 -165.54256     1.7577    28.8736    1449.15  0.000e+00
      9.972   64.24364 -165.54256     1.7560    28.8744    1449.14  0.000e+00
      9.949   64.24364 -165.54256     1.7551    28.8754    1449.14  0.000e+00
      9.972   64.24364 -165.54256     1.7556    28.8755    1449.14  0.000e+00
      9.972   64.24364 -165.54256     1.7562    28.8753    1449.14  0.000e+00
     10.034   64.24364 -165.54256     1.7564    28.8751    1449.14  0.000e+00
      9.972   64.24364 -165.54256     1.7569    28.8747    1449.14  0.000e+00
     10.003   64.24364 -165.54256     1.7567    28.8753    1449.14  0.000e+00
     10.034   64.24364 -165.54256     1.7572    28.8751    1449.15  0.000e+00
     10.034   64.24364 -165.54256     1.7572    28.8752    1449.15  0.000e+00
     10.034   64.24364 -165.54256     1.7568    28.8748    1449.14  0.000e+00
     10.034   64.24364 -165.54256     1.7558    28.8749    1449.14  0.000e+00
     10.057   64.24364 -165.54256     1.7550    28.8748    1449.14  0.000e+00
     10.034   64.24364 -165.54256     1.7539    28.8750    1449.13  0.000e+00
     10.088   64.24364 -165.54256     1.7530    28.8754    1449.13  0.000e+00
     10.034   64.24364 -165.54256     1.7515    28.8760    1449.12  0.000e+00
     10.088   64.24364 -165.54256     1.7508    28.8756    1449.12  0.000e+00
     10.057   64.24364 -165.54256     1.7503    28.8754    1449.12  0.000e+00
     10.088   64.24364 -165.54256     1.7491    28.8751    1449.11  0.000e+00
     10.034   64.24364 -165.54256     1.7461    28.8696    1449.09  0.000e+00
     10.149   64.24364 -165.54256     1.7342    28.8659    1449.03  0.000e+00
     10.088   64.24364 -165.54256     1.7144    28.8718    1448.95  0.000e+00
     10.118   64.24364 -165.54256     1.7018    28.8763    1448.90  0.000e+00
     10.088   64.24364 -165.54256     1.6975    28.8791    1448.89  0.000e+00
     10.149   64.24364 -165.54256     1.6945    28.8832    1448.88  0.000e+00
     10.088   64.24364 -165.54256     1.6938    28.8853    1448.88  0.000e+00
     10.149   64.24364 -165.54256     1.6909    28.8869    1448.87  0.000e+00
     10.172   64.24364 -165.54256     1.6877    28.8896    1448.86  0.000e+00
     10.149   64.24364 -165.54256     1.6858    28.8928    1448.85  0.000e+00
     10.088   64.24364 -165.54256     1.6864    28.8946    1448.86  0.000e+00
     10.203   64.24364 -165.54256     1.6888    28.8940    1448.87  0.000e+00
     10.149   64.24364 -165.54256     1.6919    28.8921    1448.88  0.000e+00
     10.172   64.24364 -165.54256     1.6960    28.8887    1448.89  0.000e+00
     10.149   64.24364 -165.54256     1.7016    28.8865    1448.92  0.000e+00
     10.203   64.24364 -165.54256     1.7038    28.8873    1448.93  0.000e+00
     10.203   64.24364 -165.54256     1.7068    28.8876    1448.94  0.000e+00
     10.149   64.24364 -165.54256     1.7104    28.8872    1448.96  0.000e+00
     10.234   64.24364 -165.54256     1.7132    28.8859    1448.97  0.000e+00
     10.203   64.24364 -165.54256     1.7153    28.8840    1448.97  0.000e+00
     10.203   64.24364 -165.54256     1.7136    28.8831    1448.97  0.000e+00
     10.203   64.24364 -165.54256     1.7096    28.8839    1448.95  0.000e+00
     10.203   64.24364 -165.54256     1.7026    28.8858    1448.92  0.000e+00
     10.234   64.24364 -165.54256     1.6878    28.8904    1448.86  0.000e+00
     10.265   64.24364 -165.54256     1.6744    28.8968    1448.81  0.000e+00
     10.203   64.24364 -165.54256     1.6655    28.9034    1448.78  0.000e+00
     10.265   64.24364 -165.54256     1.6644    28.9028    1448.77  0.000e+00
     10.265   64.24364 -165.54256     1.6656    28.8999    1448.77  0.000e+00
     10.234   64.24364 -165.54256     1.6652    28.8995    1448.77  0.000e+00
     10.265   64.24364 -165.54256     1.6632    28.9023    1448.77  0.000e+00
     10.265   64.24364 -165.54256     1.6642    28.9045    1448.77  0.000e+00
     10.265   64.24364 -165.54256     1.6684    28.9019    1448.79  0.000e+00
     10.319   64.24364 -165.54256     1.6712    28.8994    1448.80  0.000e+00
     10.288   64.24364 -165.54256     1.6720    28.8973    1448.80  0.000e+00
     10.265   64.24364 -165.54256     1.6700    28.8974    1448.79  0.000e+00
     10.319   64.24364 -165.54256     1.6699    28.8976    1448.79  0.000e+00
     10.265   64.24364 -165.54256     1.6698    28.8975    1448.79  0.000e+00
     10.319   64.24364 -165.54256     1.6700    28.8975    1448.79  0.000e+00
     10.288   64.24364 -165.54256     1.6718    28.8955    1448.80  0.000e+00
     10.373   64.24364 -165.54256     1.6692    28.8943    1448.78  0.000e+00
     10.319   64.24364 -165.54256     1.6656    28.8947    1448.77  0.000e+00
     10.319   64.24364 -165.54256     1.6600    28.8957    1448.74  0.000e+00
     10.319   64.24364 -165.54256     1.6526    28.8989    1448.71  0.000e+00
     10.342   64.24364 -165.54256     1.6512    28.9023    1448.71  0.000e+00
     10.319   64.24364 -165.54256     1.6560    28.9019    1448.73  0.000e+00
     10.373   64.24364 -165.54256     1.6610    28.9007    1448.76  0.000e+00
     10.373   64.24364 -165.54256     1.6650    28.8991    1448.77  0.000e+00
     10.319   64.24364 -165.54256     1.6679    28.8972    1448.78  0.000e+00
     10.404   64.24364 -165.54256     1.6694    28.8950    1448.79  0.000e+00
     10.319   64.24364 -165.54256     1.6695    28.8937    1448.78  0.000e+00
     10.373   64.24364 -165.54256     1.6692    28.8938    1448.78  0.000e+00
     10.373   64.24364 -165.54256     1.6702    28.8929    1448.79  0.000e+00
     10.373   64.24364 -165.54256     1.6745    28.8896    1448.80  0.000e+00
     10.404   64.24364 -165.54256     1.6768    28.8866    1448.81  0.000e+00
     10.434   64.24364 -165.54256     1.6737    28.8878    1448.80  0.000e+00
     10.434   64.24364 -165.54256     1.6700    28.8913    1448.78  0.000e+00
     10.434   64.24364 -165.54256     1.6681    28.8934    1448.78  0.000e+00
     10.434   64.24364 -165.54256     1.6665    28.8951    1448.77  0.000e+00
     10.458   64.24364 -165.54256     1.6655    28.8956    1448.77  0.000e+00
     10.434   64.24364 -165.54256     1.6659    28.8957    1448.77  0.000e+00
     10.434   64.24364 -165.54256     1.6667    28.8967    1448.78  0.000e+00
     10.434   64.24364 -165.54256     1.6691    28.8964    1448.79  0.000e+00
     10.488   64.24364 -165.54256     1.6730    28.8944    1448.80  0.000e+00
     10.458   64.24364 -165.54256     1.6762    28.8944    1448.82  0.000e+00
     10.434   64.24364 -165.54256     1.6814    28.8929    1448.84  0.000e+00
     10.488   64.24364 -165.54256     1.6874    28.8888    1448.86  0.000e+00
     10.488   64.24364 -165.54256     1.6880    28.8879    1448.86  0.000e+00
     10.488   64.24364 -165.54256     1.6886    28.8892    1448.87  0.000e+00
     10.519   64.24364 -165.54256     1.6907    28.8902    1448.88  0.000e+00
     10.488   64.24364 -165.54256     1.6932    28.8896    1448.89  0.000e+00
     10.550   64.24364 -165.54256     1.6948    28.8888    1448.89  0.000e+00
     10.550   64.24364 -165.54256     1.6964    28.8877    1448.90  0.000e+00
     10.434   64.24364 -165.54256     1.6961    28.8879    1448.90  0.000e+00
     10.635   64.24364 -165.54256     1.6962    28.8876    1448.90  0.000e+00
     10.550   64.24364 -165.54256     1.6966    28.8874    1448.90  0.000e+00
     10.550   64.24364 -165.54256     1.6966    28.8876    1448.90  0.000e+00
     10.550   64.24364 -165.54256     1.6968    28.8877    1448.90  0.000e+00
     10.573   64.24364 -165.54256     1.6971    28.8875    1448.90  0.000e+00
     10.550   64.24364 -165.54256     1.6961    28.8869    1448.90  0.000e+00
     10.604   64.24364 -165.54256     1.6901    28.8857    1448.87  0.000e+00
     10.604   64.24364 -165.54256     1.6837    28.8840    1448.84  0.000e+00
     10.604   64.24364 -165.54256     1.6774    28.8839    1448.81  0.000e+00
     10.573   64.24364 -165.54256     1.6675    28.8854    1448.77  0.000e+00
     10.604   64.24364 -165.54256     1.6579    28.8876    1448.73  0.000e+00
     10.666   64.24364 -165.54256     1.6531    28.8888    1448.71  0.000e+00
     10.604   64.24364 -165.54256     1.6485    28.8900    1448.69  0.000e+00
     10.604   64.24364 -165.54256     1.6417    28.8926    1448.66  0.000e+00
     10.635   64.24364 -165.54256     1.6327    28.8970    1448.63  0.000e+00
     10.666   64.24364 -165.54256     1.6273    28.9000    1448.61  0.000e+00
     10.666   64.24364 -165.54256     1.6238    28.9024    1448.60  0.000e+00
     10.666   64.24364 -165.54256     1.6216    28.9044    1448.59  0.000e+00
     10.666   64.24364 -165.54256     1.6203    28.9051    1448.58  0.000e+00
     10.635   64.24364 -165.54256     1.6186    28.9056    1448.58  0.000e+00
     10.720   64.24364 -165.54256     1.6178    28.9062    1448.57  0.000e+00
     10.666   64.24364 -165.54256     1.6172    28.9063    1448.57  0.000e+00
     10.720   64.24364 -165.54256     1.6167    28.9068    1448.57  0.000e+00
     10.666   64.24364 -165.54256     1.6175    28.9082    1448.57  0.000e+00
     10.689   64.24364 -165.54256     1.6184    28.9098    1448.58  0.000e+00
     10.774   64.24364 -165.54256     1.6193    28.9104    1448.59  0.000e+00
     10.720   64.24364 -165.54256     1.6203    28.9089    1448.59  0.000e+00
     10.720   64.24364 -165.54256     1.6200    28.9080    1448.59  0.000e+00
     10.805   64.24364 -165.54256     1.6212    28.9063    1448.59  0.000e+00
     10.720   64.24364 -165.54256     1.6225    28.9059    1448.59  0.000e+00
     10.774   64.24364 -165.54256     1.6239    28.9046    1448.60  0.000e+00
     10.774   64.24364 -165.54256     1.6245    28.9044    1448.60  0.000e+00
     10.774   64.24364 -165.54256     1.6249    28.9050    1448.61  0.000e+00
     10.805   64.24364 -165.54256     1.6262    28.9042    1448.61  0.000e+00
     10.774   64.24364 -165.54256     1.6276    28.9031    1448.62  0.000e+00
     10.835   64.24364 -165.54256     1.6270    28.9028    1448.61  0.000e+00
     10.774   64.24364 -165.54256     1.6264    28.9025    1448.61  0.000e+00
     10.835   64.24364 -165.54256     1.6258    28.9030    1448.61  0.000e+00
     10.805   64.24364 -165.54256     1.6247    28.9025    1448.60  0.000e+00
     10.835   64.24364 -165.54256     1.6236    28.9026    1448.60  0.000e+00
     10.889   64.24364 -165.54256     1.6223    28.9031    1448.59  0.000e+00
     10.835   64.24364 -165.54256     1.6212    28.9037    1448.59  0.000e+00
     10.859   64.24364 -165.54256     1.6212    28.9038    1448.59  0.000e+00
     10.889   64.24364 -165.54256     1.6216    28.9037    1448.59  0.000e+00
     10.835   64.24364 -165.54256     1.6217    28.9043    1448.59  0.000e+00
