merge_samples_with_btl/SKQ202309T/ctd/skq202309t_003svp.cnv
* Sea-Bird SBE 9 Data File:
* FileName = D:\CTD\SKQ202309T\SKQ202309T_003.hex
* Software Version Seasave V 7.26.7.121
* Temperature SN = 6177
* Conductivity SN = 0369
* Number of Bytes Per Scan = 38
* Number of Voltage Words = 3
* Number of Scans Averaged by the Deck Unit = 1
* NMEA Latitude = 56 26.56 N
* NMEA Longitude = 166 33.22 W
* NMEA UTC (Time) = Jun 10 2023  04:39:46
* NMEA baud rate = 4800
** Ship: R/V Sikuliaq
** Station Number: 003
** Station Name: STN 004
** Bottom Depth: 101
** Operator: Julia Moriarty
# nquan = 7
# nvalues = 9701                                  
# units = specified
# name 0 = depSM: Depth [salt water, m]
# name 1 = latitude: Latitude [deg]
# name 2 = longitude: Longitude [deg]
# name 3 = t090C: Temperature [ITS-90, deg C]
# name 4 = sal00: Salinity, Practical [PSU]
# name 5 = svCM: Sound Velocity [Chen-Millero, m/s]
# name 6 = flag:  0.000e+00
# span 0 =      1.756,     95.786                 
# span 1 =   56.44268,   56.44276                 
# span 2 = -166.55362, -166.55346                 
# span 3 =     3.6067,     6.8002                 
# span 4 =    31.7989,    32.3667                 
# span 5 =    1462.10,    1474.00                 
# span 6 = 0.0000e+00, 0.0000e+00                 
# interval = seconds: 0.0416667
# start_time = Jun 10 2023 04:44:02 [NMEA time, first data scan]
# bad_flag = -9.990e-29
*END*
[from data line 3077]
     25.731   56.44268 -166.55360     4.0586    31.9262    1463.34  0.000e+00
     25.677   56.44268 -166.55360     4.0587    31.9265    1463.34  0.000e+00
     25.716   56.44268 -166.55360     4.0589    31.9266    1463.34  0.000e+00
     25.731   56.44268 -166.55360     4.0588    31.9268    1463.34  0.000e+00
     25.716   56.44268 -166.55360     4.0588    31.9264    1463.34  0.000e+00
     25.731   56.44268 -166.55360     4.0587    31.9265    1463.34  0.000e+00
     25.778   56.44268 -166.55360     4.0585    31.9264    1463.34  0.000e+00
     25.793   56.44268 -166.55360     4.0583    31.9261    1463.34  0.000e+00
     25.832   56.44268 -166.55360     4.0583    31.9263    1463.34  0.000e+00
     25.793   56.44268 -166.55360     4.0578    31.9264    1463.33  0.000e+00
     25.847   56.44268 -166.55360     4.0579    31.9260    1463.34  0.000e+00
     25.832   56.44268 -166.55360     4.0575    31.9261    1463.33  0.000e+00
     25.909   56.44268 -166.55360     4.0574    31.9263    1463.33  0.000e+00
     25.893   56.44268 -166.55360     4.0575    31.9260    1463.33  0.000e+00
     25.847   56.44268 -166.55360     4.0571    31.9266    1463.33  0.000e+00
     25.948   56.44268 -166.55360     4.0570    31.9267    1463.33  0.000e+00
     25.963   56.44268 -166.55360     4.0570    31.9263    1463.33  0.000e+00
     25.948   56.44268 -166.55360     4.0569    31.9265    1463.33  0.000e+00
     25.963   56.44268 -166.55360     4.0569    31.9263    1463.33  0.000e+00
     25.948   56.44268 -166.55360     4.0566    31.9259    1463.33  0.000e+00
     26.017   56.44268 -166.55360     4.0563    31.9262    1463.33  0.000e+00
     26.017   56.44268 -166.55360     4.0563    31.9265    1463.33  0.000e+00
     26.063   56.44268 -166.55360     4.0559    31.9267    1463.33  0.000e+00
     26.079   56.44268 -166.55360     4.0558    31.9263    1463.33  0.000e+00
     25.948   56.44268 -166.55360     4.0556    31.9264    1463.33  0.000e+00
     26.195   56.44268 -166.55360     4.0555    31.9264    1463.33  0.000e+00
     26.063   56.44268 -166.55360     4.0551    31.9264    1463.33  0.000e+00
     26.133   56.44268 -166.55360     4.0551    31.9262    1463.33  0.000e+00
     26.179   56.44268 -166.55360     4.0545    31.9272    1463.33  0.000e+00
     26.133   56.44268 -166.55360     4.0545    31.9272    1463.33  0.000e+00
     26.195   56.44268 -166.55360     4.0544    31.9270    1463.33  0.000e+00
     26.179   56.44268 -166.55360     4.0540    31.9275    1463.33  0.000e+00
     26.249   56.44268 -166.55360     4.0539    31.9277    1463.33  0.000e+00
     26.295   56.44268 -166.55360     4.0542    31.9276    1463.33  0.000e+00
     26.249   56.44268 -166.55360     4.0540    31.9278    1463.33  0.000e+00
     26.295   56.44268 -166.55360     4.0537    31.9287    1463.33  0.000e+00
     26.310   56.44268 -166.55360     4.0542    31.9282    1463.33  0.000e+00
     26.364   56.44268 -166.55360     4.0542    31.9281    1463.33  0.000e+00
     26.349   56.44268 -166.55360     4.0540    31.9285    1463.33  0.000e+00
     26.364   56.44268 -166.55360     4.0544    31.9283    1463.33  0.000e+00
     26.349   56.44268 -166.55360     4.0544    31.9287    1463.33  0.000e+00
     26.419   56.44268 -166.55360     4.0547    31.9291    1463.34  0.000e+00
     26.465   56.44268 -166.55360     4.0548    31.9292    1463.34  0.000e+00
     26.419   56.44268 -166.55360     4.0551    31.9293    1463.34  0.000e+00
     26.519   56.44268 -166.55360     4.0555    31.9293    1463.34  0.000e+00
     26.480   56.44268 -166.55360     4.0561    31.9300    1463.34  0.000e+00
     26.534   56.44268 -166.55360     4.0569    31.9301    1463.35  0.000e+00
     26.519   56.44268 -166.55360     4.0580    31.9300    1463.35  0.000e+00
     26.596   56.44268 -166.55360     4.0588    31.9307    1463.36  0.000e+00
     26.581   56.44268 -166.55360     4.0598    31.9316    1463.36  0.000e+00
     26.596   56.44268 -166.55360     4.0610    31.9320    1463.37  0.000e+00
     26.696   56.44268 -166.55360     4.0624    31.9323    1463.38  0.000e+00
     26.650   56.44268 -166.55360     4.0635    31.9336    1463.38  0.000e+00
     26.712   56.44268 -166.55360     4.0649    31.9337    1463.39  0.000e+00
     26.696   56.44268 -166.55360     4.0660    31.9334    1463.39  0.000e+00
     26.712   56.44268 -166.55360     4.0671    31.9335    1463.40  0.000e+00
     26.751   56.44268 -166.55360     4.0681    31.9337    1463.40  0.000e+00
     26.766   56.44268 -166.55360     4.0690    31.9338    1463.41  0.000e+00
     26.812   56.44268 -166.55360     4.0697    31.9333    1463.41  0.000e+00
     26.882   56.44268 -166.55360     4.0703    31.9333    1463.41  0.000e+00
     26.820   56.44268 -166.55360     4.0706    31.9334    1463.41  0.000e+00
     26.866   56.44268 -166.55360     4.0708    31.9333    1463.42  0.000e+00
     26.936   56.44268 -166.55360     4.0709    31.9333    1463.42  0.000e+00
     26.866   56.44268 -166.55360     4.0713    31.9332    1463.42  0.000e+00
     26.998   56.44268 -166.55360     4.0708    31.9331    1463.42  0.000e+00
     26.982   56.44268 -166.55360     4.0703    31.9331    1463.41  0.000e+00
     26.998   56.44268 -166.55360     4.0700    31.9327    1463.41  0.000e+00
     27.052   56.44268 -166.55360     4.0689    31.9320    1463.41  0.000e+00
     27.036   56.44268 -166.55360     4.0676    31.9317    1463.40  0.000e+00
     27.052   56.44268 -166.55360     4.0657    31.9318    1463.40  0.000e+00
     27.152   56.44268 -166.55360     4.0644    31.9318    1463.39  0.000e+00
     27.113   56.44268 -166.55360     4.0630    31.9316    1463.38  0.000e+00
     27.152   56.44268 -166.55360     4.0611    31.9313    1463.38  0.000e+00
     27.167   56.44268 -166.55360     4.0591    31.9315    1463.37  0.000e+00
     27.222   56.44268 -166.55360     4.0575    31.9318    1463.36  0.000e+00
     27.268   56.44268 -166.55360     4.0563    31.9315    1463.36  0.000e+00
     27.222   56.44268 -166.55360     4.0550    31.9315    1463.35  0.000e+00
     27.268   56.44268 -166.55360     4.0539    31.9315    1463.35  0.000e+00
     27.337   56.44268 -166.55360     4.0525    31.9305    1463.34  0.000e+00
     27.268   56.44268 -166.55360     4.0515    31.9287    1463.34  0.000e+00
     27.399   56.44268 -166.55360     4.0502    31.9311    1463.34  0.000e+00
     27.399   56.44268 -166.55360     4.0495    31.9319    1463.33  0.000e+00
     27.438   56.44268 -166.55360     4.0484    31.9319    1463.33  0.000e+00
     27.399   56.44268 -166.55360     4.0472    31.9315    1463.32  0.000e+00
     27.499   56.44268 -166.55360     4.0458    31.9313    1463.32  0.000e+00
     27.453   56.44268 -166.55360     4.0446    31.9307    1463.31  0.000e+00
     27.507   56.44268 -166.55360     4.0428    31.9313    1463.31  0.000e+00
     27.553   56.44268 -166.55360     4.0418    31.9316    1463.30  0.000e+00
     27.569   56.44268 -166.55360     4.0408    31.9325    1463.30  0.000e+00
     27.553   56.44268 -166.55360     4.0406    31.9328    1463.30  0.000e+00
     27.623   56.44268 -166.55360     4.0404    31.9331    1463.30  0.000e+00
     27.623   56.44268 -166.55360     4.0400    31.9328    1463.30  0.000e+00
     27.723   56.44268 -166.55360     4.0398    31.9327    1463.30  0.000e+00
     27.685   56.44268 -166.55360     4.0397    31.9329    1463.30  0.000e+00
     27.723   56.44268 -166.55360     4.0396    31.9331    1463.30  0.000e+00
     27.685   56.44268 -166.55360     4.0398    31.9339    1463.30  0.000e+00
     27.785   56.44268 -166.55360     4.0401    31.9334    1463.30  0.000e+00
     27.801   56.44268 -166.55360     4.0398    31.9342    1463.30  0.000e+00
     27.801   56.44268 -166.55360     4.0402    31.9340    1463.30  0.000e+00
     27.839   56.44268 -166.55360     4.0405    31.9333    1463.30  0.000e+00
     27.855   56.44268 -166.55360     4.0406    31.9320    1463.30  0.000e+00
     27.901   56.44268 -166.55360     4.0406    31.9338    1463.31  0.000e+00
     27.909   56.44268 -166.55360     4.0408    31.9343    1463.31  0.000e+00
     27.909   56.44268 -166.55360     4.0409    31.9346    1463.31  0.000e+00
     27.955   56.44268 -166.55360     4.0412    31.9343    1463.31  0.000e+00
     28.024   56.44268 -166.55360     4.0415    31.9344    1463.31  0.000e+00
     27.955   56.44268 -166.55360     4.0419    31.9349    1463.31  0.000e+00
     28.024   56.44268 -166.55360     4.0419    31.9351    1463.32  0.000e+00
     28.024   56.44268 -166.55360     4.0424    31.9346    1463.32  0.000e+00
     28.125   56.44268 -166.55360     4.0423    31.9350    1463.32  0.000e+00
     28.086   56.44268 -166.55360     4.0427    31.9355    1463.32  0.000e+00
     28.071   56.44268 -166.55360     4.0427    31.9355    1463.32  0.000e+00
     28.140   56.44268 -166.55360     4.0428    31.9355    1463.32  0.000e+00
     28.140   56.44268 -166.55360     4.0430    31.9356    1463.32  0.000e+00
     28.187   56.44268 -166.55360     4.0433    31.9355    1463.32  0.000e+00
     28.202   56.44268 -166.55360     4.0433    31.9356    1463.33  0.000e+00
     28.241   56.44268 -166.55360     4.0434    31.9352    1463.33  0.000e+00
     28.202   56.44268 -166.55360     4.0435    31.9354    1463.33  0.000e+00
     28.310   56.44268 -166.55360     4.0435    31.9358    1463.33  0.000e+00
     28.302   56.44268 -166.55360     4.0436    31.9358    1463.33  0.000e+00
     28.256   56.44268 -166.55360     4.0436    31.9357    1463.33  0.000e+00
     28.356   56.44268 -166.55360     4.0436    31.9357    1463.33  0.000e+00
     28.310   56.44268 -166.55360     4.0436    31.9360    1463.33  0.000e+00
     28.372   56.44268 -166.55360     4.0436    31.9360    1463.33  0.000e+00
     28.356   56.44268 -166.55360     4.0436    31.9361    1463.33  0.000e+00
     28.426   56.44268 -166.55360     4.0435    31.9357    1463.33  0.000e+00
     28.418   56.44268 -166.55360     4.0436    31.9356    1463.33  0.000e+00
     28.426   56.44268 -166.55360     4.0437    31.9358    1463.33  0.000e+00
     28.426   56.44268 -166.55360     4.0438    31.9360    1463.33  0.000e+00
     28.472   56.44268 -166.55360     4.0436    31.9362    1463.33  0.000e+00
     28.488   56.44268 -166.55360     4.0438    31.9361    1463.33  0.000e+00
     28.526   56.44268 -166.55360     4.0439    31.9359    1463.33  0.000e+00
     28.542   56.44268 -166.55360     4.0441    31.9360    1463.33  0.000e+00
     28.542   56.44268 -166.55360     4.0439    31.9362    1463.33  0.000e+00
     28.588   56.44268 -166.55360     4.0442    31.9356    1463.34  0.000e+00
     28.542   56.44268 -166.55360     4.0440    31.9358    1463.33  0.000e+00
     28.642   56.44268 -166.55360     4.0438    31.9364    1463.34  0.000e+00
     28.604   56.44268 -166.55360     4.0441    31.9363    1463.34  0.000e+00
     28.658   56.44268 -166.55360     4.0441    31.9361    1463.34  0.000e+00
     28.642   56.44268 -166.55360     4.0440    31.9361    1463.34  0.000e+00
     28.712   56.44268 -166.55360     4.0441    31.9362    1463.34  0.000e+00
     28.658   56.44268 -166.55360     4.0439    31.9362    1463.34  0.000e+00
     28.704   56.44268 -166.55360     4.0440    31.9360    1463.34  0.000e+00
     28.773   56.44268 -166.55360     4.0439    31.9365    1463.34  0.000e+00
     28.758   56.44268 -166.55360     4.0439    31.9364    1463.34  0.000e+00
     28.773   56.44268 -166.55360     4.0439    31.9362    1463.34  0.000e+00
     28.773   56.44268 -166.55360     4.0437    31.9361    1463.34  0.000e+00
     28.820   56.44268 -166.55360     4.0442    31.9354    1463.34  0.000e+00
     28.827   56.44268 -166.55360     4.0439    31.9357    1463.34  0.000e+00
     28.820   56.44268 -166.55360     4.0441    31.9360    1463.34  0.000e+00
     28.889   56.44268 -166.55360     4.0439    31.9364    1463.34  0.000e+00
     28.889   56.44268 -166.55360     4.0439    31.9363    1463.34  0.000e+00
     28.874   56.44268 -166.55360     4.0439    31.9365    1463.34  0.000e+00
     28.943   56.44268 -166.55360     4.0441    31.9362    1463.34  0.000e+00
     28.874   56.44268 -166.55360     4.0439    31.9364    1463.34  0.000e+00
     29.059   56.44268 -166.55360     4.0439    31.9362    1463.34  0.000e+00
     28.943   56.44268 -166.55360     4.0441    31.9364    1463.34  0.000e+00
     28.990   56.44268 -166.55360     4.0439    31.9361    1463.34  0.000e+00
     29.005   56.44268 -166.55360     4.0436    31.9367    1463.34  0.000e+00
     29.059   56.44268 -166.55360     4.0438    31.9363    1463.34  0.000e+00
     29.105   56.44268 -166.55360     4.0439    31.9363    1463.34  0.000e+00
     29.059   56.44268 -166.55360     4.0437    31.9360    1463.34  0.000e+00
     29.105   56.44268 -166.55360     4.0438    31.9362    1463.34  0.000e+00
     29.113   56.44268 -166.55360     4.0439    31.9362    1463.34  0.000e+00
     29.175   56.44268 -166.55360     4.0441    31.9364    1463.35  0.000e+00
     29.159   56.44268 -166.55360     4.0444    31.9374    1463.35  0.000e+00
     29.175   56.44268 -166.55360     4.0447    31.9380    1463.35  0.000e+00
     29.229   56.44268 -166.55360     4.0455    31.9382    1463.35  0.000e+00
     29.221   56.44268 -166.55360     4.0458    31.9384    1463.36  0.000e+00
     29.229   56.44268 -166.55360     4.0462    31.9381    1463.36  0.000e+00
     29.275   56.44268 -166.55360     4.0466    31.9385    1463.36  0.000e+00
     29.291   56.44268 -166.55360     4.0469    31.9387    1463.36  0.000e+00
     29.345   56.44268 -166.55360     4.0474    31.9387    1463.37  0.000e+00
     29.337   56.44268 -166.55360     4.0478    31.9386    1463.37  0.000e+00
     29.345   56.44268 -166.55360     4.0482    31.9382    1463.37  0.000e+00
     29.407   56.44268 -166.55360     4.0485    31.9384    1463.37  0.000e+00
     29.391   56.44268 -166.55360     4.0488    31.9387    1463.37  0.000e+00
     29.461   56.44268 -166.55360     4.0490    31.9382    1463.37  0.000e+00
     29.445   56.44268 -166.55360     4.0495    31.9387    1463.38  0.000e+00
     29.515   56.44268 -166.55360     4.0499    31.9394    1463.38  0.000e+00
     29.461   56.44268 -166.55360     4.0512    31.9399    1463.38  0.000e+00
     29.561   56.44268 -166.55360     4.0528    31.9411    1463.39  0.000e+00
     29.515   56.44268 -166.55360     4.0548    31.9420    1463.40  0.000e+00
     29.630   56.44268 -166.55360     4.0570    31.9423    1463.41  0.000e+00
     29.561   56.44268 -166.55360     4.0588    31.9422    1463.42  0.000e+00
     29.630   56.44268 -166.55360     4.0599    31.9428    1463.43  0.000e+00
     29.677   56.44268 -166.55360     4.0616    31.9429    1463.44  0.000e+00
     29.630   56.44268 -166.55360     4.0632    31.9439    1463.44  0.000e+00
     29.692   56.44268 -166.55360     4.0653    31.9439    1463.45  0.000e+00
     29.793   56.44268 -166.55360     4.0676    31.9443    1463.46  0.000e+00
     29.746   56.44268 -166.55360     4.0701    31.9445    1463.47  0.000e+00
     29.746   56.44268 -166.55360     4.0719    31.9453    1463.48  0.000e+00
     29.847   56.44268 -166.55360     4.0741    31.9445    1463.49  0.000e+00
     29.808   56.44268 -166.55360     4.0754    31.9453    1463.50  0.000e+00
     29.847   56.44268 -166.55360     4.0769    31.9454    1463.51  0.000e+00
     29.862   56.44268 -166.55360     4.0784    31.9449    1463.51  0.000e+00
     29.916   56.44268 -166.55360     4.0790    31.9452    1463.52  0.000e+00
     29.962   56.44268 -166.55360     4.0798    31.9450    1463.52  0.000e+00
     29.916   56.44268 -166.55360     4.0806    31.9450    1463.52  0.000e+00
     29.978   56.44268 -166.55360     4.0809    31.9451    1463.52  0.000e+00
     30.024   56.44268 -166.55360     4.0810    31.9450    1463.53  0.000e+00
     30.032   56.44268 -166.55360     4.0812    31.9446    1463.53  0.000e+00
     30.094   56.44268 -166.55360     4.0810    31.9449    1463.53  0.000e+00
     30.078   56.44268 -166.55360     4.0806    31.9445    1463.52  0.000e+00
     30.148   56.44268 -166.55360     4.0799    31.9453    1463.52  0.000e+00
