merge_samples_with_btl/SKQ202309T/ctd/skq202309t_007svp.cnv
* Sea-Bird SBE 9 Data File:
* FileName = D:\CTD\SKQ202309T\SKQ202309T_007.hex
* Software Version Seasave V 7.26.7.121
* Temperature SN = 6177
* Conductivity SN = 0369
* Number of Bytes Per Scan = 38
* Number of Voltage Words = 3
* Number of Scans Averaged by the Deck Unit = 1
* NMEA Latitude = 64 14.62 N
* NMEA Longitude = 165 32.56 W
* NMEA UTC (Time) = Jun 12 2023  15:23:52
* NMEA baud rate = 4800
** Ship: R/V Sikuliaq
** Station Number: 007
** Station Name: 011
** Bottom Depth: 19
** Operator: Steve Dykstra
# nquan = 7
# nvalues = 4666                                  
# units = specified
# name 0 = depSM: Depth [salt water, m]
# name 1 = latitude: Latitude [deg]
# name 2 = longitude: Longitude [deg]
# name 3 = t090C: Temperature [ITS-90, deg C]
# name 4 = sal00: Salinity, Practical [PSU]
# name 5 = svCM: Sound Velocity [Chen-Millero, m/s]
# name 6 = flag:  0.000e+00
# span 0 =      1.331,     13.983                 
# span 1 =   64.24362,   64.24366                 
# span 2 = -165.54258, -165.54254                 
# span 3 =     1.5460,     8.0700                 
# span 4 =    18.1737,    28.9193                 
# span 5 =    1447.21,    1462.00                 
# span 6 = 0.0000e+00, 0.0000e+00                 
# interval = seconds: 0.0416667
# start_time = Jun 12 2023 15:28:02 [NMEA time, first data scan]
# bad_flag = -9.990e-29
*END*
[from data line 1026]
      4.423   64.24366 -165.54256     1.5796    28.0943    1447.23  0.000e+00
      4.485   64.24366 -165.54256     1.5831    28.0956    1447.25  0.000e+00
      4.423   64.24366 -165.54256     1.5874    28.1061    1447.28  0.000e+00
      4.485   64.24366 -165.54256     1.5930    28.1106    1447.32  0.000e+00
      4.423   64.24366 -165.54256     1.5949    28.1188    1447.33  0.000e+00
      4.485   64.24366 -165.54256     1.5976    28.1417    1447.38  0.000e+00
      4.485   64.24366 -165.54256     1.6014    28.1688    1447.43  0.000e+00
      4.485   64.24366 -165.54256     1.6050    28.1839    1447.47  0.000e+00
      4.454   64.24366 -165.54256     1.6073    28.1860    1447.48  0.000e+00
      4.485   64.24366 -165.54256     1.6095    28.1722    1447.47  0.000e+00
      4.539   64.24366 -165.54256     1.6114    28.1571    1447.46  0.000e+00
      4.485   64.24366 -165.54256     1.6128    28.1447    1447.45  0.000e+00
      4.539   64.24366 -165.54256     1.6135    28.1336    1447.44  0.000e+00
      4.485   64.24366 -165.54256     1.6150    28.1290    1447.44  0.000e+00
      4.539   64.24366 -165.54256     1.6171    28.1308    1447.45  0.000e+00
      4.485   64.24366 -165.54256     1.6184    28.1301    1447.46  0.000e+00
      4.539   64.24366 -165.54256     1.6214    28.1333    1447.47  0.000e+00
      4.539   64.24366 -165.54256     1.6245    28.1401    1447.50  0.000e+00
      4.539   64.24366 -165.54256     1.6267    28.1470    1447.52  0.000e+00
      4.539   64.24366 -165.54256     1.6276    28.1467    1447.52  0.000e+00
      4.539   64.24366 -165.54256     1.6264    28.1406    1447.51  0.000e+00
      4.569   64.24366 -165.54256     1.6259    28.1344    1447.50  0.000e+00
      4.539   64.24366 -165.54256     1.6267    28.1300    1447.49  0.000e+00
      4.593   64.24366 -165.54256     1.6276    28.1312    1447.50  0.000e+00
      4.539   64.24366 -165.54256     1.6295    28.1459    1447.53  0.000e+00
      4.593   64.24366 -165.54256     1.6338    28.1743    1447.59  0.000e+00
      4.593   64.24366 -165.54256     1.6377    28.1988    1447.63  0.000e+00
      4.593   64.24366 -165.54256     1.6388    28.2036    1447.65  0.000e+00
      4.593   64.24366 -165.54256     1.6358    28.1914    1447.62  0.000e+00
      4.593   64.24366 -165.54256     1.6298    28.1768    1447.57  0.000e+00
      4.593   64.24366 -165.54256     1.6256    28.1691    1447.54  0.000e+00
      4.593   64.24366 -165.54256     1.6242    28.1704    1447.54  0.000e+00
      4.654   64.24366 -165.54256     1.6239    28.1781    1447.55  0.000e+00
      4.623   64.24366 -165.54256     1.6241    28.1866    1447.56  0.000e+00
      4.593   64.24366 -165.54256     1.6256    28.1906    1447.57  0.000e+00
      4.654   64.24366 -165.54256     1.6265    28.1904    1447.57  0.000e+00
      4.654   64.24366 -165.54256     1.6269    28.1864    1447.57  0.000e+00
      4.654   64.24366 -165.54256     1.6298    28.1851    1447.58  0.000e+00
      4.654   64.24366 -165.54256     1.6330    28.1878    1447.60  0.000e+00
      4.654   64.24366 -165.54256     1.6343    28.1910    1447.61  0.000e+00
      4.654   64.24366 -165.54256     1.6334    28.1904    1447.61  0.000e+00
      4.708   64.24366 -165.54256     1.6333    28.1929    1447.61  0.000e+00
      4.654   64.24366 -165.54256     1.6347    28.1983    1447.62  0.000e+00
      4.708   64.24366 -165.54256     1.6351    28.2034    1447.63  0.000e+00
      4.708   64.24366 -165.54256     1.6355    28.2063    1447.64  0.000e+00
      4.685   64.24366 -165.54256     1.6361    28.2096    1447.64  0.000e+00
      4.708   64.24366 -165.54256     1.6377    28.2121    1447.65  0.000e+00
      4.708   64.24366 -165.54256     1.6403    28.2146    1447.67  0.000e+00
      4.770   64.24366 -165.54256     1.6452    28.2199    1447.70  0.000e+00
      4.708   64.24366 -165.54256     1.6472    28.2307    1447.72  0.000e+00
      4.708   64.24366 -165.54256     1.6489    28.2363    1447.74  0.000e+00
      4.770   64.24366 -165.54256     1.6500    28.2370    1447.74  0.000e+00
      4.770   64.24366 -165.54256     1.6517    28.2381    1447.75  0.000e+00
      4.708   64.24366 -165.54256     1.6589    28.2350    1447.78  0.000e+00
      4.824   64.24366 -165.54256     1.6622    28.2342    1447.80  0.000e+00
      4.708   64.24366 -165.54256     1.6614    28.2355    1447.79  0.000e+00
      4.770   64.24366 -165.54256     1.6610    28.2362    1447.79  0.000e+00
      4.801   64.24366 -165.54256     1.6614    28.2373    1447.80  0.000e+00
      4.770   64.24366 -165.54256     1.6619    28.2375    1447.80  0.000e+00
      4.824   64.24366 -165.54256     1.6603    28.2389    1447.79  0.000e+00
      4.770   64.24366 -165.54256     1.6600    28.2390    1447.79  0.000e+00
      4.824   64.24366 -165.54256     1.6611    28.2389    1447.80  0.000e+00
      4.770   64.24366 -165.54256     1.6613    28.2406    1447.80  0.000e+00
      4.824   64.24366 -165.54256     1.6605    28.2427    1447.80  0.000e+00
      4.824   64.24366 -165.54256     1.6607    28.2442    1447.80  0.000e+00
      4.824   64.24366 -165.54256     1.6597    28.2467    1447.80  0.000e+00
      4.824   64.24366 -165.54256     1.6600    28.2466    1447.80  0.000e+00
      4.824   64.24366 -165.54256     1.6611    28.2468    1447.81  0.000e+00
      4.886   64.24366 -165.54256     1.6607    28.2487    1447.81  0.000e+00
      4.855   64.24366 -165.54256     1.6612    28.2501    1447.81  0.000e+00
      4.824   64.24366 -165.54256     1.6621    28.2509    1447.82  0.000e+00
      4.886   64.24366 -165.54256     1.6619    28.2519    1447.82  0.000e+00
      4.886   64.24366 -165.54256     1.6615    28.2542    1447.82  0.000e+00
      4.824   64.24366 -165.54256     1.6627    28.2603    1447.83  0.000e+00
      4.886   64.24366 -165.54256     1.6675    28.2618    1447.86  0.000e+00
      4.886   64.24366 -165.54256     1.6747    28.2563    1447.88  0.000e+00
      4.886   64.24366 -165.54256     1.6767    28.2571    1447.89  0.000e+00
      4.940   64.24366 -165.54256     1.6775    28.2608    1447.90  0.000e+00
      4.886   64.24366 -165.54256     1.6768    28.2613    1447.90  0.000e+00
      4.886   64.24366 -165.54256     1.6757    28.2625    1447.89  0.000e+00
      4.916   64.24366 -165.54256     1.6776    28.2643    1447.91  0.000e+00
      4.940   64.24366 -165.54256     1.6800    28.2674    1447.92  0.000e+00
      4.940   64.24366 -165.54256     1.6806    28.2673    1447.92  0.000e+00
      4.940   64.24366 -165.54256     1.6802    28.2651    1447.92  0.000e+00
      4.885   64.24366 -165.54256     1.6813    28.2625    1447.92  0.000e+00
      4.939   64.24366 -165.54256     1.6810    28.2616    1447.92  0.000e+00
      4.939   64.24366 -165.54256     1.6814    28.2606    1447.92  0.000e+00
      4.993   64.24366 -165.54256     1.6811    28.2602    1447.92  0.000e+00
      4.939   64.24366 -165.54256     1.6809    28.2603    1447.92  0.000e+00
      4.939   64.24366 -165.54256     1.6802    28.2607    1447.91  0.000e+00
      4.993   64.24366 -165.54256     1.6791    28.2642    1447.91  0.000e+00
      4.885   64.24366 -165.54256     1.6788    28.2713    1447.92  0.000e+00
      5.086   64.24366 -165.54256     1.6800    28.2741    1447.93  0.000e+00
      4.939   64.24366 -165.54256     1.6802    28.2730    1447.93  0.000e+00
      5.055   64.24366 -165.54256     1.6805    28.2736    1447.93  0.000e+00
      4.939   64.24366 -165.54256     1.6821    28.2764    1447.94  0.000e+00
      5.055   64.24366 -165.54256     1.6837    28.2795    1447.95  0.000e+00
      4.939   64.24366 -165.54256     1.6849    28.2838    1447.96  0.000e+00
      5.055   64.24366 -165.54256     1.6872    28.2883    1447.98  0.000e+00
      5.055   64.24366 -165.54256     1.6894    28.2910    1448.00  0.000e+00
      4.993   64.24366 -165.54256     1.6907    28.2915    1448.00  0.000e+00
      5.055   64.24366 -165.54256     1.6917    28.2937    1448.01  0.000e+00
      5.055   64.24366 -165.54256     1.6945    28.3012    1448.03  0.000e+00
      5.024   64.24366 -165.54256     1.7005    28.3089    1448.07  0.000e+00
      5.055   64.24366 -165.54256     1.7062    28.3104    1448.10  0.000e+00
      5.055   64.24366 -165.54256     1.7080    28.3115    1448.11  0.000e+00
      5.055   64.24366 -165.54256     1.7084    28.3141    1448.11  0.000e+00
      5.055   64.24366 -165.54256     1.7088    28.3167    1448.12  0.000e+00
      5.109   64.24366 -165.54256     1.7090    28.3195    1448.12  0.000e+00
      5.055   64.24366 -165.54256     1.7095    28.3225    1448.13  0.000e+00
      5.109   64.24366 -165.54256     1.7113    28.3229    1448.14  0.000e+00
      5.055   64.24366 -165.54256     1.7138    28.3216    1448.15  0.000e+00
      5.171   64.24366 -165.54256     1.7138    28.3221    1448.15  0.000e+00
      5.055   64.24366 -165.54256     1.7139    28.3231    1448.15  0.000e+00
      5.086   64.24366 -165.54256     1.7148    28.3252    1448.15  0.000e+00
      5.171   64.24366 -165.54256     1.7187    28.3258    1448.17  0.000e+00
      5.109   64.24366 -165.54256     1.7219    28.3335    1448.20  0.000e+00
      5.109   64.24366 -165.54256     1.7253    28.3434    1448.23  0.000e+00
      5.109   64.24366 -165.54256     1.7276    28.3493    1448.24  0.000e+00
      5.171   64.24366 -165.54256     1.7279    28.3486    1448.25  0.000e+00
      5.109   64.24366 -165.54256     1.7268    28.3452    1448.24  0.000e+00
      5.171   64.24366 -165.54256     1.7257    28.3426    1448.23  0.000e+00
      5.171   64.24366 -165.54256     1.7264    28.3405    1448.23  0.000e+00
      5.109   64.24366 -165.54256     1.7276    28.3383    1448.23  0.000e+00
      5.202   64.24366 -165.54256     1.7287    28.3371    1448.23  0.000e+00
      5.109   64.24366 -165.54256     1.7293    28.3370    1448.24  0.000e+00
      5.225   64.24366 -165.54256     1.7283    28.3382    1448.23  0.000e+00
      5.171   64.24366 -165.54256     1.7281    28.3392    1448.23  0.000e+00
      5.171   64.24366 -165.54256     1.7283    28.3426    1448.24  0.000e+00
      5.225   64.24366 -165.54256     1.7312    28.3454    1448.26  0.000e+00
      5.171   64.24366 -165.54256     1.7351    28.3454    1448.27  0.000e+00
      5.171   64.24366 -165.54256     1.7378    28.3436    1448.28  0.000e+00
      5.225   64.24366 -165.54256     1.7356    28.3424    1448.27  0.000e+00
      5.225   64.24366 -165.54256     1.7323    28.3422    1448.26  0.000e+00
      5.171   64.24366 -165.54256     1.7303    28.3428    1448.25  0.000e+00
      5.256   64.24366 -165.54256     1.7298    28.3449    1448.25  0.000e+00
      5.225   64.24366 -165.54256     1.7306    28.3465    1448.26  0.000e+00
      5.225   64.24366 -165.54256     1.7295    28.3467    1448.25  0.000e+00
      5.225   64.24366 -165.54256     1.7281    28.3470    1448.25  0.000e+00
      5.225   64.24366 -165.54256     1.7281    28.3479    1448.25  0.000e+00
      5.286   64.24366 -165.54256     1.7283    28.3491    1448.25  0.000e+00
      5.225   64.24366 -165.54256     1.7292    28.3499    1448.25  0.000e+00
      5.286   64.24366 -165.54256     1.7298    28.3520    1448.26  0.000e+00
      5.225   64.24366 -165.54256     1.7306    28.3559    1448.27  0.000e+00
      5.225   64.24366 -165.54256     1.7315    28.3594    1448.28  0.000e+00
      5.340   64.24366 -165.54256     1.7322    28.3624    1448.29  0.000e+00
      5.255   64.24366 -165.54256     1.7334    28.3654    1448.29  0.000e+00
      5.286   64.24366 -165.54256     1.7342    28.3680    1448.30  0.000e+00
      5.286   64.24366 -165.54256     1.7351    28.3685    1448.31  0.000e+00
      5.286   64.24366 -165.54256     1.7353    28.3693    1448.31  0.000e+00
      5.286   64.24366 -165.54256     1.7354    28.3709    1448.31  0.000e+00
      5.340   64.24366 -165.54256     1.7363    28.3721    1448.32  0.000e+00
      5.286   64.24366 -165.54256     1.7373    28.3725    1448.32  0.000e+00
      5.340   64.24366 -165.54256     1.7382    28.3737    1448.33  0.000e+00
      5.286   64.24366 -165.54256     1.7388    28.3756    1448.33  0.000e+00
      5.340   64.24366 -165.54256     1.7390    28.3783    1448.34  0.000e+00
      5.371   64.24366 -165.54256     1.7397    28.3798    1448.34  0.000e+00
      5.286   64.24366 -165.54256     1.7402    28.3811    1448.35  0.000e+00
      5.394   64.24366 -165.54256     1.7415    28.3827    1448.36  0.000e+00
      5.340   64.24366 -165.54256     1.7428    28.3834    1448.36  0.000e+00
      5.340   64.24366 -165.54256     1.7433    28.3881    1448.37  0.000e+00
      5.340   64.24366 -165.54256     1.7457    28.3960    1448.39  0.000e+00
      5.394   64.24366 -165.54256     1.7485    28.4022    1448.41  0.000e+00
      5.340   64.24366 -165.54256     1.7516    28.4102    1448.44  0.000e+00
      5.394   64.24366 -165.54256     1.7545    28.4186    1448.46  0.000e+00
      5.340   64.24366 -165.54256     1.7566    28.4170    1448.47  0.000e+00
      5.425   64.24366 -165.54256     1.7556    28.4092    1448.45  0.000e+00
      5.394   64.24366 -165.54256     1.7542    28.4033    1448.44  0.000e+00
      5.394   64.24366 -165.54256     1.7533    28.3989    1448.43  0.000e+00
      5.394   64.24366 -165.54256     1.7515    28.3964    1448.42  0.000e+00
      5.394   64.24366 -165.54256     1.7502    28.3953    1448.41  0.000e+00
      5.456   64.24366 -165.54256     1.7492    28.3947    1448.41  0.000e+00
      5.456   64.24366 -165.54256     1.7486    28.3961    1448.41  0.000e+00
      5.394   64.24366 -165.54256     1.7488    28.3977    1448.41  0.000e+00
      5.456   64.24366 -165.54256     1.7491    28.4005    1448.41  0.000e+00
      5.456   64.24366 -165.54256     1.7497    28.4033    1448.42  0.000e+00
      5.456   64.24366 -165.54256     1.7505    28.4074    1448.43  0.000e+00
      5.425   64.24366 -165.54256     1.7521    28.4115    1448.44  0.000e+00
      5.510   64.24366 -165.54256     1.7527    28.4100    1448.44  0.000e+00
      5.456   64.24366 -165.54256     1.7528    28.4070    1448.44  0.000e+00
      5.456   64.24366 -165.54256     1.7531    28.4055    1448.44  0.000e+00
      5.510   64.24366 -165.54256     1.7527    28.4078    1448.44  0.000e+00
      5.510   64.24366 -165.54256     1.7528    28.4119    1448.45  0.000e+00
      5.510   64.24366 -165.54256     1.7542    28.4147    1448.46  0.000e+00
      5.456   64.24366 -165.54256     1.7556    28.4163    1448.46  0.000e+00
      5.572   64.24366 -165.54256     1.7573    28.4173    1448.47  0.000e+00
      5.510   64.24366 -165.54256     1.7587    28.4184    1448.48  0.000e+00
      5.541   64.24366 -165.54256     1.7598    28.4198    1448.49  0.000e+00
      5.510   64.24366 -165.54256     1.7602    28.4206    1448.49  0.000e+00
      5.510   64.24366 -165.54256     1.7598    28.4217    1448.49  0.000e+00
      5.571   64.24366 -165.54256     1.7604    28.4232    1448.50  0.000e+00
      5.571   64.24366 -165.54256     1.7609    28.4256    1448.50  0.000e+00
      5.571   64.24366 -165.54256     1.7618    28.4280    1448.51  0.000e+00
      5.571   64.24366 -165.54256     1.7633    28.4304    1448.52  0.000e+00
      5.571   64.24366 -165.54256     1.7646    28.4324    1448.53  0.000e+00
      5.571   64.24366 -165.54256     1.7656    28.4338    1448.53  0.000e+00
      5.541   64.24366 -165.54256     1.7670    28.4351    1448.54  0.000e+00
      5.625   64.24366 -165.54256     1.7681    28.4362    1448.55  0.000e+00
      5.625   64.24366 -165.54256     1.7688    28.4369    1448.55  0.000e+00
      5.571   64.24366 -165.54256     1.7693    28.4377    1448.55  0.000e+00
      5.625   64.24366 -165.54256     1.7701    28.4388    1448.56  0.000e+00
      5.625   64.24366 -165.54256     1.7709    28.4409    1448.57  0.000e+00
      5.625   64.24366 -165.54256     1.7713    28.4435    1448.57  0.000e+00
      5.625   64.24366 -165.54256     1.7721    28.4469    1448.58  0.000e+00
