merge_samples_with_btl/SKQ202309T/ctd/skq202309t_007.ros
* Sea-Bird SBE 9 Data File:
* FileName = D:\CTD\SKQ202309T\SKQ202309T_007.hex
* Software Version Seasave V 7.26.7.121
* Temperature SN = 6177
* Conductivity SN = 0369
* Number of Bytes Per Scan = 38
* Number of Voltage Words = 3
* Number of Scans Averaged by the Deck Unit = 1
* NMEA Latitude = 64 14.62 N
* NMEA Longitude = 165 32.56 W
* NMEA UTC (Time) = Jun 12 2023  15:23:52
* NMEA baud rate = 4800
** Ship: R/V Sikuliaq
** Station Number: 007
** Station Name: 011
** Bottom Depth: 19
** Operator: Steve Dykstra
# nquan = 21
# nvalues = 784                                   
# units = specified
# name 0 = depSM: Depth [salt water, m]
# name 1 = latitude: Latitude [deg]
# name 2 = longitude: Longitude [deg]
# name 3 = prDM: Pressure, Digiquartz [db]
# name 4 = t090C: Temperature [ITS-90, deg C]
# name 5 = t190C: Temperature, 2 [ITS-90, deg C]
# name 6 = potemp090C: Potential Temperature [ITS-90, deg C]
# name 7 = sal00: Salinity, Practical [PSU]
# name 8 = sal11: Salinity, Practical, 2 [PSU]
# name 9 = density00: Density [density, kg/m^3]
# name 10 = sigma-é00: Density [sigma-theta, kg/m^3]
# name 11 = sbox0Mm/Kg: Oxygen, SBE 43 [umol/kg]
# name 12 = sbox1Mm/Kg: Oxygen, SBE 43, 2 [umol/kg]
# name 13 = oxsolMm/Kg: Oxygen Saturation, Garcia & Gordon [umol/kg]
# name 14 = sbeox0PS: Oxygen, SBE 43 [% saturation]
# name 15 = v0: Voltage 0
# name 16 = flECO-AFL: Fluorescence, WET Labs ECO-AFL/FL [mg/m^3]
# name 17 = CStarAt0: Beam Attenuation, WET Labs C-Star [1/m]
# name 18 = scan: Scan Count
# name 19 = nbf: Bottles Fired
# name 20 = flag:  0.000e+00
# interval = seconds: 0.0416667
# start_time = Jun 12 2023 15:28:02 [NMEA time, first data scan]
# bad_flag = -9.990e-29
*END*
[from data line 759]
      1.246   64.24360 -165.54250      1.258     7.3250     7.3648     7.3249    18.9391    18.8981  1014.7698    14.7639    355.205    342.781  327.65244    108.409     0.4151     2.1428     2.2507      12889         16  0.000e+00
      1.246   64.24360 -165.54250      1.258     7.2818     7.3236     7.2817    19.0488    18.9449  1014.8602    14.8543    355.171    343.114  327.72328    108.375     0.4151     2.1428     2.2489      12890         16  0.000e+00
      1.246   64.24360 -165.54250      1.258     7.1705     7.2608     7.1704    19.1878    19.0086  1014.9805    14.9746    355.897    343.407  328.25034    108.422     0.4151     2.1428     2.2507      12891         16  0.000e+00
      1.246   64.24360 -165.54250      1.258     7.1112     7.1926     7.1111    19.2704    19.0776  1015.0513    15.0454    356.278    343.884  328.51161    108.452     0.4151     2.1428     2.2507      12892         16  0.000e+00
      1.246   64.24360 -165.54250      1.258     7.0340     7.1366     7.0339    19.3502    19.1392  1015.1216    15.1157    356.827    344.272  328.91940    108.485     0.4151     2.1428     2.2435      12893         16  0.000e+00
      1.246   64.24360 -165.54250      1.258     6.9680     7.1167     6.9679    19.4100    19.1639  1015.1751    15.1692    357.109    344.620  329.28940    108.448     0.4151     2.1428     2.2091      12894         16  0.000e+00
      1.246   64.24360 -165.54250      1.258     6.9148     7.1652     6.9147    19.4472    19.1152  1015.2097    15.2038    357.533    344.355  329.61504    108.470     0.4151     2.1428     2.1947      12895         16  0.000e+00
      1.246   64.24360 -165.54250      1.258     6.9786     7.2563     6.9786    19.3540    19.0203  1015.1302    15.1243    357.155    343.640  329.34179    108.445     0.4139     2.1355     2.1947      12896         16  0.000e+00
      1.246   64.24360 -165.54250      1.258     7.1924     7.3938     7.1923    19.1168    18.8971  1014.9226    14.9167    355.770    342.945  328.25172    108.383     0.4151     2.1428     2.1965      12897         16  0.000e+00
      1.246   64.24360 -165.54250      1.258     7.3740     7.4519     7.3739    18.9438    18.8413  1014.7683    14.7624    354.524    342.607  327.26349    108.330     0.4164     2.1502     2.1965      12898         16  0.000e+00
      1.300   64.24360 -165.54250      1.313     7.3844     7.5445     7.3843    18.9213    18.7788  1014.7499    14.7437    354.274    341.798  327.23684    108.262     0.4151     2.1428     2.1965      12899         16  0.000e+00
      1.192   64.24360 -165.54250      1.204     7.3615     7.5761     7.3614    18.9289    18.7616  1014.7577    14.7521    354.423    341.753  327.39541    108.255     0.4151     2.1428     2.1965      12900         16  0.000e+00
      1.300   64.24360 -165.54250      1.313     7.3904     7.4923     7.3903    18.9159    18.8328  1014.7450    14.7389    354.150    342.330  327.20400    108.235     0.4151     2.1428     2.1965      12901         16  0.000e+00
      1.246   64.24360 -165.54250      1.258     7.4014     7.3758     7.4013    18.9626    18.9363  1014.7802    14.7743    353.875    343.087  327.00718    108.216     0.4151     2.1428     2.1965      12902         16  0.000e+00
      1.246   64.24360 -165.54250      1.258     7.2847     7.3093     7.2846    19.0928    18.9921  1014.8943    14.8884    354.539    343.542  327.59542    108.225     0.4151     2.1428     2.1965      12903         16  0.000e+00
      1.246   64.24360 -165.54250      1.258     7.1724     7.3962     7.1723    19.1916    18.9075  1014.9833    14.9774    355.269    342.981  328.22646    108.239     0.4151     2.1428     2.1965      12904         16  0.000e+00
      1.246   64.24360 -165.54250      1.258     7.1070     7.4487     7.1069    19.2369    18.8378  1015.0254    15.0195    355.698    342.681  328.62505    108.238     0.4042     2.0769     2.1965      12905         16  0.000e+00
      1.246   64.24360 -165.54250      1.258     7.0994     7.4052     7.0993    19.2415    18.8739  1015.0298    15.0239    355.895    342.952  328.67279    108.283     0.3993     2.0476     2.1965      12906         16  0.000e+00
      1.246   64.24360 -165.54250      1.258     7.0835     7.2886     7.0834    19.2589    18.9828  1015.0451    15.0392    355.952    343.660  328.75455    108.273     0.3993     2.0476     2.1965      12907         16  0.000e+00
      1.246   64.24360 -165.54250      1.258     7.0558     7.2665     7.0557    19.2957    19.0163  1015.0767    15.0708    356.270    343.722  328.88121    108.328     0.3993     2.0476     2.1965      12908         16  0.000e+00
      1.246   64.24360 -165.54250      1.258     7.0628     7.3306     7.0627    19.3145    18.9680  1015.0907    15.0848    356.095    343.245  328.78193    108.307     0.3993     2.0476     2.1965      12909         16  0.000e+00
      1.300   64.24360 -165.54250      1.313     7.0660     7.3727     7.0659    19.3104    18.9333  1015.0875    15.0813    356.008    343.112  328.76636    108.286     0.3993     2.0476     2.1965      12910         16  0.000e+00
      1.246   64.24360 -165.54250      1.258     7.0841     7.4020     7.0840    19.2822    18.9114  1015.0633    15.0574    355.832    342.863  328.69422    108.256     0.4005     2.0549     2.1965      12911         16  0.000e+00
      1.192   64.24360 -165.54250      1.204     7.0878     7.4520     7.0877    19.2874    18.8627  1015.0667    15.0611    355.695    342.513  328.65273    108.228     0.3993     2.0476     2.1965      12912         16  0.000e+00
      1.277   64.24360 -165.54250      1.290     7.0431     7.5457     7.0430    19.3599    18.7723  1015.1285    15.1225    355.833    341.889  328.82550    108.213     0.3993     2.0476     2.1983      12913         16  0.000e+00
