merge_samples_with_btl/SKQ202309T/ctd/skq202309t_005svp.cnv
* Sea-Bird SBE 9 Data File:
* FileName = D:\CTD\SKQ202309T\SKQ202309T_005.hex
* Software Version Seasave V 7.26.7.121
* Temperature SN = 6177
* Conductivity SN = 0369
* Number of Bytes Per Scan = 38
* Number of Voltage Words = 3
* Number of Scans Averaged by the Deck Unit = 1
* NMEA Latitude = 62 38.25 N
* NMEA Longitude = 165 42.28 W
* NMEA UTC (Time) = Jun 12 2023  01:37:43
* NMEA baud rate = 4800
** Ship: R/V Sikuliaq
** Station Number: 005
** Station Name: STN 008
** Bottom Depth: 12
** Operator: Kay McMonigal
# nquan = 7
# nvalues = 3288                                  
# units = specified
# name 0 = depSM: Depth [salt water, m]
# name 1 = latitude: Latitude [deg]
# name 2 = longitude: Longitude [deg]
# name 3 = t090C: Temperature [ITS-90, deg C]
# name 4 = sal00: Salinity, Practical [PSU]
# name 5 = svCM: Sound Velocity [Chen-Millero, m/s]
# name 6 = flag:  0.000e+00
# span 0 =      1.229,      5.785                 
# span 1 =   62.63746,   62.63748                 
# span 2 = -165.70490, -165.70482                 
# span 3 =     3.0533,    13.0234                 
# span 4 =     3.2223,    27.9448                 
# span 5 =    1453.38,    1464.56                 
# span 6 = 0.0000e+00, 0.0000e+00                 
# interval = seconds: 0.0416667
# start_time = Jun 12 2023 01:40:04 [NMEA time, first data scan]
# bad_flag = -9.990e-29
*END*
[from data line 821]
      2.026   62.63746 -165.70484    10.5942    11.5205    1463.69  0.000e+00
      2.088   62.63746 -165.70484    10.5720    11.5641    1463.66  0.000e+00
      2.088   62.63746 -165.70484    10.5569    11.5935    1463.64  0.000e+00
      2.088   62.63746 -165.70484    10.5407    11.6254    1463.62  0.000e+00
      2.026   62.63746 -165.70484    10.5217    11.6761    1463.60  0.000e+00
      2.142   62.63746 -165.70484    10.5018    11.7478    1463.62  0.000e+00
      2.088   62.63746 -165.70484    10.4787    11.8640    1463.67  0.000e+00
      2.088   62.63746 -165.70484    10.4456    12.0259    1463.74  0.000e+00
      2.088   62.63746 -165.70484    10.4023    12.1046    1463.67  0.000e+00
      2.088   62.63746 -165.70484    10.3938    12.0637    1463.59  0.000e+00
      2.142   62.63746 -165.70484    10.3932    12.0500    1463.57  0.000e+00
      2.088   62.63746 -165.70484    10.3851    12.0841    1463.58  0.000e+00
      2.119   62.63746 -165.70484    10.3733    12.1142    1463.57  0.000e+00
      2.088   62.63746 -165.70484    10.3663    12.1285    1463.56  0.000e+00
      2.142   62.63746 -165.70484    10.3585    12.1319    1463.54  0.000e+00
      2.088   62.63746 -165.70484    10.3540    12.0831    1463.46  0.000e+00
      2.142   62.63746 -165.70484    10.3644    12.0013    1463.40  0.000e+00
      2.142   62.63746 -165.70484    10.3887    11.9316    1463.41  0.000e+00
      2.142   62.63746 -165.70484    10.4039    11.9236    1463.46  0.000e+00
      2.088   62.63746 -165.70484    10.4029    11.9686    1463.51  0.000e+00
      2.142   62.63746 -165.70484    10.3976    12.0075    1463.53  0.000e+00
      2.142   62.63746 -165.70484    10.3886    12.0330    1463.53  0.000e+00
      2.142   62.63746 -165.70484    10.3818    12.0459    1463.52  0.000e+00
      2.142   62.63746 -165.70484    10.3815    12.0523    1463.53  0.000e+00
      2.142   62.63746 -165.70484    10.3815    12.0586    1463.53  0.000e+00
      2.142   62.63746 -165.70484    10.3820    12.0598    1463.54  0.000e+00
      2.142   62.63746 -165.70484    10.3765    12.0772    1463.54  0.000e+00
      2.088   62.63746 -165.70484    10.3680    12.1026    1463.54  0.000e+00
      2.257   62.63746 -165.70484    10.3655    12.1045    1463.53  0.000e+00
      2.142   62.63746 -165.70484    10.3671    12.0831    1463.51  0.000e+00
      2.196   62.63746 -165.70484    10.3720    12.0619    1463.50  0.000e+00
      2.142   62.63746 -165.70484    10.3772    12.0469    1463.50  0.000e+00
      2.195   62.63746 -165.70484    10.3762    12.0741    1463.53  0.000e+00
      2.141   62.63746 -165.70484    10.3681    12.1163    1463.55  0.000e+00
      2.195   62.63746 -165.70484    10.3614    12.1374    1463.55  0.000e+00
      2.195   62.63746 -165.70484    10.3568    12.1534    1463.56  0.000e+00
      2.195   62.63746 -165.70484    10.3484    12.2068    1463.59  0.000e+00
      2.234   62.63746 -165.70484    10.3179    12.3169    1463.61  0.000e+00
      2.195   62.63746 -165.70484    10.2957    12.3728    1463.59  0.000e+00
      2.195   62.63746 -165.70484    10.2852    12.4013    1463.58  0.000e+00
      2.195   62.63746 -165.70484    10.2751    12.4130    1463.56  0.000e+00
      2.257   62.63746 -165.70484    10.2796    12.3489    1463.50  0.000e+00
      2.195   62.63746 -165.70484    10.3009    12.2679    1463.48  0.000e+00
      2.257   62.63746 -165.70484    10.3144    12.2325    1463.49  0.000e+00
      2.195   62.63746 -165.70484    10.3157    12.2417    1463.51  0.000e+00
      2.257   62.63746 -165.70484    10.3158    12.2552    1463.52  0.000e+00
      2.257   62.63746 -165.70484    10.3164    12.2441    1463.51  0.000e+00
      2.257   62.63746 -165.70484    10.3264    12.1932    1463.49  0.000e+00
      2.257   62.63746 -165.70484    10.3417    12.1305    1463.47  0.000e+00
      2.257   62.63746 -165.70484    10.3541    12.1032    1463.49  0.000e+00
      2.195   62.63746 -165.70484    10.3575    12.1156    1463.51  0.000e+00
      2.257   62.63746 -165.70484    10.3576    12.1256    1463.53  0.000e+00
      2.257   62.63746 -165.70484    10.3580    12.1281    1463.53  0.000e+00
      2.257   62.63746 -165.70484    10.3555    12.1286    1463.52  0.000e+00
      2.257   62.63746 -165.70484    10.3562    12.1010    1463.49  0.000e+00
      2.257   62.63746 -165.70484    10.3864    11.8404    1463.29  0.000e+00
      2.195   62.63746 -165.70484    10.4762    11.3855    1463.08  0.000e+00
      2.257   62.63746 -165.70484    10.5971    11.0282    1463.11  0.000e+00
      2.257   62.63746 -165.70484    10.6396    10.9722    1463.21  0.000e+00
      2.257   62.63746 -165.70484    10.6737    10.9517    1463.31  0.000e+00
      2.195   62.63746 -165.70484    10.7015    10.9362    1463.40  0.000e+00
      2.234   62.63746 -165.70484    10.6982    11.0613    1463.54  0.000e+00
      2.195   62.63746 -165.70484    10.6342    11.3414    1463.63  0.000e+00
      2.195   62.63746 -165.70484    10.5672    11.5741    1463.66  0.000e+00
      2.195   62.63746 -165.70484    10.5238    11.6840    1463.62  0.000e+00
      2.195   62.63746 -165.70484    10.4933    11.7292    1463.56  0.000e+00
      2.141   62.63746 -165.70484    10.4839    11.7094    1463.50  0.000e+00
      2.195   62.63746 -165.70484    10.4847    11.7158    1463.51  0.000e+00
      2.195   62.63746 -165.70484    10.4810    11.5398    1463.29  0.000e+00
      2.141   62.63746 -165.70484    10.6550    10.4297    1462.61  0.000e+00
      2.195   62.63746 -165.70484    10.9985     9.0176    1462.21  0.000e+00
      2.141   62.63746 -165.70484    11.2928     8.1821    1462.31  0.000e+00
      2.141   62.63746 -165.70484    11.4027     8.0320    1462.55  0.000e+00
      2.141   62.63746 -165.70484    11.5084     7.3640    1462.14  0.000e+00
      2.141   62.63746 -165.70484    11.7774     6.2547    1461.81  0.000e+00
      2.195   62.63746 -165.70484    12.0158     5.6078    1461.93  0.000e+00
      2.087   62.63746 -165.70484    12.1557     5.4177    1462.22  0.000e+00
      2.141   62.63746 -165.70484    12.2613     5.3020    1462.47  0.000e+00
      2.087   62.63746 -165.70484    12.3158     5.3584    1462.74  0.000e+00
      2.195   62.63746 -165.70484    12.2874     5.7876    1463.15  0.000e+00
      2.087   62.63746 -165.70484    12.1689     6.4073    1463.45  0.000e+00
      2.141   62.63746 -165.70484    12.0510     6.7836    1463.47  0.000e+00
      2.141   62.63746 -165.70484    11.9815     6.9451    1463.40  0.000e+00
      2.141   62.63746 -165.70484    11.9250     7.2287    1463.53  0.000e+00
      2.141   62.63746 -165.70484    11.7937     7.7746    1463.70  0.000e+00
      2.141   62.63746 -165.70484    11.7446     7.9963    1463.78  0.000e+00
      2.233   62.63746 -165.70484    11.6619     8.3194    1463.86  0.000e+00
      2.141   62.63746 -165.70484    11.5646     8.4441    1463.65  0.000e+00
      2.141   62.63746 -165.70484    11.5367     8.4691    1463.57  0.000e+00
      2.195   62.63746 -165.70484    11.4655     8.6825    1463.56  0.000e+00
      2.141   62.63746 -165.70484    11.4020     8.8637    1463.54  0.000e+00
      2.195   62.63746 -165.70484    11.3176     9.2487    1463.69  0.000e+00
      2.256   62.63746 -165.70484    11.1989     9.6444    1463.72  0.000e+00
      2.195   62.63746 -165.70484    11.1579     9.6533    1463.57  0.000e+00
      2.256   62.63746 -165.70484    11.2298     9.1032    1463.19  0.000e+00
      2.195   62.63746 -165.70484    11.3348     8.5401    1462.90  0.000e+00
      2.256   62.63746 -165.70484    11.4471     8.4140    1463.17  0.000e+00
      2.310   62.63746 -165.70484    11.5242     8.8141    1463.94  0.000e+00
      2.256   62.63746 -165.70484    11.5225     9.2140    1464.41  0.000e+00
      2.256   62.63746 -165.70484    11.4247     9.5665    1464.47  0.000e+00
      2.310   62.63746 -165.70484    11.1814    10.1655    1464.28  0.000e+00
      2.310   62.63746 -165.70484    10.9735    10.6327    1464.06  0.000e+00
      2.310   62.63746 -165.70484    10.8651    10.9175    1463.99  0.000e+00
      2.310   62.63746 -165.70484    10.7849    11.1535    1463.98  0.000e+00
      2.310   62.63746 -165.70484    10.7000    11.3848    1463.93  0.000e+00
      2.372   62.63746 -165.70484    10.6065    11.6907    1463.95  0.000e+00
      2.372   62.63746 -165.70484    10.5102    11.9315    1463.87  0.000e+00
      2.372   62.63746 -165.70484    10.4516    12.0472    1463.79  0.000e+00
      2.372   62.63746 -165.70484    10.4149    12.1063    1463.72  0.000e+00
      2.310   62.63746 -165.70484    10.3920    12.1585    1463.70  0.000e+00
      2.457   62.63746 -165.70484    10.3596    12.2423    1463.68  0.000e+00
      2.426   62.63746 -165.70484    10.3417    12.2709    1463.64  0.000e+00
      2.372   62.63746 -165.70484    10.3372    12.2688    1463.62  0.000e+00
      2.426   62.63746 -165.70484    10.3270    12.3167    1463.64  0.000e+00
      2.426   62.63746 -165.70484    10.3077    12.4034    1463.67  0.000e+00
      2.372   62.63746 -165.70484    10.2625    12.5389    1463.66  0.000e+00
      2.426   62.63746 -165.70484    10.2295    12.6179    1463.64  0.000e+00
      2.426   62.63746 -165.70484    10.2182    12.6388    1463.62  0.000e+00
      2.487   62.63746 -165.70484    10.2153    12.6506    1463.62  0.000e+00
      2.426   62.63746 -165.70484    10.2101    12.6568    1463.61  0.000e+00
      2.426   62.63746 -165.70484    10.1951    12.7114    1463.62  0.000e+00
      2.487   62.63746 -165.70484    10.1784    12.7504    1463.60  0.000e+00
      2.426   62.63746 -165.70484    10.1733    12.7532    1463.58  0.000e+00
      2.487   62.63746 -165.70484    10.1658    12.7951    1463.61  0.000e+00
      2.426   62.63746 -165.70484    10.1471    12.9099    1463.67  0.000e+00
      2.487   62.63746 -165.70484    10.1100    13.0528    1463.71  0.000e+00
      2.426   62.63746 -165.70484    10.0739    13.1508    1463.69  0.000e+00
      2.487   62.63746 -165.70484    10.0452    13.1780    1463.61  0.000e+00
      2.487   62.63746 -165.70484    10.0362    13.1376    1463.53  0.000e+00
      2.487   62.63746 -165.70484    10.0372    13.1281    1463.52  0.000e+00
      2.426   62.63746 -165.70484    10.0216    13.2279    1463.58  0.000e+00
      2.518   62.63746 -165.70484     9.9952    13.3250    1463.60  0.000e+00
      2.487   62.63746 -165.70484     9.9857    13.3145    1463.55  0.000e+00
      2.487   62.63746 -165.70484     9.9998    13.2205    1463.49  0.000e+00
      2.426   62.63746 -165.70484    10.0164    13.1487    1463.46  0.000e+00
      2.541   62.63746 -165.70484    10.0285    13.1309    1463.49  0.000e+00
      2.487   62.63746 -165.70484    10.0314    13.1552    1463.53  0.000e+00
      2.487   62.63746 -165.70484    10.0310    13.1704    1463.55  0.000e+00
      2.487   62.63746 -165.70484    10.0278    13.1845    1463.55  0.000e+00
      2.541   62.63746 -165.70484    10.0162    13.2344    1463.57  0.000e+00
      2.487   62.63746 -165.70484    10.0142    13.2450    1463.57  0.000e+00
      2.541   62.63746 -165.70484    10.0131    13.2403    1463.56  0.000e+00
      2.487   62.63746 -165.70484     9.9960    13.3375    1463.61  0.000e+00
      2.541   62.63746 -165.70484     9.9641    13.4830    1463.67  0.000e+00
      2.487   62.63746 -165.70484     9.9375    13.5965    1463.70  0.000e+00
      2.541   62.63746 -165.70484     9.9114    13.7059    1463.74  0.000e+00
      2.541   62.63746 -165.70484     9.8929    13.7480    1463.72  0.000e+00
      2.487   62.63746 -165.70484     9.8774    13.7919    1463.71  0.000e+00
      2.541   62.63746 -165.70484     9.8318    13.9727    1463.76  0.000e+00
      2.541   62.63746 -165.70484     9.7575    14.1604    1463.70  0.000e+00
      2.541   62.63746 -165.70484     9.7409    14.1708    1463.65  0.000e+00
      2.541   62.63746 -165.70484     9.7512    14.1431    1463.65  0.000e+00
      2.518   62.63746 -165.70484     9.7523    14.1663    1463.69  0.000e+00
      2.541   62.63746 -165.70484     9.7527    14.1624    1463.68  0.000e+00
      2.595   62.63746 -165.70484     9.7308    14.3078    1463.78  0.000e+00
      2.541   62.63746 -165.70484     9.6356    14.6571    1463.83  0.000e+00
      2.541   62.63746 -165.70484     9.5601    14.8942    1463.83  0.000e+00
      2.595   62.63746 -165.70484     9.5149    15.0145    1463.80  0.000e+00
      2.541   62.63746 -165.70484     9.4854    15.0768    1463.76  0.000e+00
      2.595   62.63746 -165.70484     9.4620    15.1253    1463.73  0.000e+00
      2.541   62.63746 -165.70484     9.4378    15.1958    1463.72  0.000e+00
      2.595   62.63746 -165.70484     9.4089    15.2741    1463.71  0.000e+00
      2.541   62.63746 -165.70484     9.3855    15.3196    1463.67  0.000e+00
      2.595   62.63746 -165.70484     9.3690    15.3521    1463.65  0.000e+00
      2.595   62.63746 -165.70484     9.3536    15.3865    1463.63  0.000e+00
      2.595   62.63746 -165.70484     9.3356    15.4372    1463.62  0.000e+00
      2.595   62.63746 -165.70484     9.3158    15.5079    1463.63  0.000e+00
      2.595   62.63746 -165.70484     9.2916    15.5804    1463.63  0.000e+00
      2.595   62.63746 -165.70484     9.2678    15.6615    1463.63  0.000e+00
      2.595   62.63746 -165.70484     9.2429    15.7342    1463.63  0.000e+00
      2.595   62.63746 -165.70484     9.2229    15.7916    1463.62  0.000e+00
      2.595   62.63746 -165.70484     9.2003    15.8511    1463.60  0.000e+00
      2.541   62.63746 -165.70484     9.1852    15.8821    1463.58  0.000e+00
      2.687   62.63746 -165.70484     9.1731    15.9094    1463.57  0.000e+00
      2.656   62.63746 -165.70484     9.1649    15.9278    1463.56  0.000e+00
      2.656   62.63746 -165.70484     9.1633    15.9340    1463.56  0.000e+00
      2.595   62.63746 -165.70484     9.1566    15.9518    1463.56  0.000e+00
      2.656   62.63746 -165.70484     9.1437    15.9788    1463.54  0.000e+00
      2.595   62.63746 -165.70484     9.1305    16.0173    1463.54  0.000e+00
      2.656   62.63746 -165.70484     9.1169    16.0576    1463.53  0.000e+00
      2.656   62.63746 -165.70484     9.1070    16.0834    1463.53  0.000e+00
      2.656   62.63746 -165.70484     9.0969    16.1068    1463.52  0.000e+00
      2.595   62.63746 -165.70484     9.0875    16.1329    1463.51  0.000e+00
      2.656   62.63746 -165.70484     9.0731    16.2022    1463.54  0.000e+00
      2.656   62.63746 -165.70486     9.0516    16.2931    1463.57  0.000e+00
      2.656   62.63746 -165.70486     9.0326    16.3525    1463.57  0.000e+00
      2.656   62.63746 -165.70486     9.0178    16.3672    1463.53  0.000e+00
      2.656   62.63746 -165.70486     9.0142    16.3552    1463.50  0.000e+00
      2.656   62.63746 -165.70486     9.0114    16.3590    1463.49  0.000e+00
      2.656   62.63746 -165.70486     9.0072    16.3703    1463.49  0.000e+00
      2.710   62.63746 -165.70486     9.0044    16.3751    1463.48  0.000e+00
      2.656   62.63746 -165.70486     9.0025    16.3687    1463.47  0.000e+00
      2.633   62.63746 -165.70486     8.9999    16.3580    1463.45  0.000e+00
      2.656   62.63746 -165.70486     8.9947    16.3693    1463.44  0.000e+00
      2.710   62.63746 -165.70486     8.9886    16.3711    1463.42  0.000e+00
      2.656   62.63746 -165.70486     8.9968    16.3275    1463.40  0.000e+00
      2.656   62.63746 -165.70486     9.0124    16.3003    1463.42  0.000e+00
      2.656   62.63746 -165.70486     9.0179    16.2802    1463.42  0.000e+00
      2.656   62.63746 -165.70486     9.0319    16.2354    1463.42  0.000e+00
      2.656   62.63746 -165.70486     9.0420    16.2112    1463.43  0.000e+00
      2.656   62.63746 -165.70486     9.0533    16.1717    1463.43  0.000e+00
      2.656   62.63746 -165.70486     9.0676    16.1113    1463.41  0.000e+00
      2.656   62.63746 -165.70486     9.0800    16.0802    1463.42  0.000e+00
      2.710   62.63746 -165.70486     9.0873    16.0767    1463.44  0.000e+00
