merge_samples_with_btl/SKQ202309T/ctd/skq202309t_004.ros
* Sea-Bird SBE 9 Data File:
* FileName = D:\CTD\SKQ202309T\SKQ202309T_004.hex
* Software Version Seasave V 7.26.7.121
* Temperature SN = 6177
* Conductivity SN = 0369
* Number of Bytes Per Scan = 38
* Number of Voltage Words = 3
* Number of Scans Averaged by the Deck Unit = 1
* NMEA Latitude = 60 30.69 N
* NMEA Longitude = 168 26.21 W
* NMEA UTC (Time) = Jun 11 2023  07:16:30
* NMEA baud rate = 4800
** Ship: R/V Sikuliaq
** Station Number: 004
** Station Name: STN 006
** Bottom Depth: 35
** Operator: Emelia Chamberlain
# nquan = 21
# nvalues = 980                                   
# units = specified
# name 0 = depSM: Depth [salt water, m]
# name 1 = latitude: Latitude [deg]
# name 2 = longitude: Longitude [deg]
# name 3 = prDM: Pressure, Digiquartz [db]
# name 4 = t090C: Temperature [ITS-90, deg C]
# name 5 = t190C: Temperature, 2 [ITS-90, deg C]
# name 6 = potemp090C: Potential Temperature [ITS-90, deg C]
# name 7 = sal00: Salinity, Practical [PSU]
# name 8 = sal11: Salinity, Practical, 2 [PSU]
# name 9 = density00: Density [density, kg/m^3]
# name 10 = sigma-é00: Density [sigma-theta, kg/m^3]
# name 11 = sbox0Mm/Kg: Oxygen, SBE 43 [umol/kg]
# name 12 = sbox1Mm/Kg: Oxygen, SBE 43, 2 [umol/kg]
# name 13 = oxsolMm/Kg: Oxygen Saturation, Garcia & Gordon [umol/kg]
# name 14 = sbeox0PS: Oxygen, SBE 43 [% saturation]
# name 15 = v0: Voltage 0
# name 16 = flECO-AFL: Fluorescence, WET Labs ECO-AFL/FL [mg/m^3]
# name 17 = CStarAt0: Beam Attenuation, WET Labs C-Star [1/m]
# name 18 = scan: Scan Count
# name 19 = nbf: Bottles Fired
# name 20 = flag:  0.000e+00
# interval = seconds: 0.0416667
# start_time = Jun 11 2023 07:21:43 [NMEA time, first data scan]
# bad_flag = -9.990e-29
*END*
[from data line 69]
     27.752   60.51226 -168.43802     28.019     0.7972     0.7966     0.7962    29.9137    29.9243  1024.1015    23.9675    375.571    363.731  354.55209    105.928     0.2967     1.4322     0.7073       6843          2  0.000e+00
     27.644   60.51226 -168.43802     27.910     0.7974     0.7965     0.7965    29.9137    29.9245  1024.1009    23.9675    375.631    363.528  354.54957    105.946     0.2955     1.4249     0.7073       6844          2  0.000e+00
     27.706   60.51226 -168.43802     27.972     0.7973     0.7965     0.7963    29.9139    29.9246  1024.1014    23.9677    375.421    363.523  354.55053    105.887     0.2955     1.4249     0.7172       6845          2  0.000e+00
     27.690   60.51226 -168.43802     27.957     0.7972     0.7962     0.7962    29.9136    29.9252  1024.1011    23.9674    375.453    363.490  354.55244    105.895     0.2967     1.4322     0.7371       6846          2  0.000e+00
     27.644   60.51226 -168.43802     27.910     0.7972     0.7962     0.7962    29.9139    29.9251  1024.1011    23.9676    375.680    363.698  354.55161    105.959     0.2955     1.4249     0.7446       6847          2  0.000e+00
     27.690   60.51226 -168.43802     27.957     0.7973     0.7967     0.7963    29.9139    29.9244  1024.1013    23.9677    375.712    363.692  354.55051    105.969     0.2967     1.4322     0.7446       6848          2  0.000e+00
     27.706   60.51226 -168.43802     27.972     0.7974     0.7967     0.7965    29.9139    29.9244  1024.1014    23.9677    375.743    363.717  354.54890    105.978     0.2955     1.4249     0.7433       6849          2  0.000e+00
     27.644   60.51226 -168.43802     27.910     0.7976     0.7965     0.7967    29.9137    29.9247  1024.1009    23.9674    375.770    363.712  354.54815    105.986     0.2930     1.4102     0.7433       6850          2  0.000e+00
     27.690   60.51226 -168.43802     27.957     0.7978     0.7967     0.7968    29.9136    29.9245  1024.1011    23.9674    375.561    363.738  354.54669    105.927     0.2894     1.3883     0.7433       6851          2  0.000e+00
     27.706   60.51226 -168.43802     27.972     0.7976     0.7967     0.7967    29.9136    29.9247  1024.1011    23.9674    375.796    363.736  354.54824    105.993     0.2906     1.3956     0.7433       6852          2  0.000e+00
     27.690   60.51226 -168.43802     27.957     0.7976     0.7968     0.7967    29.9138    29.9246  1024.1012    23.9675    375.587    363.759  354.54778    105.934     0.2894     1.3883     0.7433       6853          2  0.000e+00
     27.644   60.51226 -168.43802     27.910     0.7976     0.7968     0.7967    29.9133    29.9244  1024.1005    23.9671    375.623    363.757  354.54924    105.944     0.2906     1.3956     0.7433       6854          2  0.000e+00
     27.706   60.51226 -168.43802     27.973     0.7976     0.7967     0.7967    29.9133    29.9246  1024.1009    23.9671    375.623    363.974  354.54922    105.944     0.2906     1.3956     0.7433       6855          2  0.000e+00
     27.636   60.51226 -168.43802     27.902     0.7974     0.7968     0.7965    29.9137    29.9247  1024.1009    23.9675    375.859    363.808  354.54956    106.010     0.2894     1.3883     0.7433       6856          2  0.000e+00
     27.706   60.51226 -168.43802     27.973     0.7973     0.7967     0.7963    29.9141    29.9246  1024.1015    23.9678    375.663    363.812  354.54999    105.955     0.2906     1.3956     0.7433       6857          2  0.000e+00
     27.636   60.51226 -168.43802     27.902     0.7973     0.7967     0.7963    29.9140    29.9245  1024.1011    23.9677    375.901    363.836  354.55032    106.022     0.2894     1.3883     0.7433       6858          2  0.000e+00
     27.706   60.51226 -168.43802     27.973     0.7974     0.7963     0.7965    29.9139    29.9247  1024.1014    23.9677    375.944    363.842  354.54890    106.035     0.2906     1.3956     0.7433       6859          2  0.000e+00
     27.636   60.51226 -168.43802     27.902     0.7973     0.7965     0.7963    29.9140    29.9244  1024.1011    23.9677    375.985    363.867  354.55032    106.046     0.2894     1.3883     0.7433       6860          2  0.000e+00
     27.644   60.51226 -168.43802     27.910     0.7970     0.7962     0.7961    29.9138    29.9246  1024.1010    23.9676    376.031    363.657  354.55346    106.058     0.2906     1.3956     0.7433       6861          2  0.000e+00
     27.706   60.51226 -168.43802     27.973     0.7968     0.7961     0.7959    29.9140    29.9249  1024.1015    23.9677    375.837    363.849  354.55442    106.003     0.2894     1.3883     0.7421       6862          2  0.000e+00
     27.636   60.51226 -168.43802     27.903     0.7970     0.7961     0.7961    29.9137    29.9246  1024.1009    23.9675    376.075    363.849  354.55356    106.070     0.2906     1.3956     0.7433       6863          2  0.000e+00
     27.644   60.51226 -168.43802     27.910     0.7969     0.7961     0.7960    29.9139    29.9249  1024.1011    23.9677    375.834    363.879  354.55361    106.002     0.2894     1.3883     0.7433       6864          2  0.000e+00
     27.637   60.51226 -168.43802     27.903     0.7970     0.7962     0.7961    29.9139    29.9244  1024.1011    23.9677    376.076    363.911  354.55301    106.070     0.2906     1.3956     0.7421       6865          2  0.000e+00
     27.644   60.51226 -168.43802     27.910     0.7968     0.7960     0.7959    29.9139    29.9250  1024.1011    23.9677    376.122    363.945  354.55466    106.083     0.2906     1.3956     0.7334       6866          2  0.000e+00
     27.644   60.51226 -168.43802     27.910     0.7970     0.7962     0.7961    29.9138    29.9247  1024.1011    23.9676    376.164    363.949  354.55324    106.095     0.2894     1.3883     0.7296       6867          2  0.000e+00
     27.691   60.51226 -168.43802     27.957     0.7972     0.7962     0.7962    29.9137    29.9246  1024.1012    23.9675    376.165    364.172  354.55200    106.096     0.2906     1.3956     0.7296       6868          2  0.000e+00
     27.644   60.51226 -168.43802     27.910     0.7972     0.7962     0.7962    29.9138    29.9246  1024.1010    23.9676    376.161    363.987  354.55193    106.095     0.2894     1.3883     0.7296       6869          2  0.000e+00
     27.637   60.51226 -168.43802     27.903     0.7972     0.7963     0.7962    29.9140    29.9245  1024.1011    23.9677    376.397    364.018  354.55138    106.161     0.2906     1.3956     0.7296       6870          2  0.000e+00
     27.644   60.51226 -168.43802     27.911     0.7973     0.7959     0.7963    29.9135    29.9249  1024.1008    23.9673    376.192    364.028  354.55164    106.104     0.2894     1.3883     0.7296       6871          2  0.000e+00
     27.710   60.51228 -168.43804     27.977     0.7967     0.7962     0.7957    29.9137    29.9249  1024.1013    23.9675    375.758    363.612  354.55672    105.980     0.2821     1.3443     0.6962       7035          3  0.000e+00
     27.710   60.51228 -168.43804     27.977     0.7968     0.7961     0.7959    29.9137    29.9251  1024.1013    23.9675    375.524    363.604  354.55508    105.914     0.2808     1.3370     0.6974       7036          3  0.000e+00
     27.641   60.51228 -168.43804     27.907     0.7970     0.7965     0.7961    29.9132    29.9247  1024.1006    23.9671    375.488    363.618  354.55487    105.904     0.2821     1.3443     0.6974       7037          3  0.000e+00
     27.648   60.51228 -168.43804     27.915     0.7965     0.7965     0.7956    29.9140    29.9247  1024.1012    23.9678    375.462    363.640  354.55739    105.896     0.2808     1.3370     0.6962       7038          3  0.000e+00
     27.695   60.51228 -168.43804     27.961     0.7967     0.7967     0.7957    29.9137    29.9244  1024.1012    23.9676    375.435    363.635  354.55659    105.889     0.2808     1.3370     0.6962       7039          3  0.000e+00
     27.648   60.51228 -168.43804     27.915     0.7965     0.7967     0.7956    29.9139    29.9247  1024.1011    23.9677    375.649    363.627  354.55772    105.949     0.2808     1.3370     0.6962       7040          3  0.000e+00
     27.641   60.51228 -168.43804     27.907     0.7965     0.7967     0.7956    29.9135    29.9246  1024.1008    23.9674    375.184    363.621  354.55880    105.817     0.2808     1.3370     0.6962       7041          3  0.000e+00
     27.764   60.51228 -168.43804     28.032     0.7964     0.7965     0.7954    29.9136    29.9246  1024.1014    23.9674    375.367    363.651  354.55960    105.869     0.2821     1.3443     0.6974       7042          3  0.000e+00
     27.649   60.51228 -168.43804     27.915     0.7967     0.7963     0.7957    29.9136    29.9250  1024.1009    23.9675    375.578    363.670  354.55685    105.929     0.2808     1.3370     0.6974       7043          3  0.000e+00
     27.695   60.51228 -168.43804     27.961     0.7965     0.7965     0.7956    29.9141    29.9247  1024.1015    23.9678    375.602    363.696  354.55724    105.935     0.2808     1.3370     0.6962       7044          3  0.000e+00
     27.649   60.51228 -168.43804     27.915     0.7965     0.7963     0.7956    29.9139    29.9253  1024.1012    23.9677    375.380    363.721  354.55761    105.873     0.2808     1.3370     0.6974       7045          3  0.000e+00
     27.695   60.51228 -168.43804     27.962     0.7967     0.7963     0.7957    29.9137    29.9254  1024.1012    23.9675    375.603    363.507  354.55670    105.936     0.2808     1.3370     0.6974       7046          3  0.000e+00
     27.710   60.51228 -168.43804     27.977     0.7967     0.7965     0.7957    29.9139    29.9250  1024.1014    23.9676    375.670    363.723  354.55628    105.955     0.2808     1.3370     0.7048       7047          3  0.000e+00
     27.649   60.51228 -168.43804     27.915     0.7965     0.7965     0.7956    29.9139    29.9250  1024.1012    23.9677    375.452    363.721  354.55761    105.893     0.2821     1.3443     0.7334       7048          3  0.000e+00
     27.695   60.51228 -168.43804     27.962     0.7967     0.7965     0.7957    29.9137    29.9249  1024.1012    23.9675    375.437    363.724  354.55670    105.889     0.2808     1.3370     0.7446       7049          3  0.000e+00
     27.649   60.51228 -168.43804     27.915     0.7965     0.7965     0.7956    29.9139    29.9245  1024.1011    23.9677    375.422    363.724  354.55772    105.885     0.2821     1.3443     0.7446       7050          3  0.000e+00
     27.695   60.51228 -168.43804     27.962     0.7965     0.7965     0.7956    29.9139    29.9245  1024.1013    23.9677    375.653    363.728  354.55779    105.950     0.2808     1.3370     0.7433       7051          3  0.000e+00
     27.649   60.51228 -168.43804     27.915     0.7964     0.7965     0.7954    29.9146    29.9248  1024.1017    23.9683    375.439    363.726  354.55681    105.890     0.2808     1.3370     0.7421       7052          3  0.000e+00
     27.710   60.51228 -168.43804     27.977     0.7965     0.7967     0.7956    29.9141    29.9246  1024.1016    23.9678    375.432    363.543  354.55726    105.888     0.2821     1.3443     0.7433       7053          3  0.000e+00
     27.695   60.51228 -168.43804     27.962     0.7965     0.7965     0.7956    29.9141    29.9247  1024.1015    23.9678    375.663    363.734  354.55724    105.953     0.2698     1.2710     0.7433       7054          3  0.000e+00
     27.710   60.51228 -168.43804     27.977     0.7965     0.7965     0.7956    29.9139    29.9249  1024.1014    23.9677    375.457    363.738  354.55770    105.894     0.2613     1.2198     0.7433       7055          3  0.000e+00
     27.695   60.51228 -168.43804     27.962     0.7965     0.7967     0.7956    29.9139    29.9248  1024.1013    23.9677    375.449    363.710  354.55779    105.892     0.2576     1.1978     0.7433       7056          3  0.000e+00
     27.649   60.51228 -168.43804     27.915     0.7967     0.7967     0.7957    29.9135    29.9248  1024.1008    23.9674    375.682    363.710  354.55717    105.958     0.2589     1.2051     0.7433       7057          3  0.000e+00
     27.695   60.51228 -168.43804     27.962     0.7967     0.7968     0.7957    29.9140    29.9244  1024.1015    23.9678    375.719    363.714  354.55582    105.969     0.2589     1.2051     0.7433       7058          3  0.000e+00
     27.649   60.51228 -168.43804     27.915     0.7967     0.7967     0.7957    29.9136    29.9249  1024.1009    23.9675    375.755    363.715  354.55685    105.979     0.2601     1.2124     0.7433       7059          3  0.000e+00
     27.711   60.51228 -168.43804     27.977     0.7967     0.7965     0.7957    29.9136    29.9248  1024.1012    23.9675    375.554    363.722  354.55694    105.922     0.2589     1.2051     0.7433       7060          3  0.000e+00
     27.695   60.51228 -168.43804     27.962     0.7967     0.7970     0.7957    29.9135    29.9242  1024.1010    23.9673    375.791    363.720  354.55735    105.989     0.2601     1.2124     0.7421       7061          3  0.000e+00
     27.711   60.51228 -168.43804     27.977     0.7965     0.7967     0.7956    29.9140    29.9247  1024.1015    23.9678    375.590    363.725  354.55748    105.932     0.2601     1.2124     0.7421       7062          3  0.000e+00
     27.695   60.51228 -168.43804     27.962     0.7965     0.7967     0.7956    29.9141    29.9250  1024.1015    23.9679    375.587    363.726  354.55713    105.931     0.2601     1.2124     0.7433       7063          3  0.000e+00
     27.649   60.51228 -168.43804     27.915     0.7965     0.7965     0.7956    29.9141    29.9248  1024.1013    23.9679    375.585    363.943  354.55707    105.931     0.2601     1.2124     0.7433       7064          3  0.000e+00
     27.711   60.51228 -168.43804     27.977     0.7964     0.7967     0.7954    29.9140    29.9245  1024.1015    23.9678    375.110    363.973  354.55843    105.796     0.2589     1.2051     0.7433       7065          3  0.000e+00
     27.695   60.51228 -168.43804     27.962     0.7960     0.7965     0.7951    29.9146    29.9244  1024.1020    23.9683    375.756    364.002  354.55972    105.978     0.2601     1.2124     0.7421       7066          3  0.000e+00
     27.711   60.51228 -168.43804     27.978     0.7960     0.7965     0.7951    29.9146    29.9241  1024.1020    23.9682    375.565    364.029  354.55996    105.924     0.2589     1.2051     0.7421       7067          3  0.000e+00
     27.695   60.51228 -168.43804     27.962     0.7964     0.7967     0.7954    29.9142    29.9239  1024.1016    23.9679    375.811    364.053  354.55786    105.994     0.2601     1.2124     0.7271       7068          3  0.000e+00
     27.711   60.51228 -168.43804     27.978     0.7964     0.7965     0.7954    29.9142    29.9244  1024.1017    23.9679    375.863    363.863  354.55788    106.009     0.2589     1.2051     0.7197       7069          3  0.000e+00
     27.641   60.51228 -168.43804     27.907     0.7962     0.7965     0.7953    29.9140    29.9246  1024.1012    23.9678    375.913    364.070  354.55985    106.022     0.2601     1.2124     0.7184       7070          3  0.000e+00
     27.765   60.51228 -168.43804     28.032     0.7967     0.7966     0.7957    29.9134    29.9246  1024.1013    23.9673    375.967    364.098  354.55756    106.038     0.2601     1.2124     0.7197       7071          3  0.000e+00
     27.711   60.51228 -168.43804     27.978     0.7967     0.7963     0.7957    29.9134    29.9248  1024.1010    23.9673    376.015    364.119  354.55748    106.052     0.2589     1.2051     0.7209       7072          3  0.000e+00
     27.695   60.51228 -168.43804     27.962     0.7965     0.7962     0.7956    29.9138    29.9254  1024.1013    23.9676    375.825    364.139  354.55801    105.998     0.2601     1.2124     0.7197       7073          3  0.000e+00
