merge_samples_with_btl/SKQ202309T/ctd/skq202309t_006.cnv
* Sea-Bird SBE 9 Data File:
* FileName = D:\CTD\SKQ202309T\SKQ202309T_006.hex
* Software Version Seasave V 7.26.7.121
* Temperature SN = 6177
* Conductivity SN = 0369
* Number of Bytes Per Scan = 38
* Number of Voltage Words = 3
* Number of Scans Averaged by the Deck Unit = 1
* NMEA Latitude = 63 13.86 N
* NMEA Longitude = 165 38.62 W
* NMEA UTC (Time) = Jun 12 2023  07:50:19
* NMEA baud rate = 4800
** Ship: R/V Sikuliaq
** Station Number: 006
** Station Name: STN 009
** Bottom Depth: 23
** Operator: Seth Zippel
# nquan = 23
# nvalues = 4827                                  
# units = specified
# name 0 = depSM: Depth [salt water, m]
# name 1 = latitude: Latitude [deg]
# name 2 = longitude: Longitude [deg]
# name 3 = prDM: Pressure, Digiquartz [db]
# name 4 = t090C: Temperature [ITS-90, deg C]
# name 5 = t190C: Temperature, 2 [ITS-90, deg C]
# name 6 = potemp090C: Potential Temperature [ITS-90, deg C]
# name 7 = sal00: Salinity, Practical [PSU]
# name 8 = sal11: Salinity, Practical, 2 [PSU]
# name 9 = density00: Density [density, kg/m^3]
# name 10 = sigma-é00: Density [sigma-theta, kg/m^3]
# name 11 = sbox0Mm/Kg: Oxygen, SBE 43 [umol/kg]
# name 12 = sbox1Mm/Kg: Oxygen, SBE 43, 2 [umol/kg]
# name 13 = oxsolMm/Kg: Oxygen Saturation, Garcia & Gordon [umol/kg]
# name 14 = sbeox0PS: Oxygen, SBE 43 [% saturation]
# name 15 = sbeox1PS: Oxygen, SBE 43, 2 [% saturation]
# name 16 = v0: Voltage 0
# name 17 = flECO-AFL: Fluorescence, WET Labs ECO-AFL/FL [mg/m^3]
# name 18 = v1: Voltage 1
# name 19 = CStarAt0: Beam Attenuation, WET Labs C-Star [1/m]
# name 20 = scan: Scan Count
# name 21 = timeM: Time, Elapsed [minutes]
# name 22 = flag:  0.000e+00
# span 0 =      1.097,     14.739                 
# span 1 =   63.23124,   63.23136                 
# span 2 = -165.64270, -165.64250                 
# span 3 =      1.108,     14.884                 
# span 4 =    -1.0156,    12.3016                 
# span 5 =    -1.0150,    12.3850                 
# span 6 =    -1.0159,    12.3015                 
# span 7 =     9.2773,    30.5974                 
# span 8 =     9.1550,    30.6135                 
# span 9 =  1006.6546,  1024.6491                 
# span 10 =     6.6493,    24.5865                
# span 11 =    297.757,    398.098                
# span 12 =    295.620,    386.848                
# span 13 =  311.05047,  369.98031                
# span 14 =     91.607,    109.943                
# span 15 =     90.308,    105.614                
# span 16 =     0.1245,     0.4261                
# span 17 =     0.3993,     2.2088                
# span 18 =     0.3602,     4.2869                
# span 19 =     0.3785,    10.2974                
# span 20 =          1,       4827                
# span 21 =     0.0000,     3.3514                
# span 22 = 0.0000e+00, 0.0000e+00                
# interval = seconds: 0.0416667
# start_time = Jun 12 2023 07:55:11 [NMEA time, first data scan]
# bad_flag = -9.990e-29
*END*
[from data line 945]
      3.500   63.23126 -165.64264      3.535     3.9804     3.9218     3.9802    25.9475    26.0130  1020.6118    20.5951    345.770    336.355  337.16615    102.552     99.664     0.1832     0.7509     3.4383     1.2611        946     0.6563  0.000e+00
      3.554   63.23126 -165.64264      3.589     3.9653     3.9309     3.9651    25.9551    26.0069  1020.6193    20.6024    344.528    335.818  337.27227    102.151     99.523     0.1746     0.6996     3.4151     1.2882        947     0.6569  0.000e+00
      3.500   63.23126 -165.64264      3.535     3.9510     3.9365     3.9509    25.9657    26.0056  1020.6286    20.6119    343.325    335.106  337.36381    101.767     99.325     0.1746     0.6996     3.4054     1.2996        948     0.6576  0.000e+00
      3.554   63.23126 -165.64264      3.589     3.9439     3.9376     3.9437    25.9698    26.0088  1020.6327    20.6157    342.069    334.613  337.41273    101.380     99.184     0.1746     0.6996     3.4054     1.2996        949     0.6583  0.000e+00
      3.500   63.23126 -165.64264      3.535     3.9365     3.9366     3.9363    25.9731    26.0166  1020.6356    20.6189    340.846    333.915  337.46623    101.002     98.981     0.1758     0.7069     3.4066     1.2982        950     0.6590  0.000e+00
      3.554   63.23126 -165.64264      3.589     3.9348     3.9361     3.9346    25.9671    26.0250  1020.6313    20.6143    339.636    333.381  337.49555    100.634     98.827     0.1746     0.6996     3.4066     1.2982        951     0.6597  0.000e+00
      3.500   63.23126 -165.64264      3.535     3.9422     3.9384     3.9420    25.9511    26.0291  1020.6177    20.6010    338.149    332.617  337.47481    100.200     98.609     0.1758     0.7069     3.4066     1.2982        952     0.6604  0.000e+00
      3.554   63.23126 -165.64264      3.589     3.9385     3.9390     3.9384    25.9424    26.0365  1020.6113    20.5944    337.053    331.859  337.52719     99.860     98.392     0.1746     0.6996     3.4066     1.2982        953     0.6611  0.000e+00
      3.554   63.23126 -165.64264      3.589     3.9321     3.9390     3.9319    25.9346    26.0458  1020.6057    20.5887    336.252    331.293  337.60058     99.601     98.231     0.1758     0.7069     3.4066     1.2982        954     0.6618  0.000e+00
      3.500   63.23126 -165.64264      3.535     3.9290     3.9428     3.9288    25.9311    26.0537  1020.6028    20.5861    335.242    330.515  337.63558     99.291     98.015     0.1746     0.6996     3.4066     1.2982        955     0.6625  0.000e+00
      3.531   63.23126 -165.64264      3.566     3.9294     3.9475     3.9292    25.9214    26.0564  1020.5953    20.5784    334.058    329.745  337.65665     98.934     97.800     0.1758     0.7069     3.4066     1.2982        956     0.6632  0.000e+00
      3.500   63.23126 -165.64264      3.535     3.9327     3.9491     3.9325    25.8827    26.0576  1020.5641    20.5474    333.611    329.031  337.72787     98.781     97.593     0.1746     0.6996     3.4066     1.2982        957     0.6639  0.000e+00
      3.554   63.23126 -165.64264      3.589     3.9891     3.9508     3.9889    25.7576    26.0553  1020.4606    20.4437    332.610    328.114  337.57572     98.529     97.323     0.1746     0.6996     3.4066     1.2982        958     0.6646  0.000e+00
      3.554   63.23126 -165.64264      3.589     4.0706     3.9686     4.0704    25.6079    26.0383  1020.3354    20.3185    331.709    327.247  337.27733     98.349     97.096     0.1746     0.6996     3.4066     1.2982        959     0.6653  0.000e+00
      3.554   63.23126 -165.64264      3.589     4.1153     3.9851     4.1151    25.5280    26.0168  1020.2685    20.2515    331.065    326.392  337.10856     98.207     96.866     0.1746     0.6996     3.4066     1.2982        960     0.6660  0.000e+00
      3.500   63.23126 -165.64264      3.535     4.1289     3.9856     4.1287    25.5060    26.0058  1020.2497    20.2330    330.620    325.690  337.05171     98.092     96.651     0.1758     0.7069     3.4066     1.2982        961     0.6667  0.000e+00
      3.500   63.23126 -165.64264      3.535     4.1281     3.9819     4.1279    25.5208    25.9963  1020.2614    20.2447    330.285    325.215  337.02083     98.001     96.495     0.1746     0.6996     3.4066     1.2982        962     0.6674  0.000e+00
      3.554   63.23126 -165.64264      3.589     4.1155     3.9999     4.1153    25.5607    25.9707  1020.2944    20.2774    330.067    324.628  337.02444     97.936     96.344     0.1758     0.7069     3.4066     1.2982        963     0.6681  0.000e+00
      3.500   63.23126 -165.64264      3.535     4.1036     4.0981     4.1034    25.5832    25.8775  1020.3129    20.2963    329.958    323.509  337.06594     97.891     96.178     0.1746     0.6996     3.4359     1.2639        964     0.6687  0.000e+00
      3.554   63.23126 -165.64264      3.589     4.0708     4.2182     4.0706    25.5912    25.7622  1020.3221    20.3052    330.149    322.113  337.31855     97.875     95.962     0.1758     0.7069     3.4579     1.2384        965     0.6694  0.000e+00
      3.500   63.23126 -165.64264      3.535     4.0521     4.2874     4.0520    25.5960    25.6736  1020.3272    20.3105    330.301    321.320  337.46124     97.878     95.825     0.1734     0.6923     3.4615     1.2342        966     0.6701  0.000e+00
      3.500   63.23126 -165.64264      3.535     4.1942     4.3665     4.1940    25.4874    25.5612  1020.2297    20.2130    329.620    320.529  336.55776     97.939     95.694     0.1758     0.7069     3.4591     1.2370        967     0.6708  0.000e+00
      3.554   63.23126 -165.64264      3.589     4.3404     4.4661     4.3402    25.3708    25.4280  1020.1255    20.1086    329.041    319.448  335.64502     98.032     95.509     0.1746     0.6996     3.4591     1.2370        968     0.6715  0.000e+00
      3.500   63.23126 -165.64264      3.535     4.3081     4.6218     4.3079    25.4061    25.2614  1020.1559    20.1392    329.686    318.196  335.82194     98.173     95.378     0.1758     0.7069     3.4579     1.2384        969     0.6722  0.000e+00
      3.531   63.23126 -165.64264      3.566     4.3595     4.6811     4.3593    25.4000    25.1847  1020.1470    20.1301    329.578    317.585  335.41402     98.260     95.278     0.1746     0.6996     3.4591     1.2370        970     0.6729  0.000e+00
      3.554   63.23126 -165.64264      3.589     4.3901     4.5891     4.3899    25.4026    25.2425  1020.1466    20.1297    329.885    317.768  335.15648     98.427     95.160     0.1807     0.7362     3.4591     1.2370        971     0.6736  0.000e+00
      3.554   63.23126 -165.64264      3.589     4.3776     4.4581     4.3774    25.4247    25.3479  1020.1651    20.1482    330.553    318.196  335.20308     98.613     95.059     0.1905     0.7949     3.4579     1.2384        972     0.6743  0.000e+00
      3.500   63.23126 -165.64264      3.535     4.3347     4.3062     4.3345    25.4703    25.4724  1020.2045    20.1879    331.279    318.963  335.44110     98.759     95.023     0.1917     0.8022     3.4591     1.2370        973     0.6750  0.000e+00
      3.554   63.23126 -165.64264      3.589     4.3267     4.1808     4.3265    25.4897    25.5702  1020.2209    20.2040    332.031    319.412  335.45852     98.978     94.933     0.1917     0.8022     3.4591     1.2370        974     0.6757  0.000e+00
      3.500   63.23126 -165.64264      3.535     4.2935     4.1495     4.2933    25.5311    25.5865  1020.2562    20.2395    332.981    319.458  335.62755     99.211     94.886     0.1905     0.7949     3.4591     1.2370        975     0.6764  0.000e+00
      3.554   63.23126 -165.64264      3.589     4.2492     4.2493     4.2490    25.5785    25.4739  1020.2976    20.2807    334.054    318.540  335.87317     99.459     94.765     0.1917     0.8022     3.4579     1.2384        976     0.6771  0.000e+00
      3.500   63.23126 -165.64264      3.535     4.2353     4.4759     4.2351    25.5945    25.2315  1020.3112    20.2945    334.966    317.248  335.94701     99.708     94.734     0.1905     0.7949     3.4591     1.2370        977     0.6778  0.000e+00
      3.608   63.23126 -165.64264      3.644     4.2430     4.5590     4.2428    25.5900    25.0935  1020.3076    20.2904    335.772    316.774  335.89507     99.963     94.687     0.1905     0.7949     3.4591     1.2370        978     0.6785  0.000e+00
      3.500   63.23126 -165.64264      3.535     4.2757     4.5155     4.2755    25.5638    25.0733  1020.2836    20.2669    336.640    317.111  335.69166    100.282     94.673     0.1905     0.7949     3.4579     1.2384        979     0.6792  0.000e+00
      3.554   63.23126 -165.64264      3.589     4.3049     4.6051     4.3047    25.5410    24.9801  1020.2633    20.2464    337.588    316.528  335.50848    100.620     94.640     0.1905     0.7949     3.4591     1.2370        980     0.6799  0.000e+00
      3.554   63.23126 -165.64264      3.589     4.2884     4.6829     4.2882    25.5541    24.9021  1020.2751    20.2581    338.690    316.024  335.61111    100.917     94.614     0.1905     0.7949     3.4579     1.2384        981     0.6806  0.000e+00
      3.554   63.23126 -165.64264      3.589     4.2998     4.7725     4.2996    25.5508    24.8191  1020.2715    20.2546    339.845    315.667  335.52572    101.287     94.655     0.1905     0.7949     3.4579     1.2384        982     0.6813  0.000e+00
      3.554   63.23126 -165.64264      3.589     4.3206     4.8339     4.3204    25.5403    24.7829  1020.2615    20.2445    340.755    315.450  335.38082    101.602     94.706     0.1905     0.7949     3.4591     1.2370        983     0.6819  0.000e+00
      3.585   63.23126 -165.64264      3.620     4.2978     4.7680     4.2976    25.5638    24.8741  1020.2822    20.2651    342.430    315.853  335.50973    102.063     94.739     0.1905     0.7949     2.7436     2.1643        984     0.6826  0.000e+00
      3.554   63.23126 -165.64264      3.589     4.2771     4.6494     4.2769    25.5853    25.0420  1020.3008    20.2838    343.723    316.722  335.62570    102.413     94.845     0.1917     0.8022     1.9267     3.5788        985     0.6833  0.000e+00
      3.554   63.23126 -165.64264      3.589     4.2567     4.5251     4.2565    25.6146    25.2428  1020.3256    20.3087    345.217    317.409  335.72064    102.829     94.904     0.1905     0.7949     1.7497     3.9646        986     0.6840  0.000e+00
      3.608   63.23126 -165.64264      3.644     4.1937     4.3822     4.1935    25.6939    25.4565  1020.3940    20.3768    346.772    318.440  336.04036    103.194     95.032     0.1905     0.7949     1.7937     3.8653        987     0.6847  0.000e+00
      3.554   63.23126 -165.64264      3.589     4.1073     4.2666     4.1071    25.7944    25.6360  1020.4804    20.4634    348.716    319.162  336.50077    103.630     95.106     0.1905     0.7949     1.8291     3.7871        988     0.6854  0.000e+00
      3.608   63.23126 -165.64264      3.644     4.0643     4.1679     4.0641    25.8486    25.7876  1020.5272    20.5099    350.429    320.028  336.71968    104.071     95.242     0.1905     0.7949     1.8352     3.7737        989     0.6861  0.000e+00
      3.608   63.23126 -165.64264      3.644     4.0465     4.0939     4.0463    25.8801    25.8870  1020.5535    20.5363    351.719    320.646  336.78808    104.433     95.323     0.1905     0.7949     1.8315     3.7817        990     0.6868  0.000e+00
      3.608   63.23126 -165.64264      3.644     4.0390     4.0395     4.0388    25.9086    25.9421  1020.5768    20.5596    353.114    321.416  336.77729    104.851     95.464     0.1905     0.7949     1.8315     3.7817        991     0.6875  0.000e+00
      3.670   63.23126 -165.64264      3.706     4.0364     4.0069     4.0362    25.9466    25.9702  1020.6074    20.5899    354.229    322.078  336.70306    105.205     95.604     0.1905     0.7949     1.8303     3.7844        992     0.6882  0.000e+00
      3.608   63.23126 -165.64264      3.644     4.0132     3.9859     4.0130    26.0130    25.9939  1020.6617    20.6445    355.666    322.678  336.72751    105.624     95.749     0.1905     0.7949     1.8315     3.7817        993     0.6889  0.000e+00
      3.608   63.23126 -165.64264      3.644     3.9770     3.9673     3.9768    26.0748    26.0185  1020.7136    20.6964    357.037    323.289  336.87082    105.986     95.905     0.1905     0.7949     1.8315     3.7817        994     0.6896  0.000e+00
      3.670   63.23126 -165.64264      3.706     3.9543     3.9486     3.9541    26.1324    26.0458  1020.7615    20.7440    358.218    324.104  336.91347    106.323     96.122     0.1905     0.7949     1.8303     3.7844        995     0.6903  0.000e+00
      3.670   63.23126 -165.64264      3.706     3.9698     3.9307     3.9696    26.2275    26.0792  1020.8357    20.8182    358.860    324.746  336.54434    106.631     96.294     0.1893     0.7875     1.8315     3.7817        996     0.6910  0.000e+00
      3.670   63.23126 -165.64264      3.706     4.0113     3.9045     4.0111    26.3061    26.1365  1020.8947    20.8772    359.228    325.607  336.00126    106.913     96.528     0.1807     0.7362     1.8315     3.7817        997     0.6917  0.000e+00
      3.639   63.23126 -165.64264      3.675     4.0349     3.8953     4.0347    26.3346    26.2098  1020.9153    20.8979    359.870    326.125  335.73367    107.189     96.713     0.1758     0.7069     1.8315     3.7817        998     0.6924  0.000e+00
      3.724   63.23126 -165.64264      3.760     4.0417     3.9034     4.0415    26.3439    26.2768  1020.9225    20.9048    360.700    326.705  335.65446    107.462     96.954     0.1746     0.6996     1.8303     3.7844        999     0.6931  0.000e+00
      3.670   63.23126 -165.64264      3.706     4.0328     3.9125     4.0326    26.3540    26.3151  1020.9310    20.9135    361.638    327.185  335.70252    107.726     97.146     0.1758     0.7069     1.8303     3.7844       1000     0.6937  0.000e+00
      3.724   63.23126 -165.64264      3.760     4.0231     3.9369     4.0229    26.3480    26.3296  1020.9273    20.9095    362.547    327.782  335.79730    107.966     97.392     0.1746     0.6996     1.8315     3.7817       1001     0.6944  0.000e+00
      3.724   63.23126 -165.64264      3.760     4.0124     4.0133     4.0122    26.3264    26.3406  1020.9110    20.8932    363.452    327.731  335.94037    108.189     97.569     0.1758     0.7069     1.8315     3.7817       1002     0.6951  0.000e+00
      3.724   63.23126 -165.64264      3.760     3.9935     4.0958     3.9933    26.3231    26.3665  1020.9099    20.8922    364.374    327.796  336.10565    108.411     97.805     0.1746     0.6996     1.8303     3.7844       1003     0.6958  0.000e+00
      3.724   63.23126 -165.64264      3.760     3.9998     4.1316     3.9996    26.3566    26.3971  1020.9360    20.9182    364.861    328.084  335.96857    108.600     98.000     0.1758     0.7069     1.9158     3.6017       1004     0.6965  0.000e+00
      3.786   63.23126 -165.64264      3.823     4.0273     4.1501     4.0271    26.3955    26.4074  1020.9649    20.9469    364.788    328.959  335.64245    108.684     98.314     0.1746     0.6996     2.0818     3.2690       1005     0.6972  0.000e+00
      3.786   63.23126 -165.64264      3.823     4.0659     4.1629     4.0657    26.4096    26.4130  1020.9730    20.9549    364.849    329.530  335.28878    108.816     98.519     0.1758     0.7069     2.1294     3.1785       1006     0.6979  0.000e+00
      3.786   63.23126 -165.64264      3.823     4.0902     4.1662     4.0900    26.4104    26.4144  1020.9716    20.9536    365.034    330.353  335.08638    108.937     98.775     0.1746     0.6996     2.1258     3.1854       1007     0.6986  0.000e+00
