merge_samples_with_btl/SKQ202309T/ctd/skq202309t_001avg.cnv
* Sea-Bird SBE 9 Data File:
* FileName = D:\CTD\SKQ202309T\SKQ202309T_001.hex
* Software Version Seasave V 7.26.7.121
* Temperature SN = 6177
* Conductivity SN = 0369
* Number of Bytes Per Scan = 38
* Number of Voltage Words = 3
* Number of Scans Averaged by the Deck Unit = 1
* NMEA Latitude = 59 50.67 N
* NMEA Longitude = 149 28.05 W
* NMEA UTC (Time) = Jun 06 2023  18:49:21
* NMEA baud rate = 4800
** Ship: R/V Sikuliaq
** Station Number: 001
** Station Name: GAK1
** Bottom Depth: 272
** Operator: AP
# nquan = 25
# nvalues = 261                         
# units = specified
# name 0 = depSM: Depth [salt water, m]
# name 1 = latitude: Latitude [deg]
# name 2 = longitude: Longitude [deg]
# name 3 = prDM: Pressure, Digiquartz [db]
# name 4 = t090C: Temperature [ITS-90, deg C]
# name 5 = t190C: Temperature, 2 [ITS-90, deg C]
# name 6 = potemp090C: Potential Temperature [ITS-90, deg C]
# name 7 = sal00: Salinity, Practical [PSU]
# name 8 = sal11: Salinity, Practical, 2 [PSU]
# name 9 = density00: Density [density, kg/m^3]
# name 10 = sigma-é00: Density [sigma-theta, kg/m^3]
# name 11 = sbox0Mm/Kg: Oxygen, SBE 43 [umol/kg]
# name 12 = sbox1Mm/Kg: Oxygen, SBE 43, 2 [umol/kg]
# name 13 = oxsolMm/Kg: Oxygen Saturation, Garcia & Gordon [umol/kg]
# name 14 = sbeox0PS: Oxygen, SBE 43 [% saturation]
# name 15 = sbeox1PS: Oxygen, SBE 43, 2 [% saturation]
# name 16 = v0: Voltage 0
# name 17 = flECO-AFL: Fluorescence, WET Labs ECO-AFL/FL [mg/m^3]
# name 18 = v1: Voltage 1
# name 19 = CStarAt0: Beam Attenuation, WET Labs C-Star [1/m]
# name 20 = par: PAR/Irradiance, Biospherical/Licor
# name 21 = scan: Scan Count
# name 22 = timeM: Time, Elapsed [minutes]
# name 23 = nbin: number of scans per bin
# name 24 = flag: flag
# span 0 =      1.981,    259.368       
# span 1 =   59.84414,   59.84444       
# span 2 = -149.46843, -149.46794       
# span 3 =      2.000,    262.000       
# span 4 =     4.8658,     8.5183       
# span 5 =     4.8656,     8.5031       
# span 6 =     4.8599,     8.5181       
# span 7 =    30.0935,    33.1950       
# span 8 =    30.1193,    33.2047       
# span 9 =  1023.3589,  1027.3431       
# span 10 =    23.3498,    26.1389      
# span 11 =    138.768,    350.884      
# span 12 =    134.077,    342.131      
# span 13 =  293.91283,  316.35143      
# span 14 =     45.515,    119.384      
# span 15 =     43.981,    116.388      
# span 16 =     0.0582,     0.6660      
# span 17 =     0.0011,     3.6481      
# span 18 =     3.5013,     4.6542      
# span 19 =     0.0496,     1.1890      
# span 20 = -9.835e-06, 1.4646e+02      
# span 21 =        384,      15340      
# span 22 =     0.2657,    10.6517      
# span 23 =         15,        487      
# span 24 = 0.0000e+00, 0.0000e+00      
# interval = decibars: 1                
# start_time = Jun 06 2023 18:55:03 [NMEA time, first data scan]
# bad_flag = -9.990e-29
*END*
[from data line 232]
    231.665   59.84434 -149.46810    234.000     5.8381     5.8380     5.8189    33.0569    33.0668  1027.1172    26.0395    167.390    162.726  305.77722     54.743     53.221     0.0621     0.0244     4.4522     0.2271 5.5936e-06      11951     8.2989         53 0.0000e+00
    232.655   59.84434 -149.46810    235.000     5.8411     5.8409     5.8218    33.0610    33.0709  1027.1247    26.0424    164.599    159.866  305.74643     53.835     52.290     0.0607     0.0158     4.4606     0.2196 5.5943e-06      12006     8.3367         53 0.0000e+00
    233.644   59.84434 -149.46810    236.000     5.8490     5.8487     5.8296    33.0725    33.0823  1027.1373    26.0505    164.739    159.554  305.66441     53.896     52.202     0.0617     0.0218     4.4469     0.2319 6.1214e-06      12054     8.3704         47 0.0000e+00
    234.634   59.84434 -149.46810    237.000     5.8513     5.8512     5.8318    33.0759    33.0859  1027.1443    26.0529    163.553    158.654  305.63997     53.512     51.913     0.0604     0.0146     4.4364     0.2413 6.2327e-06      12106     8.4059         53 0.0000e+00
    235.623   59.84434 -149.46810    238.000     5.8523     5.8523     5.8328    33.0775    33.0876  1027.1500    26.0541    162.210    157.273  305.62901     53.074     51.462     0.0618     0.0223     4.4408     0.2374 5.8494e-06      12161     8.4441         58 0.0000e+00
    236.613   59.84434 -149.46810    239.000     5.8541     5.8540     5.8345    33.0803    33.0905  1027.1566    26.0561    162.436    156.995  305.61007     53.151     51.375     0.0618     0.0227     4.4412     0.2371 6.4892e-06      12220     8.4855         50 0.0000e+00
    237.602   59.84434 -149.46810    240.000     5.8575     5.8572     5.8378    33.0858    33.0966  1027.1652    26.0601    162.530    157.233  305.57329     53.189     51.459     0.0620     0.0239     4.4427     0.2356 5.8817e-06      12260     8.5130         33 0.0000e+00
    238.591   59.84434 -149.46810    241.000     5.8606     5.8605     5.8408    33.0921    33.1020  1027.1743    26.0647    162.264    157.025  305.53686     53.108     51.397     0.0615     0.0206     4.4343     0.2432 5.0774e-06      12297     8.5386         47 0.0000e+00
    239.581   59.84434 -149.46810    242.000     5.8623     5.8608     5.8425    33.0946    33.1024  1027.1807    26.0664    161.123    155.905  305.51863     52.738     51.031     0.0616     0.0213     4.4290     0.2480 6.6598e-06      12375     8.5929         93 0.0000e+00
    240.570   59.84434 -149.46810    243.000     5.8660     5.8659     5.8460    33.0988    33.1089  1027.1881    26.0693    160.672    155.812  305.48287     52.596     51.009     0.0609     0.0174     4.4276     0.2493 5.2335e-06      12437     8.6359         37 0.0000e+00
    241.560   59.84434 -149.46810    244.000     5.8762     5.8762     5.8561    33.1149    33.1248  1027.2041    26.0808    160.289    155.731  305.37369     52.490     51.000     0.0620     0.0241     4.3985     0.2757 5.5628e-06      12471     8.6600         35 0.0000e+00
    242.549   59.84434 -149.46810    245.000     5.8799     5.8797     5.8597    33.1206    33.1305  1027.2127    26.0849    159.290    154.637  305.33465     52.169     50.648     0.0622     0.0254     4.4145     0.2611 4.9745e-06      12511     8.6877         48 0.0000e+00
    243.539   59.84434 -149.46809    246.000     5.8819     5.8793     5.8616    33.1237    33.1311  1027.2195    26.0871    155.643    150.772  305.31334     50.978     49.382     0.0613     0.0195     4.4261     0.2507 5.5283e-06      12590     8.7427         97 0.0000e+00
    244.528   59.84434 -149.46810    247.000     5.8837     5.8836     5.8633    33.1261    33.1366  1027.2258    26.0889    155.340    150.288  305.29497     50.882     49.231     0.0614     0.0203     4.4243     0.2523 5.5066e-06      12659     8.7901         40 0.0000e+00
    245.518   59.84434 -149.46810    248.000     5.8869     5.8868     5.8665    33.1316    33.1417  1027.2343    26.0928    155.307    151.353  305.25938     50.877     49.585     0.0606     0.0156     4.4192     0.2569 6.6034e-06      12691     8.8125         32 0.0000e+00
    246.507   59.84434 -149.46808    249.000     5.8930     5.8929     5.8724    33.1416    33.1514  1027.2461    26.1000    154.413    149.907  305.19350     50.595     49.122     0.0604     0.0141     4.4003     0.2741 6.9923e-06      12736     8.8435         65 0.0000e+00
    247.496   59.84434 -149.46808    250.000     5.8963     5.8958     5.8757    33.1476    33.1566  1027.2549    26.1043    151.505    146.766  305.15636     49.648     48.098     0.0625     0.0270     4.4129     0.2626 7.3879e-06      12812     8.8962         61 0.0000e+00
    248.486   59.84434 -149.46808    251.000     5.9001     5.8999     5.8793    33.1538    33.1637  1027.2640    26.1088    151.353    145.916  305.11556     49.605     47.826     0.0614     0.0202     4.4237     0.2528 7.0581e-06      12860     8.9297         42 0.0000e+00
    249.475   59.84434 -149.46808    252.000     5.9016     5.9013     5.8808    33.1558    33.1651  1027.2699    26.1102    150.097    145.284  305.10035     49.196     47.621     0.0620     0.0240     4.4236     0.2529 6.9927e-06      12924     8.9745         97 0.0000e+00
    250.464   59.84434 -149.46808    253.000     5.9033     5.9030     5.8823    33.1590    33.1689  1027.2769    26.1125    149.407    144.131  305.08104     48.973     47.247     0.0620     0.0236     4.4225     0.2539 4.7233e-06      13014     9.0368         58 0.0000e+00
    251.454   59.84434 -149.46808    254.000     5.9061     5.9060     5.8851    33.1648    33.1747  1027.2856    26.1167    148.414    143.360  305.04815     48.653     46.999     0.0629     0.0291     4.4146     0.2611 6.0630e-06      13099     9.0962         98 0.0000e+00
    252.443   59.84434 -149.46808    255.000     5.9061     5.9059     5.8850    33.1657    33.1758  1027.2910    26.1175    146.963    142.118  305.04570     48.177     46.592     0.0617     0.0222     4.4174     0.2586 6.0285e-06      13195     9.1623        104 0.0000e+00
    253.433   59.84434 -149.46808    256.000     5.9064     5.9063     5.8852    33.1671    33.1751  1027.2967    26.1186    146.929    141.871  305.04033     48.167     46.511     0.0614     0.0203     4.4145     0.2612 6.9491e-06      13280     9.2214         75 0.0000e+00
    254.422   59.84434 -149.46808    257.000     5.9067     5.9066     5.8855    33.1680    33.1785  1027.3019    26.1192    146.596    141.915  305.03614     48.059     46.527     0.0618     0.0225     4.4052     0.2696 6.3263e-06      13403     9.3070         88 0.0000e+00
    255.411   59.84436 -149.46808    258.000     5.9064     5.9054     5.8851    33.1674    33.1757  1027.3060    26.1188    146.959    142.865  305.03980     48.177     46.837     0.0621     0.0245     4.4028     0.2719 5.5141e-06      14070     9.7703        406 0.0000e+00
    256.400   59.84436 -149.46806    259.000     5.9125     5.9122     5.8911    33.1792    33.1885  1027.3191    26.1273    146.246    142.164  304.96944     47.954     46.619     0.0620     0.0235     4.3835     0.2894 6.4275e-06      14475    10.0514         61 0.0000e+00
    257.390   59.84436 -149.46806    260.000     5.9207     5.9208     5.8992    33.1950    33.2047  1027.3352    26.1389    143.276    138.945  304.87534     46.995     45.578     0.0615     0.0210     4.2813     0.3842 5.8398e-06      14506    10.0732         42 0.0000e+00
    258.379   59.84436 -149.46806    261.000     5.9172     5.9161     5.8955    33.1877    33.1960  1027.3345    26.1336    139.527    134.845  304.91713     45.759     44.225     0.0637     0.0343     4.2183     0.4434 5.2925e-06      14663    10.1821        167 0.0000e+00
    259.368   59.84438 -149.46804    262.000     5.9205     5.9218     5.8988    33.1934    33.2020  1027.3431    26.1376    138.768    134.077  304.88066     45.515     43.981     0.0633     0.0315     4.1706     0.4887 5.0505e-06      15340    10.6517        487 0.0000e+00
