merge_samples_with_btl/SKQ202309T/ctd/skq202309t_decktest.cnv
* Sea-Bird SBE 9 Data File:
* FileName = D:\CTD\SKQ202309T\SKQ202309T_decktest.hex
* Software Version Seasave V 7.26.7.121
* Temperature SN = 6177
* Conductivity SN = 0369
* Number of Bytes Per Scan = 41
* Number of Voltage Words = 4
* Number of Scans Averaged by the Deck Unit = 1
* NMEA Latitude = 59 27.85 N
* NMEA Longitude = 146 25.62 W
* NMEA UTC (Time) = May 26 2023  22:41:26
* NMEA baud rate = 4800
** Ship: R/V Sikuliaq
** Station Number:
** Station Name:
** Bottom Depth:
** Operator:
** Deck Test
# nquan = 24
# nvalues = 4677                                  
# units = specified
# name 0 = depSM: Depth [salt water, m]
# name 1 = latitude: Latitude [deg]
# name 2 = longitude: Longitude [deg]
# name 3 = prDM: Pressure, Digiquartz [db]
# name 4 = t090C: Temperature [ITS-90, deg C]
# name 5 = t190C: Temperature, 2 [ITS-90, deg C]
# name 6 = potemp090C: Potential Temperature [ITS-90, deg C]
# name 7 = sal00: Salinity, Practical [PSU]
# name 8 = sal11: Salinity, Practical, 2 [PSU]
# name 9 = density00: Density [density, kg/m^3]
# name 10 = sigma-é00: Density [sigma-theta, kg/m^3]
# name 11 = sbox0Mm/Kg: Oxygen, SBE 43 [umol/kg]
# name 12 = sbox1Mm/Kg: Oxygen, SBE 43, 2 [umol/kg]
# name 13 = oxsolMm/Kg: Oxygen Saturation, Garcia & Gordon [umol/kg]
# name 14 = sbeox0PS: Oxygen, SBE 43 [% saturation]
# name 15 = sbeox1PS: Oxygen, SBE 43, 2 [% saturation]
# name 16 = v0: Voltage 0
# name 17 = flECO-AFL: Fluorescence, WET Labs ECO-AFL/FL [mg/m^3]
# name 18 = v1: Voltage 1
# name 19 = CStarAt0: Beam Attenuation, WET Labs C-Star [1/m]
# name 20 = par: PAR/Irradiance, Biospherical/Licor
# name 21 = scan: Scan Count
# name 22 = timeM: Time, Elapsed [minutes]
# name 23 = flag:  0.000e+00
# span 0 =      0.828,      1.091                 
# span 1 =   59.46438,   59.46448                 
# span 2 = -146.42632, -146.42582                 
# span 3 =      0.835,      1.102                 
# span 4 =    14.1898,    14.5287                 
# span 5 =    14.3208,    14.5808                 
# span 6 =    14.1897,    14.5286                 
# span 7 =     0.0132,     0.0138                 
# span 8 =     0.0000,     0.0628                 
# span 9 =   999.1857,   999.2351                 
# span 10 =    -0.8186,    -0.7700                
# span 11 =    102.284,    203.684                
# span 12 =    -32.088,    210.147                
# span 13 =  318.60328,  320.95276                
# span 14 =     31.954,     63.584                
# span 15 =    -10.037,     65.759                
# span 16 =     0.0000,     5.0000                
# span 17 =    -0.3600,    29.6400                
# span 18 =     0.0000,     4.3663                
# span 19 =     0.2858,    55.2620                
# span 20 = 1.0000e-12, 1.2795e+03                
# span 21 =          1,       4677                
# span 22 =     0.0000,     3.2472                
# span 23 = 0.0000e+00, 0.0000e+00                
# interval = seconds: 0.0416667
# start_time = May 26 2023 22:47:21 [NMEA time, first data scan]
# bad_flag = -9.990e-29
*END*
[from data line 3019]
      0.944   59.46446 -146.42594      0.953    14.2869    14.3560    14.2868     0.0136     0.0247   999.2206    -0.7838    161.604    143.198  320.27632     50.458     44.781     0.0806     0.1235     0.0012    49.3097 1.0000e-12       3020     2.0965  0.000e+00
      0.944   59.46446 -146.42594      0.953    14.2875    14.3557    14.2874     0.0136     0.0251   999.2206    -0.7839    161.531    143.855  320.27252     50.435     44.986     0.0806     0.1235     0.0000    55.2620 1.0000e-12       3021     2.0972  0.000e+00
      1.005   59.46446 -146.42594      1.015    14.2878    14.3554    14.2877     0.0136     0.0260   999.2208    -0.7839    161.818    144.383  320.27031     50.526     45.152     0.0806     0.1235     0.0000    55.2620 1.0000e-12       3022     2.0979  0.000e+00
      0.944   59.46446 -146.42594      0.953    14.2883    14.3552    14.2882     0.0137     0.0272   999.2205    -0.7839    161.577    145.081  320.26679     50.451     45.370     0.0794     0.1162     0.0012    49.3097 8.4714e-06       3023     2.0986  0.000e+00
      0.944   59.46446 -146.42594      0.953    14.2886    14.3551    14.2885     0.0137     0.0289   999.2204    -0.7840    161.270    146.140  320.26430     50.355     45.702     0.0806     0.1235     0.0012    49.3097 1.0000e-12       3024     2.0993  0.000e+00
      0.944   59.46446 -146.42594      0.953    14.2890    14.3545    14.2889     0.0136     0.0311   999.2204    -0.7841    160.552    147.370  320.26216     50.131     46.086     0.0806     0.1235     0.0012    49.3097 1.0000e-12       3025     2.1000  0.000e+00
      0.944   59.46446 -146.42594      0.953    14.2893    14.3545    14.2892     0.0136     0.0324   999.2203    -0.7841    160.044    148.234  320.25965     49.973     46.357     0.0806     0.1235     0.0012    49.3097 8.4714e-06       3026     2.1007  0.000e+00
      0.944   59.46446 -146.42594      0.953    14.2898    14.3542    14.2897     0.0136     0.0335   999.2203    -0.7842    159.558    149.059  320.25623     49.822     46.615     0.0806     0.1235     0.0012    49.3097 1.0000e-12       3027     2.1014  0.000e+00
      1.005   59.46446 -146.42594      1.015    14.2900    14.3540    14.2899     0.0136     0.0347   999.2205    -0.7842    158.867    149.666  320.25498     49.606     46.805     0.0806     0.1235     0.0012    49.3097 1.0000e-12       3028     2.1021  0.000e+00
      0.944   59.46446 -146.42594      0.953    14.2903    14.3539    14.2902     0.0136     0.0357   999.2202    -0.7843    158.293    150.428  320.25275     49.428     47.044     0.0794     0.1162     0.0012    49.3097 1.0000e-12       3029     2.1028  0.000e+00
      0.944   59.46446 -146.42594      0.953    14.2905    14.3537    14.2904     0.0136     0.0367   999.2202    -0.7843    157.651    150.803  320.25118     49.227     47.161     0.0806     0.1235     0.0012    49.3097 1.0000e-12       3030     2.1035  0.000e+00
      0.921   59.46446 -146.42594      0.929    14.2910    14.3534    14.2909     0.0136     0.0379   999.2200    -0.7844    157.532    150.915  320.24808     49.191     47.196     0.0806     0.1235     0.0012    49.3097 1.0000e-12       3031     2.1042  0.000e+00
      0.944   59.46446 -146.42594      0.953    14.2912    14.3534    14.2911     0.0136     0.0389   999.2201    -0.7844    156.885    150.872  320.24686     48.989     47.183     0.0806     0.1235     0.0012    49.3097 1.0000e-12       3032     2.1049  0.000e+00
      1.005   59.46446 -146.42594      1.015    14.2913    14.3532    14.2912     0.0137     0.0397   999.2204    -0.7844    156.442    150.821  320.24582     48.851     47.167     0.0806     0.1235     0.0012    49.3097 1.0000e-12       3033     2.1056  0.000e+00
      0.944   59.46446 -146.42594      0.953    14.2917    14.3528    14.2916     0.0137     0.0401   999.2200    -0.7844    155.987    150.741  320.24332     48.709     47.142     0.0806     0.1235     0.0012    49.3097 1.0000e-12       3034     2.1063  0.000e+00
      0.944   59.46446 -146.42594      0.953    14.2920    14.3527    14.2919     0.0137     0.0400   999.2200    -0.7845    155.334    150.815  320.24105     48.505     47.165     0.0867     0.1601     0.0012    49.3097 8.4714e-06       3035     2.1069  0.000e+00
      0.944   59.46446 -146.42594      0.953    14.2920    14.3527    14.2919     0.0137     0.0395   999.2200    -0.7845    154.637    151.124  320.24112     48.288     47.261     0.0916     0.1895     0.0012    49.3097 1.0000e-12       3036     2.1076  0.000e+00
      0.944   59.46446 -146.42594      0.953    14.2923    14.3527    14.2922     0.0137     0.0379   999.2200    -0.7845    153.722    151.402  320.23849     48.002     47.348     0.0916     0.1895     0.0012    49.3097 1.0000e-12       3037     2.1083  0.000e+00
      0.944   59.46446 -146.42594      0.953    14.2923    14.3524    14.2922     0.0136     0.0356   999.2199    -0.7845    152.746    151.495  320.23865     47.698     47.376     0.0928     0.1968     0.0012    49.3097 1.0000e-12       3038     2.1090  0.000e+00
      0.944   59.46446 -146.42594      0.953    14.2925    14.3524    14.2924     0.0137     0.0324   999.2199    -0.7845    151.517    151.399  320.23730     47.314     47.345     0.0904     0.1821     0.0012    49.3097 8.4714e-06       3039     2.1097  0.000e+00
      0.944   59.46446 -146.42594      0.953    14.2927    14.3522    14.2926     0.0136     0.0300   999.2199    -0.7846    150.384    150.570  320.23646     46.960     47.084     0.0928     0.1968     0.0012    49.3097 1.0000e-12       3040     2.1104  0.000e+00
      1.006   59.46446 -146.42594      1.015    14.2928    14.3520    14.2927     0.0136     0.0279   999.2201    -0.7846    150.005    149.311  320.23520     46.842     46.690     0.0916     0.1895     0.0012    49.3097 8.4714e-06       3041     2.1111  0.000e+00
      0.944   59.46446 -146.42594      0.953    14.2928    14.3520    14.2927     0.0137     0.0268   999.2199    -0.7846    150.475    147.551  320.23509     46.989     46.139     0.0928     0.1968     0.0012    49.3097 8.4714e-06       3042     2.1118  0.000e+00
      0.944   59.46446 -146.42594      0.953    14.2930    14.3520    14.2929     0.0137     0.0251   999.2198    -0.7846    151.276    145.991  320.23386     47.239     45.651     0.0916     0.1895     0.0012    49.3097 1.0000e-12       3043     2.1125  0.000e+00
      0.944   59.46446 -146.42594      0.953    14.2930    14.3520    14.2929     0.0137     0.0245   999.2199    -0.7846    152.918    144.522  320.23384     47.752     45.191     0.0928     0.1968     0.0012    49.3097 8.4714e-06       3044     2.1132  0.000e+00
      0.944   59.46446 -146.42594      0.953    14.2930    14.3519    14.2929     0.0136     0.0251   999.2198    -0.7846    154.891    143.777  320.23394     48.368     44.958     0.0916     0.1895     0.0012    49.3097 1.0000e-12       3045     2.1139  0.000e+00
      0.944   59.46446 -146.42594      0.953    14.2930    14.3517    14.2929     0.0137     0.0264   999.2199    -0.7846    157.032    144.180  320.23384     49.037     45.085     0.0904     0.1821     0.0012    49.3097 1.0000e-12       3046     2.1146  0.000e+00
      1.006   59.46446 -146.42594      1.016    14.2928    14.3517    14.2927     0.0136     0.0217   999.2201    -0.7847    158.814    145.550  320.23534     49.593     45.511     0.0916     0.1895     0.0012    49.3097 1.0000e-12       3047     2.1153  0.000e+00
      0.944   59.46446 -146.42594      0.953    14.2929    14.3517    14.2928     0.0136     0.0148   999.2198    -0.7847    160.423    146.993  320.23500     50.095     45.961     0.0904     0.1821     0.0012    49.3097 1.0000e-12       3048     2.1160  0.000e+00
      0.944   59.46446 -146.42594      0.953    14.2928    14.3515    14.2927     0.0136     0.0131   999.2198    -0.7846    160.922    148.058  320.23522     50.251     46.293     0.0916     0.1895     0.0012    49.3097 8.4714e-06       3049     2.1167  0.000e+00
      1.006   59.46446 -146.42594      1.016    14.2927    14.3513    14.2926     0.0136     0.0130   999.2201    -0.7846    161.314    149.001  320.23649     50.373     46.588     0.0904     0.1821     0.0012    49.3097 1.0000e-12       3050     2.1174  0.000e+00
      0.944   59.46446 -146.42594      0.953    14.2927    14.3512    14.2926     0.0136     0.0131   999.2199    -0.7846    162.291    150.641  320.23649     50.678     47.100     0.0916     0.1895     0.0012    49.3097 8.4714e-06       3051     2.1181  0.000e+00
      0.944   59.46446 -146.42594      0.953    14.2927    14.3512    14.2926     0.0136     0.0131   999.2199    -0.7846    163.491    151.783  320.23647     51.053     47.457     0.0904     0.1821     0.0012    49.3097 8.4714e-06       3052     2.1187  0.000e+00
      0.944   59.46446 -146.42594      0.953    14.2922    14.3513    14.2921     0.0136     0.0128   999.2199    -0.7845    164.297    151.771  320.23991     51.304     47.453     0.0916     0.1895     0.0012    49.3097 1.0000e-12       3053     2.1194  0.000e+00
      1.006   59.46446 -146.42594      1.016    14.2923    14.3512    14.2922     0.0137     0.0126   999.2202    -0.7845    164.663    151.337  320.23863     51.419     47.318     0.0904     0.1821     0.0012    49.3097 8.4714e-06       3054     2.1201  0.000e+00
      0.944   59.46446 -146.42594      0.953    14.2920    14.3512    14.2919     0.0136     0.0129   999.2200    -0.7845    165.110    150.704  320.24117     51.558     47.120     0.0916     0.1895     0.0012    49.3097 1.0000e-12       3055     2.1208  0.000e+00
      1.006   59.46446 -146.42594      1.016    14.2917    14.3510    14.2916     0.0136     0.0130   999.2203    -0.7844    165.890    150.261  320.24334     51.801     46.981     0.0904     0.1821     0.0012    49.3097 1.0000e-12       3056     2.1215  0.000e+00
      0.944   59.46446 -146.42594      0.953    14.2917    14.3512    14.2916     0.0137     0.0128   999.2200    -0.7844    165.860    149.690  320.24331     51.792     46.803     0.0916     0.1895     0.0012    49.3097 1.0000e-12       3057     2.1222  0.000e+00
      0.944   59.46446 -146.42594      0.953    14.2912    14.3513    14.2911     0.0136     0.0128   999.2201    -0.7844    166.318    149.368  320.24681     51.934     46.702     0.0904     0.1821     0.0000    55.2620 8.4714e-06       3058     2.1229  0.000e+00
      1.006   59.46446 -146.42594      1.016    14.2910    14.3513    14.2909     0.0136     0.0129   999.2204    -0.7843    166.547    149.299  320.24805     52.006     46.681     0.0916     0.1895     0.0012    49.3097 1.0000e-12       3059     2.1236  0.000e+00
      0.944   59.46446 -146.42594      0.953    14.2905    14.3510    14.2904     0.0137     0.0132   999.2202    -0.7842    166.760    149.131  320.25141     52.072     46.628     0.0867     0.1601     0.0012    49.3097 8.4714e-06       3060     2.1243  0.000e+00
      1.006   59.46446 -146.42594      1.016    14.2901    14.3513    14.2900     0.0137     0.0130   999.2205    -0.7842    166.963    149.158  320.25392     52.135     46.637     0.0806     0.1235     0.0000    55.2620 8.4714e-06       3061     2.1250  0.000e+00
      0.944   59.46446 -146.42594      0.953    14.2898    14.3517    14.2897     0.0136     0.0128   999.2203    -0.7842    167.343    149.012  320.25618     52.253     46.591     0.0781     0.1089     0.0012    49.3097 8.4714e-06       3062     2.1257  0.000e+00
      1.006   59.46446 -146.42594      1.016    14.2895    14.3515    14.2894     0.0136     0.0128   999.2206    -0.7841    167.523    149.041  320.25875     52.309     46.600     0.0781     0.1089     0.0012    49.3097 1.0000e-12       3063     2.1264  0.000e+00
      0.944   59.46446 -146.42594      0.953    14.2890    14.3517    14.2889     0.0136     0.0132   999.2204    -0.7841    167.266    149.073  320.26213     52.228     46.610     0.0781     0.1089     0.0012    49.3097 8.4714e-06       3064     2.1271  0.000e+00
      1.006   59.46446 -146.42594      1.016    14.2883    14.3522    14.2882     0.0137     0.0128   999.2208    -0.7839    167.906    149.115  320.26680     52.427     46.624     0.0781     0.1089     0.0012    49.3097 8.4714e-06       3065     2.1278  0.000e+00
      1.006   59.46446 -146.42594      1.016    14.2880    14.3519    14.2879     0.0136     0.0127   999.2208    -0.7839    168.168    149.154  320.26902     52.508     46.636     0.0781     0.1089     0.0012    49.3097 1.0000e-12       3066     2.1285  0.000e+00
      0.944   59.46446 -146.42594      0.953    14.2872    14.3524    14.2871     0.0136     0.0129   999.2206    -0.7838    168.418    148.994  320.27467     52.585     46.586     0.0794     0.1162     0.0000    55.2620 8.4714e-06       3067     2.1292  0.000e+00
      1.006   59.46446 -146.42594      1.016    14.2866    14.3525    14.2865     0.0136     0.0134   999.2210    -0.7837    168.659    148.983  320.27843     52.660     46.583     0.0781     0.1089     0.0000    55.2620 1.0000e-12       3068     2.1299  0.000e+00
      0.944   59.46446 -146.42594      0.953    14.2859    14.3528    14.2858     0.0136     0.0133   999.2208    -0.7836    168.693    148.951  320.28316     52.670     46.573     0.0781     0.1089     0.0012    49.3097 1.0000e-12       3069     2.1306  0.000e+00
      1.006   59.46446 -146.42594      1.016    14.2853    14.3530    14.2852     0.0137     0.0129   999.2212    -0.7835    168.893    148.917  320.28776     52.732     46.563     0.0781     0.1089     0.0012    49.3097 1.0000e-12       3070     2.1313  0.000e+00
      1.006   59.46446 -146.42594      1.016    14.2846    14.3534    14.2845     0.0137     0.0127   999.2213    -0.7834    169.122    148.861  320.29250     52.802     46.546     0.0794     0.1162     0.0012    49.3097 8.4714e-06       3071     2.1319  0.000e+00
      0.983   59.46446 -146.42594      0.992    14.2836    14.3539    14.2835     0.0137     0.0130   999.2214    -0.7833    169.322    148.622  320.29934     52.864     46.472     0.0781     0.1089     0.0012    49.3097 1.0000e-12       3072     2.1326  0.000e+00
      1.006   59.46446 -146.42594      1.016    14.2827    14.3540    14.2826     0.0137     0.0132   999.2216    -0.7832    169.493    148.569  320.30535     52.916     46.455     0.0794     0.1162     0.0012    49.3097 1.0000e-12       3073     2.1333  0.000e+00
      1.006   59.46446 -146.42594      1.016    14.2821    14.3543    14.2820     0.0137     0.0130   999.2217    -0.7831    169.398    148.550  320.31002     52.886     46.450     0.0781     0.1089     0.0000    55.2620 1.0000e-12       3074     2.1340  0.000e+00
      0.944   59.46446 -146.42594      0.953    14.2816    14.3547    14.2815     0.0136     0.0127   999.2214    -0.7830    169.422    148.540  320.31351     52.892     46.447     0.0794     0.1162     0.0012    49.3097 8.4714e-06       3075     2.1347  0.000e+00
      1.006   59.46446 -146.42594      1.016    14.2804    14.3551    14.2803     0.0137     0.0133   999.2219    -0.7828    169.396    148.719  320.32162     52.883     46.503     0.0781     0.1089     0.0012    49.3097 1.0000e-12       3076     2.1354  0.000e+00
      1.006   59.46446 -146.42594      1.016    14.2792    14.3555    14.2791     0.0137     0.0132   999.2221    -0.7826    169.293    148.553  320.32973     52.850     46.452     0.0794     0.1162     0.0000    55.2620 1.0000e-12       3077     2.1361  0.000e+00
      1.006   59.46446 -146.42594      1.016    14.2786    14.3557    14.2785     0.0137     0.0130   999.2222    -0.7825    169.130    148.740  320.33441     52.798     46.510     0.0781     0.1089     0.0012    49.3097 1.0000e-12       3078     2.1368  0.000e+00
      1.006   59.46446 -146.42594      1.016    14.2773    14.3562    14.2772     0.0137     0.0130   999.2224    -0.7824    168.908    148.747  320.34290     52.727     46.513     0.0794     0.1162     0.0012    49.3097 1.0000e-12       3079     2.1375  0.000e+00
