merge_samples_with_btl/SKQ202309T/ctd/skq202309t_003.ros
* Sea-Bird SBE 9 Data File:
* FileName = D:\CTD\SKQ202309T\SKQ202309T_003.hex
* Software Version Seasave V 7.26.7.121
* Temperature SN = 6177
* Conductivity SN = 0369
* Number of Bytes Per Scan = 38
* Number of Voltage Words = 3
* Number of Scans Averaged by the Deck Unit = 1
* NMEA Latitude = 56 26.56 N
* NMEA Longitude = 166 33.22 W
* NMEA UTC (Time) = Jun 10 2023  04:39:46
* NMEA baud rate = 4800
** Ship: R/V Sikuliaq
** Station Number: 003
** Station Name: STN 004
** Bottom Depth: 101
** Operator: Julia Moriarty
# nquan = 21
# nvalues = 784                                   
# units = specified
# name 0 = depSM: Depth [salt water, m]
# name 1 = latitude: Latitude [deg]
# name 2 = longitude: Longitude [deg]
# name 3 = prDM: Pressure, Digiquartz [db]
# name 4 = t090C: Temperature [ITS-90, deg C]
# name 5 = t190C: Temperature, 2 [ITS-90, deg C]
# name 6 = potemp090C: Potential Temperature [ITS-90, deg C]
# name 7 = sal00: Salinity, Practical [PSU]
# name 8 = sal11: Salinity, Practical, 2 [PSU]
# name 9 = density00: Density [density, kg/m^3]
# name 10 = sigma-é00: Density [sigma-theta, kg/m^3]
# name 11 = sbox0Mm/Kg: Oxygen, SBE 43 [umol/kg]
# name 12 = sbox1Mm/Kg: Oxygen, SBE 43, 2 [umol/kg]
# name 13 = oxsolMm/Kg: Oxygen Saturation, Garcia & Gordon [umol/kg]
# name 14 = sbeox0PS: Oxygen, SBE 43 [% saturation]
# name 15 = v0: Voltage 0
# name 16 = flECO-AFL: Fluorescence, WET Labs ECO-AFL/FL [mg/m^3]
# name 17 = CStarAt0: Beam Attenuation, WET Labs C-Star [1/m]
# name 18 = scan: Scan Count
# name 19 = nbf: Bottles Fired
# name 20 = flag:  0.000e+00
# interval = seconds: 0.0416667
# start_time = Jun 10 2023 04:44:02 [NMEA time, first data scan]
# bad_flag = -9.990e-29
*END*
[from data line 414]
     20.767   56.44282 -166.55334     20.960     4.2449     4.2486     4.2436    31.9271    31.9378  1025.4163    25.3185    341.745    332.007  320.26505    106.707     2.1709    12.6776     1.3618      24916          9  0.000e+00
     20.729   56.44282 -166.55334     20.921     4.2452     4.2486     4.2438    31.9276    31.9377  1025.4165    25.3189    341.770    331.842  320.26171    106.716     2.1709    12.6776     1.3618      24917          9  0.000e+00
     20.767   56.44282 -166.55334     20.960     4.2457     4.2485     4.2443    31.9278    31.9381  1025.4168    25.3190    341.769    331.830  320.25770    106.717     2.1709    12.6776     1.3618      24918          9  0.000e+00
     20.729   56.44282 -166.55334     20.921     4.2461     4.2487     4.2447    31.9282    31.9378  1025.4169    25.3193    341.733    331.816  320.25379    106.707     2.1709    12.6776     1.3618      24919          9  0.000e+00
     20.713   56.44282 -166.55334     20.905     4.2463     4.2485     4.2449    31.9277    31.9380  1025.4164    25.3189    341.703    331.811  320.25292    106.698     2.1709    12.6776     1.3618      24920          9  0.000e+00
     20.713   56.44282 -166.55334     20.905     4.2466     4.2487     4.2453    31.9282    31.9377  1025.4168    25.3192    341.706    331.993  320.24943    106.700     2.1697    12.6703     1.3618      24921          9  0.000e+00
     20.675   56.44282 -166.55334     20.867     4.2475     4.2488     4.2461    31.9279    31.9379  1025.4162    25.3189    341.498    331.823  320.24372    106.637     2.1661    12.6483     1.3618      24922          9  0.000e+00
     20.713   56.44282 -166.55334     20.906     4.2479     4.2486     4.2465    31.9277    31.9382  1025.4163    25.3187    341.686    331.828  320.24075    106.697     2.1343    12.4579     1.3618      24923          9  0.000e+00
     20.675   56.44282 -166.55334     20.867     4.2479     4.2488     4.2465    31.9280    31.9381  1025.4163    25.3189    341.700    331.831  320.24014    106.701     2.1172    12.3553     1.3458      24924          9  0.000e+00
     20.714   56.44282 -166.55334     20.906     4.2484     4.2489     4.2470    31.9280    31.9377  1025.4164    25.3189    341.506    331.842  320.23613    106.642     2.1160    12.3480     1.2568      24925          9  0.000e+00
     20.675   56.44282 -166.55334     20.867     4.2488     4.2489     4.2475    31.9275    31.9378  1025.4158    25.3185    341.701    331.831  320.23400    106.704     2.1172    12.3553     1.2201      24926          9  0.000e+00
     20.598   56.44282 -166.55334     20.789     4.2489     4.2490     4.2475    31.9278    31.9376  1025.4157    25.3187    341.689    331.821  320.23278    106.700     2.1184    12.3626     1.2187      24927          9  0.000e+00
     20.660   56.44282 -166.55334     20.851     4.2492     4.2488     4.2478    31.9277    31.9377  1025.4158    25.3185    341.716    331.635  320.23078    106.709     2.1172    12.3553     1.2229      24928          9  0.000e+00
     20.621   56.44282 -166.55334     20.812     4.2494     4.2484     4.2480    31.9275    31.9379  1025.4155    25.3184    341.609    331.803  320.22988    106.676     2.1184    12.3626     1.2243      24929          9  0.000e+00
     20.660   56.44282 -166.55334     20.851     4.2497     4.2483     4.2483    31.9272    31.9380  1025.4154    25.3181    341.393    331.809  320.22823    106.609     2.1172    12.3553     1.2243      24930          9  0.000e+00
     20.621   56.44282 -166.55334     20.812     4.2498     4.2485     4.2485    31.9271    31.9382  1025.4151    25.3180    341.596    331.810  320.22733    106.673     2.1184    12.3626     1.2243      24931          9  0.000e+00
     20.598   56.44282 -166.55334     20.789     4.2500     4.2490     4.2486    31.9267    31.9380  1025.4147    25.3177    341.209    331.812  320.22702    106.552     2.1172    12.3553     1.2243      24932          9  0.000e+00
     20.621   56.44282 -166.55334     20.812     4.2497     4.2491     4.2483    31.9270    31.9383  1025.4150    25.3179    341.395    331.634  320.22884    106.610     2.1184    12.3626     1.2243      24933          9  0.000e+00
     20.598   56.44282 -166.55334     20.789     4.2495     4.2490     4.2481    31.9271    31.9380  1025.4151    25.3181    341.371    331.628  320.22966    106.602     2.1172    12.3553     1.2229      24934          9  0.000e+00
     20.544   56.44282 -166.55334     20.734     4.2495     4.2488     4.2482    31.9284    31.9378  1025.4158    25.3191    341.344    331.624  320.22659    106.594     2.1172    12.3553     1.2243      24935          9  0.000e+00
     20.559   56.44282 -166.55334     20.750     4.2503     4.2489     4.2489    31.9289    31.9382  1025.4162    25.3194    341.526    331.623  320.21935    106.654     2.1184    12.3626     1.2229      24936          9  0.000e+00
     20.598   56.44282 -166.55334     20.789     4.2511     4.2494     4.2497    31.9292    31.9380  1025.4166    25.3196    341.534    331.624  320.21242    106.659     2.1184    12.3626     1.2243      24937          9  0.000e+00
     20.560   56.44282 -166.55334     20.750     4.2525     4.2501     4.2511    31.9304    31.9389  1025.4172    25.3204    341.357    331.621  320.19852    106.608     2.1184    12.3626     1.2243      24938          9  0.000e+00
     20.544   56.44282 -166.55334     20.735     4.2539     4.2510     4.2526    31.9305    31.9398  1025.4171    25.3203    340.913    331.621  320.18737    106.473     2.1184    12.3626     1.2243      24939          9  0.000e+00
     20.506   56.44282 -166.55334     20.696     4.2553     4.2526     4.2540    31.9293    31.9396  1025.4158    25.3192    341.248    331.619  320.17930    106.580     2.1184    12.3626     1.2243      24940          9  0.000e+00
     20.544   56.44282 -166.55334     20.735     4.2566     4.2531     4.2552    31.9294    31.9399  1025.4159    25.3192    341.268    331.611  320.16945    106.590     2.1172    12.3553     1.2229      24941          9  0.000e+00
     20.482   56.44282 -166.55334     20.672     4.2579     4.2534     4.2565    31.9285    31.9401  1025.4148    25.3184    341.288    331.604  320.16135    106.599     2.1184    12.3626     1.2229      24942          9  0.000e+00
     20.850   56.44282 -166.55332     21.044     4.2352     4.2346     4.2339    31.9238    31.9369  1025.4151    25.3168    341.259    332.005  320.34817    106.528     2.0513    11.9597     1.1338      25129         10  0.000e+00
     20.773   56.44282 -166.55332     20.966     4.2328     4.2332     4.2314    31.9248    31.9371  1025.4157    25.3179    341.280    332.008  320.36451    106.529     2.0574    11.9963     1.1366      25130         10  0.000e+00
     20.796   56.44282 -166.55332     20.989     4.2312     4.2323     4.2299    31.9255    31.9366  1025.4166    25.3186    341.302    332.014  320.37484    106.532     2.0635    12.0330     1.1380      25131         10  0.000e+00
     20.835   56.44282 -166.55332     21.028     4.2301     4.2312     4.2288    31.9260    31.9369  1025.4173    25.3191    341.533    332.022  320.38216    106.602     2.0635    12.0330     1.1380      25132         10  0.000e+00
     20.773   56.44282 -166.55332     20.966     4.2294     4.2305     4.2280    31.9261    31.9367  1025.4171    25.3192    341.375    332.025  320.38822    106.551     2.0647    12.0403     1.1380      25133         10  0.000e+00
     20.851   56.44282 -166.55332     21.044     4.2286     4.2296     4.2272    31.9259    31.9371  1025.4174    25.3192    341.405    332.036  320.39464    106.558     2.0635    12.0330     1.1380      25134         10  0.000e+00
     20.773   56.44282 -166.55332     20.966     4.2283     4.2291     4.2269    31.9259    31.9373  1025.4170    25.3192    341.394    332.039  320.39719    106.553     2.0635    12.0330     1.1380      25135         10  0.000e+00
     20.851   56.44282 -166.55332     21.044     4.2281     4.2285     4.2267    31.9259    31.9375  1025.4175    25.3192    341.424    332.052  320.39833    106.562     2.0635    12.0330     1.1380      25136         10  0.000e+00
     20.835   56.44282 -166.55332     21.028     4.2276     4.2283     4.2262    31.9266    31.9372  1025.4180    25.3199    341.422    332.060  320.40030    106.561     2.0635    12.0330     1.1380      25137         10  0.000e+00
     20.851   56.44282 -166.55332     21.044     4.2274     4.2278     4.2260    31.9260    31.9376  1025.4176    25.3194    341.458    332.072  320.40343    106.571     2.0635    12.0330     1.1380      25138         10  0.000e+00
     20.835   56.44282 -166.55332     21.028     4.2273     4.2275     4.2259    31.9261    31.9376  1025.4176    25.3195    341.671    332.271  320.40445    106.637     2.0635    12.0330     1.1380      25139         10  0.000e+00
     20.889   56.44282 -166.55332     21.083     4.2270     4.2273     4.2256    31.9266    31.9374  1025.4183    25.3199    341.501    332.307  320.40518    106.584     2.0635    12.0330     1.1366      25140         10  0.000e+00
     20.851   56.44282 -166.55332     21.044     4.2266     4.2270     4.2252    31.9268    31.9376  1025.4183    25.3201    341.476    332.151  320.40749    106.575     2.0635    12.0330     1.1380      25141         10  0.000e+00
     20.835   56.44282 -166.55332     21.029     4.2265     4.2268     4.2251    31.9265    31.9376  1025.4180    25.3199    341.485    332.166  320.40946    106.578     2.0623    12.0256     1.1380      25142         10  0.000e+00
     20.913   56.44282 -166.55332     21.106     4.2264     4.2266     4.2250    31.9262    31.9377  1025.4182    25.3197    341.501    332.352  320.41096    106.582     2.0635    12.0330     1.1380      25143         10  0.000e+00
     20.835   56.44282 -166.55332     21.029     4.2260     4.2268     4.2246    31.9263    31.9375  1025.4179    25.3198    341.514    332.195  320.41361    106.585     2.0647    12.0403     1.1380      25144         10  0.000e+00
     20.851   56.44282 -166.55332     21.044     4.2258     4.2263     4.2245    31.9264    31.9376  1025.4181    25.3199    341.532    332.194  320.41457    106.591     2.0635    12.0330     1.1380      25145         10  0.000e+00
     20.889   56.44282 -166.55332     21.083     4.2258     4.2263     4.2245    31.9260    31.9373  1025.4179    25.3195    341.553    332.214  320.41566    106.597     2.0635    12.0330     1.1380      25146         10  0.000e+00
     20.913   56.44282 -166.55332     21.107     4.2254     4.2260     4.2240    31.9262    31.9377  1025.4183    25.3198    341.579    332.236  320.41833    106.604     2.0635    12.0330     1.1215      25147         10  0.000e+00
     20.890   56.44282 -166.55332     21.083     4.2251     4.2260     4.2237    31.9264    31.9376  1025.4183    25.3199    341.605    332.255  320.42076    106.611     2.0635    12.0330     1.1105      25148         10  0.000e+00
     20.890   56.44282 -166.55332     21.083     4.2249     4.2257     4.2235    31.9262    31.9380  1025.4182    25.3198    341.634    332.280  320.42236    106.620     2.0635    12.0330     1.1091      25149         10  0.000e+00
     20.851   56.44282 -166.55332     21.044     4.2249     4.2255     4.2236    31.9266    31.9377  1025.4183    25.3201    341.869    332.304  320.42109    106.694     2.0647    12.0403     1.1091      25150         10  0.000e+00
     20.890   56.44282 -166.55332     21.083     4.2247     4.2253     4.2234    31.9269    31.9379  1025.4188    25.3204    341.725    332.500  320.42199    106.649     2.0635    12.0330     1.1091      25151         10  0.000e+00
     20.913   56.44282 -166.55332     21.107     4.2247     4.2255     4.2234    31.9267    31.9375  1025.4187    25.3202    341.760    332.337  320.42249    106.659     2.0525    11.9670     1.1091      25152         10  0.000e+00
     20.890   56.44282 -166.55332     21.083     4.2246     4.2257     4.2232    31.9263    31.9373  1025.4183    25.3199    341.797    332.362  320.42454    106.670     1.9512    11.3590     1.1105      25153         10  0.000e+00
     20.913   56.44282 -166.55332     21.107     4.2246     4.2253     4.2233    31.9267    31.9379  1025.4188    25.3203    341.593    332.393  320.42315    106.607     1.9023    11.0659     1.1091      25154         10  0.000e+00
     20.890   56.44282 -166.55332     21.083     4.2244     4.2255     4.2230    31.9268    31.9380  1025.4187    25.3203    341.570    332.211  320.42464    106.599     1.8987    11.0439     1.1105      25155         10  0.000e+00
     20.890   56.44282 -166.55332     21.083     4.2244     4.2257     4.2230    31.9260    31.9374  1025.4181    25.3197    341.760    332.201  320.42661    106.658     1.9035    11.0732     1.1105      25156         10  0.000e+00
     20.851   56.44282 -166.55332     21.044     4.2242     4.2255     4.2228    31.9269    31.9376  1025.4187    25.3204    341.561    332.379  320.42638    106.596     1.9060    11.0879     1.1105      25157         10  0.000e+00
     20.952   56.44282 -166.55332     21.146     4.2238     4.2255     4.2224    31.9266    31.9378  1025.4189    25.3203    341.619    332.396  320.42990    106.613     1.9060    11.0879     1.1091      25158         10  0.000e+00
     20.851   56.44282 -166.55332     21.045     4.2238     4.2254     4.2224    31.9266    31.9376  1025.4185    25.3203    341.602    332.407  320.42988    106.608     1.9048    11.0806     1.1091      25159         10  0.000e+00
     20.952   56.44282 -166.55332     21.146     4.2238     4.2255     4.2225    31.9266    31.9374  1025.4189    25.3202    341.597    332.404  320.42953    106.606     1.9048    11.0806     1.1105      25160         10  0.000e+00
     20.851   56.44282 -166.55332     21.045     4.2233     4.2257     4.2219    31.9268    31.9375  1025.4186    25.3204    341.591    332.412  320.43328    106.603     1.9048    11.0806     1.1091      25161         10  0.000e+00
     20.890   56.44282 -166.55332     21.084     4.2232     4.2269     4.2218    31.9263    31.9374  1025.4184    25.3201    341.591    332.419  320.43559    106.602     1.9048    11.0806     1.1091      25162         10  0.000e+00
     20.913   56.44282 -166.55332     21.107     4.2233     4.2307     4.2219    31.9265    31.9367  1025.4187    25.3202    341.489    332.216  320.43401    106.571     1.9060    11.0879     1.1105      25163         10  0.000e+00
     20.890   56.44282 -166.55332     21.084     4.2232     4.2360     4.2218    31.9265    31.9363  1025.4186    25.3202    341.486    332.354  320.43474    106.570     1.9048    11.0806     1.1105      25164         10  0.000e+00
     20.890   56.44282 -166.55332     21.084     4.2233     4.2401     4.2219    31.9259    31.9361  1025.4181    25.3197    341.487    332.315  320.43530    106.570     1.9048    11.0806     1.1091      25165         10  0.000e+00
     20.913   56.44282 -166.55332     21.107     4.2228     4.2417     4.2215    31.9264    31.9359  1025.4187    25.3202    341.493    332.112  320.43779    106.571     1.9048    11.0806     1.1091      25166         10  0.000e+00
     20.890   56.44282 -166.55332     21.084     4.2229     4.2418     4.2215    31.9264    31.9354  1025.4186    25.3202    341.497    332.277  320.43729    106.572     1.9048    11.0806     1.1366      25167         10  0.000e+00
     20.851   56.44282 -166.55332     21.045     4.2227     4.2411     4.2213    31.9267    31.9358  1025.4186    25.3204    341.262    332.279  320.43838    106.499     1.9048    11.0806     1.1712      25168         10  0.000e+00
     20.890   56.44282 -166.55332     21.084     4.2227     4.2412     4.2213    31.9264    31.9350  1025.4186    25.3202    341.419    332.280  320.43890    106.547     1.9048    11.0806     1.1795      25169         10  0.000e+00
