merge_samples_with_btl/SKQ202309T/ctd/skq202309t_001svpavg.cnv
* Sea-Bird SBE 9 Data File:
* FileName = D:\CTD\SKQ202309T\SKQ202309T_001.hex
* Software Version Seasave V 7.26.7.121
* Temperature SN = 6177
* Conductivity SN = 0369
* Number of Bytes Per Scan = 38
* Number of Voltage Words = 3
* Number of Scans Averaged by the Deck Unit = 1
* NMEA Latitude = 59 50.67 N
* NMEA Longitude = 149 28.05 W
* NMEA UTC (Time) = Jun 06 2023  18:49:21
* NMEA baud rate = 4800
** Ship: R/V Sikuliaq
** Station Number: 001
** Station Name: GAK1
** Bottom Depth: 272
** Operator: AP
# nquan = 7
# nvalues = 259                         
# units = specified
# name 0 = depSM: Depth [salt water, m]
# name 1 = latitude: Latitude [deg]
# name 2 = longitude: Longitude [deg]
# name 3 = t090C: Temperature [ITS-90, deg C]
# name 4 = sal00: Salinity, Practical [PSU]
# name 5 = svCM: Sound Velocity [Chen-Millero, m/s]
# name 6 = flag: flag
# span 0 =      2.000,    260.000       
# span 1 =   59.84414,   59.84444       
# span 2 = -149.46843, -149.46794       
# span 3 =     4.8651,     8.5141       
# span 4 =    30.0970,    33.1999       
# span 5 =    1467.17,    1478.39       
# span 6 = 0.0000e+00, 0.0000e+00       
# interval = meters: 1                  
# start_time = Jun 06 2023 18:55:03 [NMEA time, first data scan]
# bad_flag = -9.990e-29
*END*
[from data line 206]
    208.000   59.84440 -149.46798     5.6611    32.8440    1474.10 0.0000e+00
    209.000   59.84440 -149.46798     5.6646    32.8508    1474.14 0.0000e+00
    210.000   59.84440 -149.46798     5.6664    32.8532    1474.17 0.0000e+00
    211.000   59.84440 -149.46798     5.6664    32.8545    1474.19 0.0000e+00
    212.000   59.84440 -149.46798     5.6671    32.8559    1474.21 0.0000e+00
    213.000   59.84440 -149.46798     5.6712    32.8585    1474.25 0.0000e+00
    214.000   59.84440 -149.46798     5.6776    32.8678    1474.30 0.0000e+00
    215.000   59.84440 -149.46798     5.6834    32.8775    1474.35 0.0000e+00
    216.000   59.84440 -149.46798     5.6996    32.8939    1474.45 0.0000e+00
    217.000   59.84440 -149.46799     5.7220    32.9188    1474.59 0.0000e+00
    218.000   59.84440 -149.46800     5.7364    32.9417    1474.70 0.0000e+00
    219.000   59.84440 -149.46800     5.7477    32.9548    1474.77 0.0000e+00
    220.000   59.84440 -149.46800     5.7503    32.9608    1474.81 0.0000e+00
    221.000   59.84437 -149.46803     5.7409    32.9492    1474.77 0.0000e+00
    222.000   59.84436 -149.46807     5.7542    32.9665    1474.86 0.0000e+00
    223.000   59.84436 -149.46808     5.7593    32.9719    1474.91 0.0000e+00
    224.000   59.84436 -149.46810     5.7604    32.9729    1474.93 0.0000e+00
    225.000   59.84436 -149.46810     5.7677    32.9807    1474.99 0.0000e+00
    226.000   59.84435 -149.46810     5.7762    32.9903    1475.05 0.0000e+00
    227.000   59.84434 -149.46810     5.7830    32.9988    1475.10 0.0000e+00
    228.000   59.84436 -149.46810     5.7907    33.0072    1475.16 0.0000e+00
    229.000   59.84435 -149.46810     5.8055    33.0257    1475.26 0.0000e+00
    230.000   59.84434 -149.46810     5.8207    33.0394    1475.36 0.0000e+00
    231.000   59.84434 -149.46810     5.8354    33.0529    1475.45 0.0000e+00
    232.000   59.84434 -149.46810     5.8387    33.0579    1475.49 0.0000e+00
    233.000   59.84434 -149.46810     5.8437    33.0646    1475.53 0.0000e+00
    234.000   59.84434 -149.46810     5.8502    33.0743    1475.59 0.0000e+00
    235.000   59.84434 -149.46810     5.8517    33.0765    1475.61 0.0000e+00
    236.000   59.84434 -149.46810     5.8528    33.0784    1475.63 0.0000e+00
    237.000   59.84434 -149.46810     5.8552    33.0820    1475.66 0.0000e+00
    238.000   59.84434 -149.46810     5.8590    33.0891    1475.71 0.0000e+00
    239.000   59.84434 -149.46810     5.8613    33.0930    1475.74 0.0000e+00
    240.000   59.84434 -149.46810     5.8636    33.0960    1475.77 0.0000e+00
    241.000   59.84434 -149.46810     5.8703    33.1054    1475.82 0.0000e+00
    242.000   59.84434 -149.46810     5.8781    33.1179    1475.89 0.0000e+00
    243.000   59.84434 -149.46809     5.8809    33.1221    1475.92 0.0000e+00
    244.000   59.84434 -149.46810     5.8826    33.1247    1475.94 0.0000e+00
    245.000   59.84434 -149.46810     5.8847    33.1282    1475.97 0.0000e+00
    246.000   59.84434 -149.46809     5.8901    33.1366    1476.02 0.0000e+00
    247.000   59.84434 -149.46808     5.8950    33.1453    1476.07 0.0000e+00
    248.000   59.84434 -149.46808     5.8982    33.1506    1476.11 0.0000e+00
    249.000   59.84434 -149.46808     5.9012    33.1554    1476.14 0.0000e+00
    250.000   59.84434 -149.46808     5.9020    33.1565    1476.16 0.0000e+00
    251.000   59.84434 -149.46808     5.9051    33.1625    1476.20 0.0000e+00
    252.000   59.84434 -149.46808     5.9062    33.1655    1476.22 0.0000e+00
    253.000   59.84434 -149.46808     5.9060    33.1661    1476.24 0.0000e+00
    254.000   59.84434 -149.46808     5.9065    33.1675    1476.26 0.0000e+00
    255.000   59.84435 -149.46808     5.9070    33.1683    1476.28 0.0000e+00
    256.000   59.84436 -149.46807     5.9092    33.1729    1476.31 0.0000e+00
    257.000   59.84436 -149.46806     5.9175    33.1890    1476.38 0.0000e+00
    258.000   59.84436 -149.46806     5.9149    33.1835    1476.38 0.0000e+00
    259.000   59.84438 -149.46805     5.9178    33.1883    1476.41 0.0000e+00
    260.000   59.84438 -149.46801     5.9241    33.1999    1476.47 0.0000e+00
