merge_samples_with_btl/SKQ202309T/ctd/skq202309t_003svp.cnv
* Sea-Bird SBE 9 Data File:
* FileName = D:\CTD\SKQ202309T\SKQ202309T_003.hex
* Software Version Seasave V 7.26.7.121
* Temperature SN = 6177
* Conductivity SN = 0369
* Number of Bytes Per Scan = 38
* Number of Voltage Words = 3
* Number of Scans Averaged by the Deck Unit = 1
* NMEA Latitude = 56 26.56 N
* NMEA Longitude = 166 33.22 W
* NMEA UTC (Time) = Jun 10 2023  04:39:46
* NMEA baud rate = 4800
** Ship: R/V Sikuliaq
** Station Number: 003
** Station Name: STN 004
** Bottom Depth: 101
** Operator: Julia Moriarty
# nquan = 7
# nvalues = 9701                                  
# units = specified
# name 0 = depSM: Depth [salt water, m]
# name 1 = latitude: Latitude [deg]
# name 2 = longitude: Longitude [deg]
# name 3 = t090C: Temperature [ITS-90, deg C]
# name 4 = sal00: Salinity, Practical [PSU]
# name 5 = svCM: Sound Velocity [Chen-Millero, m/s]
# name 6 = flag:  0.000e+00
# span 0 =      1.756,     95.786                 
# span 1 =   56.44268,   56.44276                 
# span 2 = -166.55362, -166.55346                 
# span 3 =     3.6067,     6.8002                 
# span 4 =    31.7989,    32.3667                 
# span 5 =    1462.10,    1474.00                 
# span 6 = 0.0000e+00, 0.0000e+00                 
# interval = seconds: 0.0416667
# start_time = Jun 10 2023 04:44:02 [NMEA time, first data scan]
# bad_flag = -9.990e-29
*END*
[from data line 2052]
      9.034   56.44268 -166.55360     5.4987    31.8422    1468.89  0.000e+00
      9.034   56.44268 -166.55360     5.4984    31.8422    1468.89  0.000e+00
      9.057   56.44268 -166.55360     5.4983    31.8422    1468.89  0.000e+00
      9.088   56.44268 -166.55360     5.4986    31.8416    1468.89  0.000e+00
      9.034   56.44268 -166.55360     5.4978    31.8417    1468.89  0.000e+00
      9.088   56.44268 -166.55360     5.4975    31.8412    1468.88  0.000e+00
      9.088   56.44268 -166.55360     5.4969    31.8411    1468.88  0.000e+00
      9.057   56.44268 -166.55360     5.4957    31.8413    1468.88  0.000e+00
      9.088   56.44268 -166.55360     5.4945    31.8410    1468.87  0.000e+00
      9.088   56.44268 -166.55360     5.4930    31.8407    1468.87  0.000e+00
      9.088   56.44268 -166.55360     5.4915    31.8408    1468.86  0.000e+00
      9.088   56.44268 -166.55360     5.4901    31.8417    1468.86  0.000e+00
      9.119   56.44268 -166.55360     5.4897    31.8418    1468.85  0.000e+00
      9.088   56.44268 -166.55360     5.4892    31.8418    1468.85  0.000e+00
      9.088   56.44268 -166.55360     5.4888    31.8419    1468.85  0.000e+00
      9.150   56.44268 -166.55360     5.4884    31.8417    1468.85  0.000e+00
      9.088   56.44268 -166.55360     5.4887    31.8413    1468.85  0.000e+00
      9.173   56.44268 -166.55360     5.4883    31.8412    1468.85  0.000e+00
      9.088   56.44268 -166.55360     5.4874    31.8415    1468.84  0.000e+00
      9.150   56.44268 -166.55360     5.4866    31.8419    1468.84  0.000e+00
      9.088   56.44268 -166.55360     5.4858    31.8424    1468.84  0.000e+00
      9.150   56.44268 -166.55360     5.4858    31.8423    1468.84  0.000e+00
      9.119   56.44268 -166.55360     5.4860    31.8420    1468.84  0.000e+00
      9.150   56.44268 -166.55360     5.4858    31.8423    1468.84  0.000e+00
      9.150   56.44268 -166.55360     5.4855    31.8422    1468.84  0.000e+00
      9.150   56.44268 -166.55360     5.4855    31.8416    1468.84  0.000e+00
      9.150   56.44268 -166.55360     5.4853    31.8432    1468.84  0.000e+00
      9.119   56.44268 -166.55360     5.4876    31.8451    1468.85  0.000e+00
      9.204   56.44268 -166.55360     5.4917    31.8457    1468.87  0.000e+00
      9.150   56.44268 -166.55360     5.4941    31.8454    1468.88  0.000e+00
      9.150   56.44268 -166.55360     5.4952    31.8438    1468.88  0.000e+00
      9.150   56.44268 -166.55360     5.4954    31.8423    1468.88  0.000e+00
      9.173   56.44268 -166.55360     5.4952    31.8417    1468.88  0.000e+00
      9.204   56.44268 -166.55360     5.4960    31.8414    1468.88  0.000e+00
      9.204   56.44268 -166.55360     5.4968    31.8421    1468.88  0.000e+00
      9.150   56.44268 -166.55360     5.4983    31.8411    1468.89  0.000e+00
      9.204   56.44268 -166.55360     5.4993    31.8395    1468.89  0.000e+00
      9.173   56.44268 -166.55360     5.4979    31.8398    1468.89  0.000e+00
      9.204   56.44268 -166.55360     5.4971    31.8396    1468.88  0.000e+00
      9.204   56.44268 -166.55360     5.4970    31.8389    1468.88  0.000e+00
      9.204   56.44268 -166.55360     5.4963    31.8381    1468.88  0.000e+00
      9.150   56.44268 -166.55360     5.4943    31.8379    1468.87  0.000e+00
      9.234   56.44268 -166.55360     5.4917    31.8383    1468.86  0.000e+00
      9.204   56.44268 -166.55360     5.4895    31.8393    1468.85  0.000e+00
      9.265   56.44268 -166.55360     5.4880    31.8402    1468.85  0.000e+00
      9.150   56.44268 -166.55360     5.4870    31.8408    1468.84  0.000e+00
      9.265   56.44268 -166.55360     5.4861    31.8411    1468.84  0.000e+00
      9.234   56.44268 -166.55360     5.4854    31.8414    1468.84  0.000e+00
      9.265   56.44268 -166.55360     5.4847    31.8415    1468.84  0.000e+00
      9.265   56.44268 -166.55360     5.4842    31.8412    1468.83  0.000e+00
      9.265   56.44268 -166.55360     5.4842    31.8408    1468.83  0.000e+00
      9.204   56.44268 -166.55360     5.4842    31.8407    1468.83  0.000e+00
      9.288   56.44268 -166.55360     5.4833    31.8408    1468.83  0.000e+00
      9.265   56.44268 -166.55360     5.4817    31.8409    1468.82  0.000e+00
      9.265   56.44268 -166.55360     5.4812    31.8415    1468.82  0.000e+00
      9.265   56.44268 -166.55360     5.4801    31.8419    1468.82  0.000e+00
      9.319   56.44268 -166.55360     5.4791    31.8416    1468.81  0.000e+00
      9.288   56.44268 -166.55360     5.4782    31.8434    1468.81  0.000e+00
      9.319   56.44268 -166.55360     5.4788    31.8437    1468.82  0.000e+00
      9.265   56.44268 -166.55360     5.4799    31.8437    1468.82  0.000e+00
      9.319   56.44268 -166.55360     5.4809    31.8439    1468.82  0.000e+00
      9.373   56.44268 -166.55360     5.4817    31.8437    1468.83  0.000e+00
      9.343   56.44268 -166.55360     5.4823    31.8431    1468.83  0.000e+00
      9.319   56.44268 -166.55360     5.4831    31.8421    1468.83  0.000e+00
      9.319   56.44268 -166.55360     5.4839    31.8404    1468.83  0.000e+00
      9.373   56.44268 -166.55360     5.4838    31.8409    1468.83  0.000e+00
      9.373   56.44268 -166.55360     5.4833    31.8407    1468.83  0.000e+00
      9.343   56.44268 -166.55360     5.4813    31.8412    1468.82  0.000e+00
      9.435   56.44268 -166.55360     5.4788    31.8423    1468.82  0.000e+00
      9.373   56.44268 -166.55360     5.4774    31.8422    1468.81  0.000e+00
      9.435   56.44268 -166.55360     5.4756    31.8424    1468.80  0.000e+00
      9.373   56.44268 -166.55360     5.4747    31.8422    1468.80  0.000e+00
      9.404   56.44268 -166.55360     5.4731    31.8422    1468.79  0.000e+00
      9.489   56.44268 -166.55360     5.4718    31.8427    1468.79  0.000e+00
      9.435   56.44268 -166.55360     5.4708    31.8432    1468.78  0.000e+00
      9.435   56.44268 -166.55360     5.4706    31.8428    1468.78  0.000e+00
      9.551   56.44268 -166.55360     5.4697    31.8433    1468.78  0.000e+00
      9.458   56.44268 -166.55360     5.4692    31.8431    1468.78  0.000e+00
      9.489   56.44268 -166.55360     5.4684    31.8430    1468.78  0.000e+00
      9.489   56.44268 -166.55360     5.4676    31.8429    1468.77  0.000e+00
      9.551   56.44268 -166.55360     5.4671    31.8427    1468.77  0.000e+00
      9.489   56.44268 -166.55360     5.4667    31.8428    1468.77  0.000e+00
      9.574   56.44268 -166.55360     5.4659    31.8424    1468.77  0.000e+00
      9.551   56.44268 -166.55360     5.4648    31.8421    1468.76  0.000e+00
      9.551   56.44268 -166.55360     5.4635    31.8430    1468.76  0.000e+00
      9.605   56.44268 -166.55360     5.4627    31.8431    1468.75  0.000e+00
      9.605   56.44268 -166.55360     5.4620    31.8426    1468.75  0.000e+00
      9.636   56.44268 -166.55360     5.4612    31.8423    1468.75  0.000e+00
      9.605   56.44268 -166.55360     5.4606    31.8415    1468.74  0.000e+00
      9.605   56.44268 -166.55360     5.4585    31.8404    1468.73  0.000e+00
      9.667   56.44268 -166.55360     5.4553    31.8400    1468.72  0.000e+00
      9.690   56.44268 -166.55360     5.4512    31.8398    1468.70  0.000e+00
      9.667   56.44268 -166.55360     5.4464    31.8413    1468.69  0.000e+00
      9.721   56.44268 -166.55360     5.4435    31.8405    1468.67  0.000e+00
      9.667   56.44268 -166.55360     5.4384    31.8415    1468.65  0.000e+00
      9.721   56.44268 -166.55360     5.4327    31.8421    1468.63  0.000e+00
      9.744   56.44268 -166.55360     5.4253    31.8437    1468.61  0.000e+00
      9.721   56.44268 -166.55360     5.4199    31.8439    1468.58  0.000e+00
      9.775   56.44268 -166.55360     5.4132    31.8452    1468.56  0.000e+00
      9.721   56.44268 -166.55360     5.4059    31.8463    1468.53  0.000e+00
      9.837   56.44268 -166.55360     5.3997    31.8480    1468.51  0.000e+00
      9.806   56.44268 -166.55360     5.3941    31.8497    1468.49  0.000e+00
      9.775   56.44268 -166.55360     5.3895    31.8510    1468.47  0.000e+00
      9.837   56.44268 -166.55360     5.3868    31.8498    1468.46  0.000e+00
      9.837   56.44268 -166.55360     5.3828    31.8506    1468.44  0.000e+00
      9.837   56.44268 -166.55360     5.3789    31.8510    1468.43  0.000e+00
      9.860   56.44268 -166.55360     5.3747    31.8517    1468.41  0.000e+00
      9.891   56.44268 -166.55360     5.3702    31.8534    1468.40  0.000e+00
      9.891   56.44268 -166.55360     5.3665    31.8548    1468.38  0.000e+00
      9.891   56.44268 -166.55360     5.3638    31.8560    1468.37  0.000e+00
      9.921   56.44268 -166.55360     5.3616    31.8561    1468.37  0.000e+00
      9.891   56.44268 -166.55360     5.3602    31.8566    1468.36  0.000e+00
      9.952   56.44268 -166.55360     5.3587    31.8575    1468.36  0.000e+00
      9.952   56.44268 -166.55360     5.3571    31.8580    1468.35  0.000e+00
     10.006   56.44268 -166.55360     5.3560    31.8576    1468.35  0.000e+00
      9.975   56.44268 -166.55360     5.3549    31.8578    1468.34  0.000e+00
     10.006   56.44268 -166.55360     5.3541    31.8570    1468.34  0.000e+00
     10.006   56.44268 -166.55360     5.3524    31.8567    1468.33  0.000e+00
     10.068   56.44268 -166.55360     5.3508    31.8559    1468.32  0.000e+00
     10.006   56.44268 -166.55360     5.3490    31.8548    1468.31  0.000e+00
     10.091   56.44268 -166.55360     5.3467    31.8548    1468.31  0.000e+00
     10.068   56.44268 -166.55360     5.3442    31.8563    1468.30  0.000e+00
     10.068   56.44268 -166.55360     5.3427    31.8574    1468.29  0.000e+00
     10.122   56.44268 -166.55360     5.3419    31.8578    1468.29  0.000e+00
     10.091   56.44268 -166.55360     5.3408    31.8584    1468.29  0.000e+00
     10.122   56.44268 -166.55360     5.3396    31.8593    1468.28  0.000e+00
     10.176   56.44268 -166.55360     5.3385    31.8598    1468.28  0.000e+00
     10.122   56.44268 -166.55360     5.3382    31.8589    1468.28  0.000e+00
     10.238   56.44268 -166.55360     5.3369    31.8575    1468.27  0.000e+00
     10.145   56.44268 -166.55360     5.3342    31.8576    1468.26  0.000e+00
     10.238   56.44268 -166.55360     5.3319    31.8580    1468.25  0.000e+00
     10.176   56.44268 -166.55360     5.3301    31.8572    1468.24  0.000e+00
     10.238   56.44268 -166.55360     5.3279    31.8569    1468.23  0.000e+00
     10.207   56.44268 -166.55360     5.3255    31.8569    1468.22  0.000e+00
     10.292   56.44268 -166.55360     5.3229    31.8574    1468.22  0.000e+00
     10.238   56.44268 -166.55360     5.3206    31.8578    1468.21  0.000e+00
     10.292   56.44268 -166.55360     5.3178    31.8575    1468.20  0.000e+00
     10.292   56.44268 -166.55360     5.3147    31.8582    1468.18  0.000e+00
     10.323   56.44268 -166.55360     5.3118    31.8590    1468.17  0.000e+00
     10.292   56.44268 -166.55360     5.3098    31.8597    1468.17  0.000e+00
     10.354   56.44268 -166.55360     5.3072    31.8604    1468.16  0.000e+00
     10.354   56.44268 -166.55360     5.3061    31.8598    1468.15  0.000e+00
     10.377   56.44268 -166.55360     5.3040    31.8608    1468.15  0.000e+00
     10.354   56.44268 -166.55360     5.3029    31.8612    1468.14  0.000e+00
     10.408   56.44268 -166.55360     5.3008    31.8624    1468.13  0.000e+00
     10.354   56.44268 -166.55360     5.2992    31.8631    1468.13  0.000e+00
     10.408   56.44268 -166.55360     5.2977    31.8635    1468.12  0.000e+00
     10.377   56.44268 -166.55360     5.2970    31.8641    1468.12  0.000e+00
     10.469   56.44268 -166.55360     5.2964    31.8639    1468.12  0.000e+00
     10.469   56.44268 -166.55360     5.2950    31.8635    1468.11  0.000e+00
     10.408   56.44268 -166.55360     5.2923    31.8637    1468.10  0.000e+00
     10.431   56.44268 -166.55360     5.2889    31.8648    1468.09  0.000e+00
     10.469   56.44268 -166.55360     5.2855    31.8649    1468.08  0.000e+00
     10.524   56.44268 -166.55360     5.2833    31.8649    1468.07  0.000e+00
     10.469   56.44268 -166.55360     5.2810    31.8653    1468.06  0.000e+00
     10.469   56.44268 -166.55360     5.2781    31.8653    1468.05  0.000e+00
     10.547   56.44268 -166.55360     5.2748    31.8656    1468.03  0.000e+00
     10.524   56.44268 -166.55360     5.2719    31.8663    1468.02  0.000e+00
     10.524   56.44268 -166.55360     5.2697    31.8675    1468.02  0.000e+00
     10.578   56.44268 -166.55360     5.2672    31.8685    1468.01  0.000e+00
     10.493   56.44268 -166.55360     5.2647    31.8699    1468.00  0.000e+00
     10.578   56.44268 -166.55360     5.2626    31.8707    1467.99  0.000e+00
     10.578   56.44268 -166.55360     5.2601    31.8723    1467.98  0.000e+00
     10.578   56.44268 -166.55360     5.2584    31.8735    1467.98  0.000e+00
     10.608   56.44268 -166.55360     5.2569    31.8739    1467.97  0.000e+00
     10.578   56.44268 -166.55360     5.2561    31.8741    1467.97  0.000e+00
     10.578   56.44268 -166.55360     5.2546    31.8737    1467.96  0.000e+00
     10.639   56.44268 -166.55360     5.2535    31.8736    1467.96  0.000e+00
     10.639   56.44268 -166.55360     5.2524    31.8740    1467.96  0.000e+00
     10.608   56.44268 -166.55360     5.2511    31.8744    1467.95  0.000e+00
     10.693   56.44268 -166.55360     5.2505    31.8741    1467.95  0.000e+00
     10.639   56.44268 -166.55360     5.2489    31.8749    1467.94  0.000e+00
     10.693   56.44268 -166.55360     5.2462    31.8762    1467.93  0.000e+00
     10.662   56.44268 -166.55360     5.2444    31.8766    1467.93  0.000e+00
     10.693   56.44268 -166.55360     5.2439    31.8754    1467.92  0.000e+00
     10.693   56.44268 -166.55360     5.2435    31.8757    1467.92  0.000e+00
     10.693   56.44268 -166.55360     5.2435    31.8774    1467.92  0.000e+00
     10.724   56.44268 -166.55360     5.2435    31.8784    1467.93  0.000e+00
     10.755   56.44268 -166.55360     5.2435    31.8791    1467.93  0.000e+00
     10.693   56.44268 -166.55360     5.2435    31.8792    1467.93  0.000e+00
     10.755   56.44268 -166.55360     5.2432    31.8801    1467.93  0.000e+00
     10.755   56.44268 -166.55360     5.2431    31.8799    1467.93  0.000e+00
     10.724   56.44268 -166.55360     5.2428    31.8805    1467.93  0.000e+00
     10.809   56.44268 -166.55360     5.2426    31.8809    1467.93  0.000e+00
     10.755   56.44268 -166.55360     5.2432    31.8804    1467.93  0.000e+00
     10.809   56.44268 -166.55360     5.2432    31.8808    1467.93  0.000e+00
     10.778   56.44268 -166.55360     5.2436    31.8804    1467.93  0.000e+00
     10.809   56.44268 -166.55360     5.2438    31.8809    1467.93  0.000e+00
     10.809   56.44268 -166.55360     5.2441    31.8807    1467.93  0.000e+00
     10.809   56.44268 -166.55360     5.2444    31.8804    1467.93  0.000e+00
     10.832   56.44268 -166.55360     5.2446    31.8803    1467.94  0.000e+00
     10.863   56.44268 -166.55360     5.2448    31.8806    1467.94  0.000e+00
     10.809   56.44268 -166.55360     5.2451    31.8805    1467.94  0.000e+00
     10.863   56.44268 -166.55360     5.2450    31.8806    1467.94  0.000e+00
     10.863   56.44268 -166.55360     5.2452    31.8809    1467.94  0.000e+00
     10.894   56.44268 -166.55360     5.2460    31.8806    1467.94  0.000e+00
     10.863   56.44268 -166.55360     5.2465    31.8802    1467.94  0.000e+00
     10.925   56.44268 -166.55360     5.2462    31.8807    1467.94  0.000e+00
     10.863   56.44268 -166.55360     5.2465    31.8805    1467.94  0.000e+00
     10.948   56.44268 -166.55360     5.2464    31.8806    1467.94  0.000e+00
     10.863   56.44268 -166.55360     5.2456    31.8815    1467.94  0.000e+00
     10.979   56.44268 -166.55360     5.2454    31.8812    1467.94  0.000e+00
     10.925   56.44268 -166.55360     5.2451    31.8818    1467.94  0.000e+00
     10.948   56.44268 -166.55360     5.2451    31.8818    1467.94  0.000e+00
