merge_samples_with_btl/SKQ202309T/ctd/skq202309t_005.ros
* Sea-Bird SBE 9 Data File:
* FileName = D:\CTD\SKQ202309T\SKQ202309T_005.hex
* Software Version Seasave V 7.26.7.121
* Temperature SN = 6177
* Conductivity SN = 0369
* Number of Bytes Per Scan = 38
* Number of Voltage Words = 3
* Number of Scans Averaged by the Deck Unit = 1
* NMEA Latitude = 62 38.25 N
* NMEA Longitude = 165 42.28 W
* NMEA UTC (Time) = Jun 12 2023  01:37:43
* NMEA baud rate = 4800
** Ship: R/V Sikuliaq
** Station Number: 005
** Station Name: STN 008
** Bottom Depth: 12
** Operator: Kay McMonigal
# nquan = 21
# nvalues = 588                                   
# units = specified
# name 0 = depSM: Depth [salt water, m]
# name 1 = latitude: Latitude [deg]
# name 2 = longitude: Longitude [deg]
# name 3 = prDM: Pressure, Digiquartz [db]
# name 4 = t090C: Temperature [ITS-90, deg C]
# name 5 = t190C: Temperature, 2 [ITS-90, deg C]
# name 6 = potemp090C: Potential Temperature [ITS-90, deg C]
# name 7 = sal00: Salinity, Practical [PSU]
# name 8 = sal11: Salinity, Practical, 2 [PSU]
# name 9 = density00: Density [density, kg/m^3]
# name 10 = sigma-é00: Density [sigma-theta, kg/m^3]
# name 11 = sbox0Mm/Kg: Oxygen, SBE 43 [umol/kg]
# name 12 = sbox1Mm/Kg: Oxygen, SBE 43, 2 [umol/kg]
# name 13 = oxsolMm/Kg: Oxygen Saturation, Garcia & Gordon [umol/kg]
# name 14 = sbeox0PS: Oxygen, SBE 43 [% saturation]
# name 15 = v0: Voltage 0
# name 16 = flECO-AFL: Fluorescence, WET Labs ECO-AFL/FL [mg/m^3]
# name 17 = CStarAt0: Beam Attenuation, WET Labs C-Star [1/m]
# name 18 = scan: Scan Count
# name 19 = nbf: Bottles Fired
# name 20 = flag:  0.000e+00
# interval = seconds: 0.0416667
# start_time = Jun 12 2023 01:40:04 [NMEA time, first data scan]
# bad_flag = -9.990e-29
*END*
[from data line 345]
      3.180   62.63750 -165.70494      3.211     5.7059     5.6824     5.7057    24.6900    24.6741  1019.4620    19.4470    348.573    334.019  326.37298    106.802     0.2344     1.0586     7.1860       7061          8  0.000e+00
      3.126   62.63750 -165.70494      3.156     5.6625     5.7466     5.6623    24.7000    24.6019  1019.4740    19.4592    349.984    334.732  326.68813    107.131     0.2344     1.0586     7.1860       7062          8  0.000e+00
      3.180   62.63750 -165.70494      3.211     5.6682     5.8637     5.6680    24.6514    24.3844  1019.4353    19.4203    350.855    335.119  326.76089    107.374     0.2344     1.0586     7.1860       7063          8  0.000e+00
      3.180   62.63750 -165.70494      3.211     5.6702     6.0405     5.6700    24.6404    24.1036  1019.4264    19.4114    351.582    335.092  326.77241    107.592     0.2344     1.0586     7.1860       7064          8  0.000e+00
      3.126   62.63750 -165.70494      3.156     5.6702     6.1992     5.6700    24.6515    23.8858  1019.4349    19.4201    352.424    334.859  326.74554    107.859     0.2344     1.0586     7.1860       7065          8  0.000e+00
      3.180   62.63750 -165.70494      3.211     5.6681     6.2932     5.6679    24.6656    23.7596  1019.4465    19.4315    353.049    335.167  326.72770    108.056     0.2344     1.0586     7.1860       7066          8  0.000e+00
      3.180   62.63750 -165.70494      3.211     5.6614     6.1653     5.6612    24.6514    23.9015  1019.4360    19.4209    353.735    336.669  326.81440    108.237     0.2332     1.0513     7.1798       7067          8  0.000e+00
      3.180   62.63750 -165.70494      3.211     5.7011     5.8563     5.7009    24.5163    24.3762  1019.3255    19.3105    354.227    339.054  326.83109    108.382     0.2320     1.0439     7.1860       7068          8  0.000e+00
      3.126   62.63750 -165.70494      3.156     5.8393     5.5858     5.8391    24.1360    24.8398  1019.0119    18.9971    354.064    341.092  326.67201    108.385     0.2125     0.9267     7.1860       7069          8  0.000e+00
      3.180   62.63750 -165.70494      3.211     6.1514     5.4424     6.1512    23.5948    25.0843  1018.5549    18.5398    352.616    342.241  325.54871    108.314     0.2027     0.8681     7.1860       7070          8  0.000e+00
      3.180   62.63750 -165.70494      3.211     6.3327     5.3800     6.3324    23.3184    25.1818  1018.3189    18.3039    351.601    343.097  324.81146    108.248     0.2027     0.8681     7.1860       7071          8  0.000e+00
      3.157   62.63750 -165.70494      3.187     6.4544     5.3265     6.4541    23.1027    25.2611  1018.1367    18.1218    350.926    343.863  324.39085    108.180     0.2039     0.8754     7.1860       7072          8  0.000e+00
      3.180   62.63750 -165.70494      3.211     6.5619     5.3087     6.5617    22.8076    25.2971  1017.8937    17.8787    350.548    344.360  324.26985    108.104     0.2051     0.8828     7.1860       7073          8  0.000e+00
      3.180   62.63750 -165.70494      3.211     6.5535     5.2948     6.5533    22.8040    25.2972  1017.8917    17.8767    350.302    344.669  324.34309    108.004     0.2051     0.8828     7.0994       7074          8  0.000e+00
      3.126   62.63750 -165.70494      3.156     6.5182     5.3367     6.5180    23.0064    25.1964  1018.0542    18.0395    349.475    344.819  324.13046    107.819     0.2051     0.8828     6.7821       7075          8  0.000e+00
      3.180   62.63750 -165.70494      3.211     6.4588     5.4822     6.4586    23.2410    24.9635  1018.2451    18.2301    348.672    344.043  324.02602    107.606     0.2039     0.8754     6.6652       7076          8  0.000e+00
      3.180   62.63750 -165.70494      3.211     6.3213     5.6467     6.3211    23.5522    24.6553  1018.5041    18.4890    348.377    342.847  324.33903    107.411     0.2051     0.8828     6.6652       7077          8  0.000e+00
      3.180   62.63750 -165.70494      3.211     6.1409     5.9072     6.1407    23.9425    24.1499  1018.8297    18.8147    347.962    341.308  324.79466    107.133     0.2039     0.8754     6.6817       7078          8  0.000e+00
      3.180   62.63750 -165.70494      3.211     5.9121     6.0991     5.9119    24.3251    23.7349  1019.1540    19.1390    347.914    340.161  325.64736    106.838     0.2051     0.8828     6.6872       7079          8  0.000e+00
      3.126   62.63750 -165.70494      3.156     5.8165     6.2505     5.8163    24.4523    23.5198  1019.2635    19.2487    347.039    339.037  326.08443    106.426     0.2039     0.8754     6.6817       7080          8  0.000e+00
      3.180   62.63750 -165.70494      3.211     5.8664     6.2227     5.8662    24.3740    23.5393  1019.1971    19.1821    344.901    338.611  325.88468    105.835     0.2051     0.8828     6.6817       7081          8  0.000e+00
      3.180   62.63750 -165.70494      3.211     5.8173     6.2877     5.8171    24.3995    23.4096  1019.2221    19.2070    343.364    337.575  326.20556    105.260     0.2039     0.8754     6.6872       7082          8  0.000e+00
      3.126   62.63750 -165.70494      3.156     5.8141     6.4077     5.8139    24.3484    23.1630  1019.1818    19.1670    341.662    336.051  326.35438    104.690     0.2039     0.8754     6.6817       7083          8  0.000e+00
      3.180   62.63750 -165.70494      3.211     5.8710     6.4283     5.8708    24.2052    23.1139  1019.0636    19.0486    339.157    335.058  326.25656    103.954     0.2039     0.8754     6.6817       7084          8  0.000e+00
      3.180   62.63750 -165.70494      3.211     5.9328     6.5164     5.9325    24.1094    23.0572  1018.9820    18.9670    336.553    333.181  326.00718    103.235     0.2051     0.8828     6.6872       7085          8  0.000e+00
      3.126   62.63750 -165.70494      3.156     5.9632     6.5683     5.9629    24.0756    22.9592  1018.9521    18.9373    333.804    331.660  325.85208    102.440     0.2039     0.8754     6.6817       7086          8  0.000e+00
      3.180   62.63750 -165.70494      3.211     5.9727     6.6402     5.9724    24.0681    22.8536  1018.9455    18.9305    331.505    329.924  325.79637    101.752     0.2051     0.8828     6.6817       7087          8  0.000e+00
      3.157   62.63750 -165.70494      3.187     5.9694     6.5971     5.9692    24.0871    22.9338  1018.9607    18.9458    329.006    328.695  325.77550    100.992     0.2039     0.8754     6.6817       7088          8  0.000e+00
      3.126   62.63750 -165.70494      3.156     5.9704     6.4643     5.9702    24.0752    23.1480  1018.9511    18.9363    326.511    327.860  325.79670    100.219     0.2051     0.8828     6.6817       7089          8  0.000e+00
      3.126   62.63750 -165.70494      3.156     6.0264     6.4666     6.0262    23.9650    23.1660  1018.8587    18.8439    323.660    326.214  325.62757     99.396     0.2039     0.8754     6.6872       7090          8  0.000e+00
      3.180   62.63750 -165.70494      3.211     6.1108     6.5594     6.1106    23.8506    23.0505  1018.7603    18.7453    321.022    323.864  325.24860     98.701     0.2039     0.8754     6.6817       7091          8  0.000e+00
      3.126   62.63750 -165.70494      3.156     6.1469     6.7091     6.1466    23.8070    22.8215  1018.7221    18.7073    318.447    321.410  325.07415     97.961     0.2039     0.8754     6.6817       7092          8  0.000e+00
      3.180   62.63750 -165.70494      3.211     6.1066     6.8674     6.1064    23.8272    22.5118  1018.7423    18.7273    316.325    319.064  325.33727     97.230     0.2039     0.8754     6.6872       7093          8  0.000e+00
      3.126   62.63750 -165.70494      3.156     6.0936     6.8906     6.0934    23.8311    22.4054  1018.7465    18.7317    314.421    317.350  325.42850     96.618     0.1954     0.8242     6.6270       7094          8  0.000e+00
      3.126   62.63750 -165.70494      3.156     6.0593     6.8144     6.0591    23.8672    22.5282  1018.7784    18.7636    312.433    315.722  325.60730     95.954     0.1807     0.7362     6.0604       7095          8  0.000e+00
      3.180   62.63750 -165.70494      3.211     6.0064     6.7599     6.0061    23.9203    22.6437  1018.8257    18.8107    310.581    313.895  325.89082     95.302     0.1783     0.7216     5.8046       7096          8  0.000e+00
      3.126   62.63750 -165.70494      3.156     6.0188     6.6650     6.0186    23.8835    22.8002  1018.7952    18.7804    308.633    312.448  325.88285     94.707     0.1783     0.7216     5.7869       7097          8  0.000e+00
      3.126   62.63750 -165.70494      3.156     6.1138     6.6027     6.1136    23.7638    22.9276  1018.6915    18.6767    306.329    310.815  325.43393     94.129     0.1795     0.7289     5.8090       7098          8  0.000e+00
      3.126   62.63750 -165.70494      3.156     6.1404     6.4860     6.1402    23.7647    23.1153  1018.6895    18.6747    303.941    309.466  325.22541     93.455     0.1783     0.7216     5.8223       7099          8  0.000e+00
      3.180   62.63750 -165.70494      3.211     6.1000     6.3739     6.0998    23.8627    23.3437  1018.7710    18.7559    302.271    307.982  325.30266     92.920     0.1795     0.7289     5.8223       7100          8  0.000e+00
      3.126   62.63750 -165.70494      3.156     6.0457     6.3466     6.0455    24.0268    23.4455  1018.9054    18.8906    300.212    305.960  325.32891     92.280     0.1783     0.7216     5.8223       7101          8  0.000e+00
      3.126   62.63750 -165.70494      3.156     5.8983     6.3681     5.8981    24.3855    23.4334  1019.2028    19.1880    298.822    303.844  325.60893     91.773     0.1795     0.7289     5.8223       7102          8  0.000e+00
      3.180   62.63750 -165.70494      3.211     5.7624     6.3422     5.7622    24.6603    23.4723  1019.4331    19.4180    297.374    302.189  326.00339     91.218     0.1783     0.7216     5.8179       7103          8  0.000e+00
      3.095   62.63750 -165.70494      3.125     5.6974     6.2135     5.6972    24.7712    23.6642  1019.5265    19.5119    295.875    301.180  326.24248     90.692     0.1795     0.7289     5.8179       7104          8  0.000e+00
      3.126   62.63750 -165.70494      3.156     5.6353     6.1292     5.6351    24.8702    23.8267  1019.6109    19.5961    294.453    299.789  326.48853     90.188     0.1783     0.7216     5.8223       7105          8  0.000e+00
      3.180   62.63750 -165.70494      3.210     5.5999     6.0907     5.5997    24.9136    23.8913  1019.6488    19.6338    293.289    298.482  326.66030     89.784     0.1795     0.7289     5.8223       7106          8  0.000e+00
      3.126   62.63750 -165.70494      3.156     5.5830     6.0401     5.5828    24.9385    23.9360  1019.6698    19.6550    291.942    297.361  326.73206     89.352     0.1783     0.7216     5.8179       7107          8  0.000e+00
      1.378   62.63750 -165.70498      1.391    13.0272    13.0290    13.0271     3.2455     3.2371  1001.8993     1.8928    299.626    291.063  321.89956     93.081     0.3626     1.8278    49.5425       9568          9  0.000e+00
      1.339   62.63750 -165.70498      1.352    13.0271    13.0288    13.0269     3.2455     3.2382  1001.8991     1.8928    299.640    291.080  321.90065     93.084     0.3639     1.8352    49.5425       9569          9  0.000e+00
      1.285   62.63750 -165.70498      1.298    13.0269    13.0282    13.0268     3.2451     3.2393  1001.8986     1.8925    299.654    291.102  321.90271     93.088     0.3626     1.8278    32.9680       9570          9  0.000e+00
      1.285   62.63750 -165.70498      1.298    13.0271    13.0279    13.0269     3.2452     3.2394  1001.8987     1.8926    299.668    291.125  321.90119     93.093     0.3626     1.8278    49.5425       9571          9  0.000e+00
      1.285   62.63750 -165.70498      1.298    13.0272    13.0281    13.0271     3.2453     3.2391  1001.8987     1.8927    299.879    291.148  321.90001     93.159     0.3626     1.8278    49.5425       9572          9  0.000e+00
      1.285   62.63750 -165.70498      1.298    13.0281    13.0280    13.0279     3.2436     3.2391  1001.8973     1.8912    299.913    291.172  321.89762     93.170     0.3639     1.8352    49.5425       9573          9  0.000e+00
      1.339   62.63750 -165.70498      1.352    13.0292    13.0280    13.0291     3.2416     3.2392  1001.8958     1.8895    299.732    291.185  321.89415     93.115     0.3626     1.8278    49.5425       9574          9  0.000e+00
      1.285   62.63750 -165.70498      1.298    13.0296    13.0279    13.0295     3.2407     3.2393  1001.8948     1.8888    299.919    291.210  321.89347     93.173     0.3639     1.8352    49.5425       9575          9  0.000e+00
      1.339   62.63750 -165.70498      1.352    13.0299    13.0283    13.0298     3.2407     3.2386  1001.8951     1.8887    299.912    291.238  321.89114     93.172     0.3626     1.8278    49.5425       9576          9  0.000e+00
      1.339   62.63750 -165.70498      1.352    13.0299    13.0287    13.0298     3.2423     3.2378  1001.8963     1.8900    299.922    291.265  321.88756     93.176     0.3639     1.8352    49.5425       9577          9  0.000e+00
      1.285   62.63750 -165.70498      1.298    13.0290    13.0293    13.0289     3.2443     3.2371  1001.8977     1.8916    299.955    291.290  321.88937     93.186     0.3626     1.8278    49.5425       9578          9  0.000e+00
      1.339   62.63750 -165.70498      1.352    13.0289    13.0290    13.0288     3.2449     3.2377  1001.8984     1.8921    299.579    291.323  321.88884     93.069     0.3626     1.8278    49.5425       9579          9  0.000e+00
      1.339   62.63750 -165.70498      1.352    13.0284    13.0285    13.0283     3.2460     3.2393  1001.8993     1.8930    299.942    291.355  321.89003     93.181     0.3639     1.8352    49.5425       9580          9  0.000e+00
      1.339   62.63750 -165.70498      1.352    13.0279    13.0288    13.0278     3.2473     3.2392  1001.9004     1.8941    299.977    291.193  321.89065     93.192     0.3639     1.8352    49.5425       9581          9  0.000e+00
      1.339   62.63750 -165.70498      1.352    13.0269    13.0292    13.0268     3.2488     3.2378  1001.9017     1.8953    299.992    291.200  321.89427     93.196     0.3639     1.8352    49.5425       9582          9  0.000e+00
      1.339   62.63750 -165.70498      1.352    13.0266    13.0295    13.0264     3.2491     3.2367  1001.9020     1.8956    300.006    291.028  321.89611     93.199     0.3626     1.8278    49.5425       9583          9  0.000e+00
      1.339   62.63750 -165.70498      1.352    13.0266    13.0298    13.0264     3.2492     3.2362  1001.9020     1.8957    300.016    291.023  321.89591     93.203     0.3639     1.8352    49.5425       9584          9  0.000e+00
      1.285   62.63750 -165.70498      1.298    13.0267    13.0298    13.0266     3.2489     3.2365  1001.9015     1.8955    300.023    291.017  321.89527     93.205     0.3626     1.8278    49.5425       9585          9  0.000e+00
      1.401   62.63750 -165.70498      1.415    13.0272    13.0299    13.0271     3.2479     3.2369  1001.9012     1.8946    300.034    291.019  321.89400     93.209     0.3639     1.8352    49.5425       9586          9  0.000e+00
      1.339   62.63750 -165.70498      1.352    13.0281    13.0298    13.0279     3.2469     3.2371  1001.9001     1.8937    300.036    291.018  321.89033     93.211     0.3639     1.8352    49.5425       9587          9  0.000e+00
      1.339   62.63750 -165.70498      1.352    13.0281    13.0295    13.0279     3.2472     3.2377  1001.9003     1.8940    300.042    291.021  321.88956     93.213     0.3639     1.8352    49.5425       9588          9  0.000e+00
