merge_samples_with_btl/SKQ202309T/ctd/skq202309t_007avg.cnv
* Sea-Bird SBE 9 Data File:
* FileName = D:\CTD\SKQ202309T\SKQ202309T_007.hex
* Software Version Seasave V 7.26.7.121
* Temperature SN = 6177
* Conductivity SN = 0369
* Number of Bytes Per Scan = 38
* Number of Voltage Words = 3
* Number of Scans Averaged by the Deck Unit = 1
* NMEA Latitude = 64 14.62 N
* NMEA Longitude = 165 32.56 W
* NMEA UTC (Time) = Jun 12 2023  15:23:52
* NMEA baud rate = 4800
** Ship: R/V Sikuliaq
** Station Number: 007
** Station Name: 011
** Bottom Depth: 19
** Operator: Steve Dykstra
# nquan = 24
# nvalues = 14                          
# units = specified
# name 0 = depSM: Depth [salt water, m]
# name 1 = latitude: Latitude [deg]
# name 2 = longitude: Longitude [deg]
# name 3 = prDM: Pressure, Digiquartz [db]
# name 4 = t090C: Temperature [ITS-90, deg C]
# name 5 = t190C: Temperature, 2 [ITS-90, deg C]
# name 6 = potemp090C: Potential Temperature [ITS-90, deg C]
# name 7 = sal00: Salinity, Practical [PSU]
# name 8 = sal11: Salinity, Practical, 2 [PSU]
# name 9 = density00: Density [density, kg/m^3]
# name 10 = sigma-é00: Density [sigma-theta, kg/m^3]
# name 11 = sbox0Mm/Kg: Oxygen, SBE 43 [umol/kg]
# name 12 = sbox1Mm/Kg: Oxygen, SBE 43, 2 [umol/kg]
# name 13 = oxsolMm/Kg: Oxygen Saturation, Garcia & Gordon [umol/kg]
# name 14 = sbeox0PS: Oxygen, SBE 43 [% saturation]
# name 15 = sbeox1PS: Oxygen, SBE 43, 2 [% saturation]
# name 16 = v0: Voltage 0
# name 17 = flECO-AFL: Fluorescence, WET Labs ECO-AFL/FL [mg/m^3]
# name 18 = v1: Voltage 1
# name 19 = CStarAt0: Beam Attenuation, WET Labs C-Star [1/m]
# name 20 = scan: Scan Count
# name 21 = timeM: Time, Elapsed [minutes]
# name 22 = nbin: number of scans per bin
# name 23 = flag: flag
# span 0 =      0.991,     13.863       
# span 1 =   64.24364,   64.24366       
# span 2 = -165.54259, -165.54255       
# span 3 =      1.000,     14.000       
# span 4 =     1.5752,     8.3642       
# span 5 =     1.5740,     8.3915       
# span 6 =     1.5747,     8.3641       
# span 7 =    17.0743,    28.9136       
# span 8 =    17.0641,    28.9261       
# span 9 =  1013.2022,  1023.1895       
# span 10 =    13.1976,    23.1239      
# span 11 =    349.407,    383.634      
# span 12 =    344.666,    373.179      
# span 13 =  324.02220,  350.95734      
# span 14 =    103.525,    109.548      
# span 15 =    100.187,    106.569      
# span 16 =     0.1280,     0.3962      
# span 17 =     0.4198,     2.0287      
# span 18 =     2.6452,     3.9219      
# span 19 =     0.7345,     2.3174      
# span 20 =       -871,       2711      
# span 21 =    -0.6052,     1.8820      
# span 22 =          9,        598      
# span 23 = 0.0000e+00, 0.0000e+00      
# interval = decibars: 1                
# start_time = Jun 12 2023 15:28:02 [NMEA time, first data scan]
# bad_flag = -9.990e-29
*END*
      0.991   64.24366 -165.54259      1.000     8.3642     8.3915     8.3641    17.0743    17.0641  1013.2022    13.1976    349.407    344.858  324.02220    107.825    106.458     0.3962     2.0287     2.7647     2.1327       -871    -0.6052          9 0.0000e+00
      1.980   64.24366 -165.54257      2.000     5.9992     5.9582     5.9991    21.0054    21.0967  1016.5265    16.5170    357.522    344.666  333.02863    107.359    103.458     0.3717     1.8826     2.6815     2.2559       1029     0.7137        244 0.0000e+00
      2.971   64.24366 -165.54256      3.000     4.5319     4.3831     4.5318    24.5855    24.8894  1019.4827    19.4685    362.867    346.385  336.13649    107.924    102.907     0.3129     1.5292     2.6452     2.3174        797     0.5528        152 0.0000e+00
      3.961   64.24366 -165.54256      4.000     1.8567     2.0716     1.8566    27.7403    27.5503  1022.1877    22.1686    368.753    353.926  350.82135    105.114    101.304     0.1715     0.6811     3.7354     0.9292        959     0.6653        143 0.0000e+00
      4.951   64.24366 -165.54256      5.000     1.6815     1.7264     1.6813    28.2772    28.1970  1022.6319    22.6081    363.326    351.423  350.95734    103.525    100.187     0.1366     0.4714     3.8915     0.7657       1115     0.7736        167 0.0000e+00
      5.941   64.24366 -165.54256      6.000     1.7998     1.8109     1.7996    28.5558    28.5369  1022.8530    22.8244    363.559    352.801  349.14814    104.128    101.060     0.1280     0.4198     3.9219     0.7345       1272     0.8828        141 0.0000e+00
      6.932   64.24366 -165.54256      7.000     1.7885     1.7922     1.7882    28.8380    28.8408  1023.0844    23.0510    368.069    356.842  348.49354    105.617    102.408     0.1379     0.4794     3.9169     0.7397       1431     0.9931        169 0.0000e+00
      7.922   64.24364 -165.54256      8.000     1.7673     1.7701     1.7670    28.8683    28.8812  1023.1147    23.0766    371.802    361.234  348.60161    106.655    103.641     0.1610     0.6181     3.8609     0.7973       1588     1.1023        143 0.0000e+00
      8.912   64.24364 -165.54256      9.000     1.7647     1.7662     1.7644    28.8725    28.8857  1023.1229    23.0801    372.058    361.784  348.61302    106.725    103.792     0.1779     0.7195     3.8386     0.8204       1752     1.2158        167 0.0000e+00
      9.902   64.24364 -165.54256     10.000     1.7333     1.7328     1.7329    28.8805    28.8938  1023.1359    23.0883    372.788    362.038  348.87184    106.855    103.783     0.1793     0.7275     3.8192     0.8408       1906     1.3229        148 0.0000e+00
     10.892   64.24364 -165.54256     11.000     1.6318     1.6349     1.6314    28.9016    28.9146  1023.1635    23.1111    376.508    366.332  349.72220    107.659    104.768     0.2154     0.9442     3.7269     0.9387       2053     1.4249        124 0.0000e+00
     11.883   64.24364 -165.54256     12.000     1.5880     1.5832     1.5875    28.9109    28.9256  1023.1782    23.1210    381.545    370.638  350.09030    108.985    105.868     0.2312     1.0393     3.6602     1.0110       2167     1.5040        111 0.0000e+00
     12.873   64.24364 -165.54256     13.000     1.5752     1.5740     1.5747    28.9136    28.9261  1023.1858    23.1239    383.634    373.179  350.19725    109.548    106.569     0.2463     1.1296     3.6520     1.0199       2301     1.5972        173 0.0000e+00
     13.863   64.24364 -165.54255     14.000     1.5754     1.5758     1.5749    28.9122    28.9239  1023.1895    23.1228    383.618    373.137  350.19928    109.543    106.560     0.2466     1.1318     3.6312     1.0427       2711     1.8820        598 0.0000e+00
