merge_samples_with_btl/SKQ202309T/ctd/skq202309t_006svp.cnv
* Sea-Bird SBE 9 Data File:
* FileName = D:\CTD\SKQ202309T\SKQ202309T_006.hex
* Software Version Seasave V 7.26.7.121
* Temperature SN = 6177
* Conductivity SN = 0369
* Number of Bytes Per Scan = 38
* Number of Voltage Words = 3
* Number of Scans Averaged by the Deck Unit = 1
* NMEA Latitude = 63 13.86 N
* NMEA Longitude = 165 38.62 W
* NMEA UTC (Time) = Jun 12 2023  07:50:19
* NMEA baud rate = 4800
** Ship: R/V Sikuliaq
** Station Number: 006
** Station Name: STN 009
** Bottom Depth: 23
** Operator: Seth Zippel
# nquan = 7
# nvalues = 4827                                  
# units = specified
# name 0 = depSM: Depth [salt water, m]
# name 1 = latitude: Latitude [deg]
# name 2 = longitude: Longitude [deg]
# name 3 = t090C: Temperature [ITS-90, deg C]
# name 4 = sal00: Salinity, Practical [PSU]
# name 5 = svCM: Sound Velocity [Chen-Millero, m/s]
# name 6 = flag:  0.000e+00
# span 0 =      1.097,     14.739                 
# span 1 =   63.23124,   63.23136                 
# span 2 = -165.64270, -165.64250                 
# span 3 =    -1.0156,    12.3016                 
# span 4 =     9.2773,    30.5974                 
# span 5 =    1438.66,    1468.74                 
# span 6 = 0.0000e+00, 0.0000e+00                 
# interval = seconds: 0.0416667
# start_time = Jun 12 2023 07:55:11 [NMEA time, first data scan]
# bad_flag = -9.990e-29
*END*
[from data line 616]
      1.612   63.23126 -165.64266    12.1996     9.5768    1467.34  0.000e+00
      1.611   63.23126 -165.64266    12.1991     9.5775    1467.34  0.000e+00
      1.611   63.23126 -165.64266    12.1989     9.5783    1467.34  0.000e+00
      1.611   63.23126 -165.64266    12.1988     9.5798    1467.34  0.000e+00
      1.611   63.23126 -165.64266    12.1991     9.5804    1467.34  0.000e+00
      1.611   63.23126 -165.64266    12.1991     9.5806    1467.34  0.000e+00
      1.665   63.23126 -165.64266    12.1996     9.5801    1467.34  0.000e+00
      1.611   63.23126 -165.64266    12.2005     9.5806    1467.34  0.000e+00
      1.611   63.23126 -165.64266    12.2006     9.5827    1467.35  0.000e+00
      1.665   63.23126 -165.64266    12.2007     9.5851    1467.35  0.000e+00
      1.611   63.23126 -165.64266    12.1999     9.5871    1467.35  0.000e+00
      1.611   63.23126 -165.64266    12.1996     9.5880    1467.35  0.000e+00
      1.665   63.23126 -165.64266    12.1999     9.5869    1467.35  0.000e+00
      1.665   63.23126 -165.64266    12.2004     9.5845    1467.35  0.000e+00
      1.611   63.23126 -165.64266    12.2009     9.5829    1467.35  0.000e+00
      1.665   63.23126 -165.64266    12.2012     9.5811    1467.35  0.000e+00
      1.665   63.23126 -165.64266    12.2054     9.5766    1467.36  0.000e+00
      1.665   63.23126 -165.64266    12.2114     9.5715    1467.37  0.000e+00
      1.665   63.23126 -165.64266    12.2142     9.5675    1467.38  0.000e+00
      1.550   63.23126 -165.64266    12.2148     9.5636    1467.38  0.000e+00
      1.758   63.23126 -165.64266    12.2148     9.5599    1467.37  0.000e+00
      1.665   63.23126 -165.64266    12.2152     9.5564    1467.37  0.000e+00
      1.719   63.23126 -165.64266    12.2155     9.5545    1467.37  0.000e+00
      1.719   63.23126 -165.64266    12.2161     9.5535    1467.37  0.000e+00
      1.665   63.23126 -165.64266    12.2167     9.5539    1467.37  0.000e+00
      1.719   63.23126 -165.64266    12.2198     9.5533    1467.38  0.000e+00
      1.719   63.23126 -165.64266    12.2219     9.5540    1467.39  0.000e+00
      1.719   63.23126 -165.64266    12.2235     9.5569    1467.40  0.000e+00
      1.719   63.23126 -165.64266    12.2213     9.5608    1467.40  0.000e+00
      1.719   63.23126 -165.64266    12.2162     9.5647    1467.38  0.000e+00
      1.781   63.23126 -165.64266    12.2112     9.5711    1467.38  0.000e+00
      1.781   63.23126 -165.64266    12.2070     9.5806    1467.37  0.000e+00
      1.781   63.23126 -165.64266    12.2046     9.5866    1467.37  0.000e+00
      1.781   63.23126 -165.64266    12.2041     9.5882    1467.37  0.000e+00
      1.781   63.23126 -165.64266    12.2051     9.5871    1467.37  0.000e+00
      1.781   63.23126 -165.64266    12.2061     9.5862    1467.37  0.000e+00
      1.835   63.23126 -165.64266    12.2072     9.5863    1467.38  0.000e+00
      1.781   63.23126 -165.64266    12.2077     9.5868    1467.38  0.000e+00
      1.835   63.23126 -165.64266    12.2069     9.5877    1467.38  0.000e+00
      1.835   63.23126 -165.64266    12.2056     9.5884    1467.38  0.000e+00
      1.835   63.23126 -165.64266    12.2052     9.5900    1467.38  0.000e+00
      1.835   63.23126 -165.64266    12.2019     9.5989    1467.38  0.000e+00
      1.835   63.23126 -165.64266    12.1953     9.6185    1467.37  0.000e+00
      1.835   63.23126 -165.64266    12.1854     9.6460    1467.37  0.000e+00
      1.897   63.23126 -165.64266    12.1786     9.6668    1467.37  0.000e+00
      1.897   63.23126 -165.64266    12.1721     9.6768    1467.36  0.000e+00
      1.835   63.23126 -165.64266    12.1607     9.6986    1467.34  0.000e+00
      1.897   63.23126 -165.64266    12.1503     9.7231    1467.33  0.000e+00
      1.897   63.23126 -165.64266    12.1501     9.7315    1467.34  0.000e+00
      1.866   63.23126 -165.64266    12.1504     9.7359    1467.35  0.000e+00
      1.897   63.23126 -165.64266    12.1519     9.7431    1467.36  0.000e+00
      1.897   63.23126 -165.64266    12.1463     9.7581    1467.36  0.000e+00
      1.897   63.23126 -165.64266    12.1364     9.7677    1467.34  0.000e+00
      1.897   63.23126 -165.64266    12.1418     9.7574    1467.34  0.000e+00
      1.951   63.23126 -165.64266    12.1519     9.7434    1467.37  0.000e+00
      1.897   63.23126 -165.64266    12.1576     9.7392    1467.38  0.000e+00
      1.951   63.23126 -165.64266    12.1591     9.7461    1467.40  0.000e+00
      1.897   63.23126 -165.64266    12.1523     9.7618    1467.39  0.000e+00
      1.951   63.23126 -165.64266    12.1374     9.7754    1467.35  0.000e+00
      1.897   63.23126 -165.64266    12.1196     9.7899    1467.30  0.000e+00
      1.951   63.23126 -165.64266    12.1109     9.8077    1467.29  0.000e+00
      1.951   63.23126 -165.64266    12.1118     9.8226    1467.31  0.000e+00
      1.950   63.23126 -165.64266    12.1055     9.8382    1467.31  0.000e+00
      1.950   63.23126 -165.64266    12.0995     9.8471    1467.30  0.000e+00
      1.950   63.23126 -165.64266    12.0957     9.8488    1467.29  0.000e+00
      1.950   63.23126 -165.64266    12.0930     9.8502    1467.28  0.000e+00
      1.950   63.23126 -165.64266    12.0953     9.8487    1467.28  0.000e+00
      1.896   63.23126 -165.64266    12.0950     9.8434    1467.28  0.000e+00
      2.012   63.23126 -165.64266    12.0940     9.8323    1467.26  0.000e+00
      1.950   63.23126 -165.64266    12.0998     9.8157    1467.26  0.000e+00
      1.950   63.23126 -165.64266    12.1037     9.8050    1467.26  0.000e+00
      1.950   63.23126 -165.64266    12.1078     9.8042    1467.28  0.000e+00
      1.950   63.23126 -165.64266    12.1044     9.8102    1467.27  0.000e+00
      2.012   63.23126 -165.64266    12.1053     9.8052    1467.27  0.000e+00
      1.950   63.23126 -165.64266    12.1158     9.7877    1467.29  0.000e+00
      2.012   63.23126 -165.64266    12.1329     9.7648    1467.32  0.000e+00
      1.981   63.23126 -165.64266    12.1521     9.7388    1467.36  0.000e+00
      1.950   63.23126 -165.64266    12.1648     9.7161    1467.38  0.000e+00
      2.012   63.23126 -165.64266    12.1695     9.6993    1467.38  0.000e+00
      1.950   63.23126 -165.64266    12.1709     9.6834    1467.36  0.000e+00
      2.012   63.23126 -165.64266    12.1741     9.6708    1467.36  0.000e+00
      2.012   63.23126 -165.64266    12.1713     9.6662    1467.35  0.000e+00
      2.012   63.23126 -165.64266    12.1744     9.6615    1467.35  0.000e+00
      2.012   63.23126 -165.64266    12.1704     9.6792    1467.36  0.000e+00
      1.950   63.23126 -165.64266    12.1576     9.7059    1467.34  0.000e+00
      2.066   63.23126 -165.64266    12.1530     9.7170    1467.34  0.000e+00
      2.012   63.23126 -165.64266    12.1501     9.7167    1467.33  0.000e+00
      2.012   63.23126 -165.64266    12.1507     9.7064    1467.32  0.000e+00
      2.012   63.23126 -165.64266    12.1560     9.7006    1467.33  0.000e+00
      2.012   63.23126 -165.64266    12.1466     9.7232    1467.32  0.000e+00
      2.066   63.23126 -165.64266    12.1307     9.7433    1467.29  0.000e+00
      2.012   63.23126 -165.64266    12.1296     9.7448    1467.29  0.000e+00
      2.012   63.23126 -165.64266    12.1394     9.7293    1467.30  0.000e+00
      2.066   63.23126 -165.64266    12.1595     9.6999    1467.34  0.000e+00
      2.012   63.23126 -165.64266    12.1646     9.6859    1467.34  0.000e+00
      2.066   63.23126 -165.64266    12.1643     9.6752    1467.33  0.000e+00
      2.012   63.23126 -165.64266    12.1707     9.6620    1467.34  0.000e+00
      2.066   63.23126 -165.64266    12.1779     9.6564    1467.36  0.000e+00
      2.066   63.23126 -165.64266    12.1832     9.6547    1467.38  0.000e+00
      2.066   63.23126 -165.64266    12.1849     9.6494    1467.38  0.000e+00
      2.066   63.23126 -165.64266    12.1867     9.6529    1467.39  0.000e+00
      1.950   63.23126 -165.64266    12.1786     9.6787    1467.39  0.000e+00
      2.159   63.23126 -165.64266    12.1633     9.7217    1467.39  0.000e+00
      2.066   63.23126 -165.64266    12.1412     9.7736    1467.36  0.000e+00
      2.066   63.23126 -165.64266    12.1140     9.8222    1467.32  0.000e+00
      2.120   63.23126 -165.64266    12.0929     9.8555    1467.29  0.000e+00
      2.066   63.23126 -165.64266    12.0776     9.8752    1467.25  0.000e+00
      2.066   63.23126 -165.64266    12.0694     9.8797    1467.23  0.000e+00
      2.120   63.23126 -165.64266    12.0659     9.8732    1467.21  0.000e+00
      2.066   63.23126 -165.64266    12.0636     9.8703    1467.19  0.000e+00
      2.120   63.23126 -165.64266    12.0613     9.8756    1467.19  0.000e+00
      2.120   63.23126 -165.64266    12.0589     9.8836    1467.19  0.000e+00
      2.182   63.23126 -165.64266    12.0572     9.8887    1467.20  0.000e+00
      2.120   63.23126 -165.64266    12.0601     9.8896    1467.21  0.000e+00
      2.120   63.23126 -165.64266    12.0659     9.8890    1467.23  0.000e+00
      2.120   63.23126 -165.64266    12.0697     9.8866    1467.24  0.000e+00
      2.182   63.23126 -165.64266    12.0721     9.8822    1467.24  0.000e+00
      2.182   63.23126 -165.64266    12.0721     9.8710    1467.23  0.000e+00
      2.182   63.23126 -165.64266    12.0734     9.8539    1467.21  0.000e+00
      2.182   63.23126 -165.64266    12.0785     9.8470    1467.22  0.000e+00
      2.182   63.23126 -165.64266    12.0824     9.8485    1467.24  0.000e+00
      2.236   63.23126 -165.64266    12.0875     9.8425    1467.25  0.000e+00
      2.182   63.23126 -165.64266    12.0890     9.8322    1467.24  0.000e+00
      2.236   63.23126 -165.64266    12.0970     9.8164    1467.26  0.000e+00
      2.236   63.23126 -165.64266    12.1075     9.8024    1467.28  0.000e+00
      2.182   63.23126 -165.64266    12.1128     9.8028    1467.30  0.000e+00
      2.266   63.23126 -165.64266    12.1077     9.8142    1467.29  0.000e+00
      2.297   63.23126 -165.64266    12.1026     9.8230    1467.29  0.000e+00
      2.297   63.23126 -165.64266    12.1000     9.8276    1467.28  0.000e+00
      2.236   63.23126 -165.64266    12.0971     9.8274    1467.27  0.000e+00
      2.297   63.23126 -165.64266    12.0973     9.8225    1467.27  0.000e+00
      2.297   63.23126 -165.64266    12.0995     9.8194    1467.27  0.000e+00
      2.351   63.23126 -165.64266    12.1003     9.8231    1467.28  0.000e+00
      2.297   63.23126 -165.64266    12.0935     9.8519    1467.29  0.000e+00
      2.297   63.23126 -165.64266    12.0825     9.8897    1467.29  0.000e+00
      2.351   63.23126 -165.64266    12.0643     9.9313    1467.27  0.000e+00
      2.297   63.23126 -165.64266    12.0413     9.9895    1467.26  0.000e+00
      2.351   63.23126 -165.64266    12.0213    10.0536    1467.26  0.000e+00
      2.351   63.23126 -165.64266    12.0057    10.0978    1467.26  0.000e+00
      2.351   63.23126 -165.64266    11.9905    10.1121    1467.22  0.000e+00
      2.351   63.23126 -165.64266    11.9790    10.1128    1467.18  0.000e+00
      2.413   63.23126 -165.64266    11.9705    10.1033    1467.14  0.000e+00
      2.351   63.23126 -165.64266    11.9603    10.0807    1467.07  0.000e+00
      2.413   63.23126 -165.64266    11.9619    10.0509    1467.04  0.000e+00
      2.351   63.23126 -165.64266    11.9691    10.0362    1467.05  0.000e+00
      2.413   63.23126 -165.64266    11.9712    10.1234    1467.16  0.000e+00
      2.413   63.23126 -165.64266    11.9599    10.4939    1467.56  0.000e+00
      2.297   63.23126 -165.64266    11.8979    11.0605    1468.01  0.000e+00
      2.444   63.23126 -165.64266    11.8712    11.5356    1468.48  0.000e+00
      2.413   63.23126 -165.64266    11.8288    11.8873    1468.74  0.000e+00
      2.413   63.23126 -165.64266    11.5702    12.1380    1468.09  0.000e+00
      2.351   63.23126 -165.64266    11.2943    12.3231    1467.29  0.000e+00
      2.413   63.23126 -165.64266    11.0626    12.6195    1466.78  0.000e+00
      2.413   63.23126 -165.64266    10.8771    13.0592    1466.61  0.000e+00
      2.413   63.23126 -165.64266    10.7074    13.5105    1466.52  0.000e+00
      2.351   63.23126 -165.64266    10.4559    13.8948    1466.03  0.000e+00
      2.413   63.23126 -165.64266    10.1714    14.1984    1465.32  0.000e+00
      2.351   63.23126 -165.64266     9.9534    14.4652    1464.81  0.000e+00
      2.413   63.23126 -165.64266     9.8042    14.6985    1464.53  0.000e+00
      2.351   63.23126 -165.64266     9.7239    14.8230    1464.37  0.000e+00
      2.351   63.23126 -165.64266     9.6973    14.8542    1464.31  0.000e+00
      2.413   63.23126 -165.64266     9.6833    14.8564    1464.26  0.000e+00
      2.351   63.23126 -165.64266     9.6561    14.8813    1464.18  0.000e+00
      2.413   63.23126 -165.64266     9.6403    14.9077    1464.15  0.000e+00
      2.351   63.23126 -165.64266     9.6278    14.9482    1464.15  0.000e+00
      2.351   63.23126 -165.64266     9.6016    14.9895    1464.10  0.000e+00
      2.413   63.23126 -165.64266     9.5791    15.0134    1464.05  0.000e+00
      2.351   63.23126 -165.64266     9.5537    15.0402    1463.98  0.000e+00
      2.351   63.23126 -165.64266     9.5479    15.0267    1463.94  0.000e+00
      2.382   63.23126 -165.64266     9.5900    14.9450    1464.00  0.000e+00
      2.351   63.23126 -165.64266     9.6321    14.8483    1464.05  0.000e+00
      2.351   63.23126 -165.64266     9.6678    14.7704    1464.09  0.000e+00
      2.351   63.23126 -165.64266     9.6836    14.7406    1464.12  0.000e+00
      2.351   63.23126 -165.64266     9.6767    14.7711    1464.13  0.000e+00
      2.413   63.23126 -165.64266     9.6333    14.8739    1464.08  0.000e+00
      2.351   63.23126 -165.64266     9.5872    14.9786    1464.03  0.000e+00
      2.351   63.23126 -165.64266     9.6027    14.9912    1464.11  0.000e+00
      2.413   63.23126 -165.64266     9.6287    15.0379    1464.27  0.000e+00
      2.351   63.23126 -165.64266     9.6243    15.1363    1464.37  0.000e+00
      2.413   63.23126 -165.64266     9.6080    15.2279    1464.42  0.000e+00
      2.351   63.23126 -165.64266     9.5828    15.3000    1464.41  0.000e+00
      2.413   63.23126 -165.64266     9.5114    15.3901    1464.24  0.000e+00
      2.413   63.23126 -165.64266     9.4028    15.5174    1463.98  0.000e+00
      2.413   63.23126 -165.64266     9.3369    15.5969    1463.82  0.000e+00
      2.413   63.23126 -165.64266     9.3106    15.5960    1463.72  0.000e+00
      2.467   63.23126 -165.64266     9.2820    15.6751    1463.70  0.000e+00
      2.413   63.23126 -165.64266     9.2502    15.7753    1463.70  0.000e+00
      2.467   63.23126 -165.64266     9.2632    15.6893    1463.65  0.000e+00
      2.413   63.23126 -165.64266     9.2855    15.5269    1463.54  0.000e+00
      2.521   63.23126 -165.64266     9.2660    15.6159    1463.57  0.000e+00
      2.444   63.23126 -165.64266     9.2271    15.8176    1463.66  0.000e+00
      2.521   63.23126 -165.64266     9.1672    15.9826    1463.64  0.000e+00
      2.467   63.23126 -165.64266     9.1004    16.1163    1463.54  0.000e+00
      2.583   63.23126 -165.64266     9.0676    16.1961    1463.51  0.000e+00
      2.521   63.23126 -165.64266     9.0402    16.2741    1463.50  0.000e+00
      2.521   63.23126 -165.64266     9.0090    16.4095    1463.54  0.000e+00
      2.521   63.23126 -165.64266     8.9225    16.6556    1463.51  0.000e+00
      2.583   63.23126 -165.64266     8.8032    16.9006    1463.34  0.000e+00
      2.583   63.23126 -165.64266     8.7065    17.1283    1463.24  0.000e+00
      2.583   63.23126 -165.64266     8.6163    17.3271    1463.13  0.000e+00
      2.637   63.23126 -165.64266     8.5460    17.4230    1462.98  0.000e+00
      2.637   63.23126 -165.64266     8.5019    17.4850    1462.88  0.000e+00
      2.637   63.23126 -165.64266     8.4512    17.6025    1462.82  0.000e+00
      2.637   63.23126 -165.64266     8.3889    17.7338    1462.74  0.000e+00
