merge_samples_with_btl/SKQ202309T/ctd/skq202309t_005.cnv
* Sea-Bird SBE 9 Data File:
* FileName = D:\CTD\SKQ202309T\SKQ202309T_005.hex
* Software Version Seasave V 7.26.7.121
* Temperature SN = 6177
* Conductivity SN = 0369
* Number of Bytes Per Scan = 38
* Number of Voltage Words = 3
* Number of Scans Averaged by the Deck Unit = 1
* NMEA Latitude = 62 38.25 N
* NMEA Longitude = 165 42.28 W
* NMEA UTC (Time) = Jun 12 2023  01:37:43
* NMEA baud rate = 4800
** Ship: R/V Sikuliaq
** Station Number: 005
** Station Name: STN 008
** Bottom Depth: 12
** Operator: Kay McMonigal
# nquan = 23
# nvalues = 3288                                  
# units = specified
# name 0 = depSM: Depth [salt water, m]
# name 1 = latitude: Latitude [deg]
# name 2 = longitude: Longitude [deg]
# name 3 = prDM: Pressure, Digiquartz [db]
# name 4 = t090C: Temperature [ITS-90, deg C]
# name 5 = t190C: Temperature, 2 [ITS-90, deg C]
# name 6 = potemp090C: Potential Temperature [ITS-90, deg C]
# name 7 = sal00: Salinity, Practical [PSU]
# name 8 = sal11: Salinity, Practical, 2 [PSU]
# name 9 = density00: Density [density, kg/m^3]
# name 10 = sigma-é00: Density [sigma-theta, kg/m^3]
# name 11 = sbox0Mm/Kg: Oxygen, SBE 43 [umol/kg]
# name 12 = sbox1Mm/Kg: Oxygen, SBE 43, 2 [umol/kg]
# name 13 = oxsolMm/Kg: Oxygen Saturation, Garcia & Gordon [umol/kg]
# name 14 = sbeox0PS: Oxygen, SBE 43 [% saturation]
# name 15 = sbeox1PS: Oxygen, SBE 43, 2 [% saturation]
# name 16 = v0: Voltage 0
# name 17 = flECO-AFL: Fluorescence, WET Labs ECO-AFL/FL [mg/m^3]
# name 18 = v1: Voltage 1
# name 19 = CStarAt0: Beam Attenuation, WET Labs C-Star [1/m]
# name 20 = scan: Scan Count
# name 21 = timeM: Time, Elapsed [minutes]
# name 22 = flag:  0.000e+00
# span 0 =      1.229,      5.785                 
# span 1 =   62.63746,   62.63748                 
# span 2 = -165.70490, -165.70482                 
# span 3 =      1.241,      5.842                 
# span 4 =     3.0533,    13.0234                 
# span 5 =     3.0442,    13.0212                 
# span 6 =     3.0530,    13.0233                 
# span 7 =     3.2223,    27.9448                 
# span 8 =     3.2209,    27.9814                 
# span 9 =  1001.8824,  1022.2803                 
# span 10 =     1.8754,    22.2537                
# span 11 =    285.095,    348.236                
# span 12 =    279.432,    320.281                
# span 13 =  318.98102,  340.25973                
# span 14 =     88.883,    102.720                
# span 15 =     87.087,     94.468                
# span 16 =     0.1160,     0.3614                
# span 17 =     0.3480,     1.8205                
# span 18 =     0.0012,     2.6020                
# span 19 =     2.3764,    49.5425                
# span 20 =          1,       3288                
# span 21 =     0.0000,     2.2826                
# span 22 = 0.0000e+00, 0.0000e+00                
# interval = seconds: 0.0416667
# start_time = Jun 12 2023 01:40:04 [NMEA time, first data scan]
# bad_flag = -9.990e-29
*END*
[from data line 3213]
      5.647   62.63748 -165.70490      5.702     3.0646     3.0679     3.0644    27.8875    27.8880  1022.2346    22.2076    325.021    316.348  339.89735     95.623     93.079     0.1661     0.6483     2.5678     2.4294       3214     2.2313  0.000e+00
      5.616   62.63748 -165.70490      5.671     3.0664     3.0692     3.0661    27.8811    27.8837  1022.2292    22.2023    324.991    316.539  339.89886     95.614     93.136     0.1673     0.6557     2.5678     2.4294       3215     2.2319  0.000e+00
      5.670   62.63748 -165.70490      5.725     3.0678     3.0697     3.0675    27.8743    27.8794  1022.2239    22.1968    324.971    316.564  339.90454     95.607     93.141     0.1661     0.6483     2.5641     2.4351       3216     2.2326  0.000e+00
      5.670   62.63748 -165.70490      5.725     3.0692     3.0713     3.0689    27.8686    27.8727  1022.2193    22.1922    324.951    316.585  339.90757     95.600     93.146     0.1673     0.6557     2.5470     2.4619       3217     2.2333  0.000e+00
      5.616   62.63748 -165.70490      5.671     3.0711     3.0744     3.0708    27.8644    27.8579  1022.2155    22.1887    324.921    316.610  339.90194     95.593     93.150     0.1661     0.6483     2.5397     2.4734       3218     2.2340  0.000e+00
      5.616   62.63748 -165.70490      5.671     3.0721     3.0766     3.0718    27.8625    27.8463  1022.2140    22.1871    324.901    316.638  339.89868     95.588     93.156     0.1673     0.6557     2.5397     2.4734       3219     2.2347  0.000e+00
      5.670   62.63748 -165.70490      5.725     3.0731     3.0766     3.0729    27.8605    27.8476  1022.2125    22.1854    324.885    316.434  339.89491     95.584     93.097     0.1661     0.6483     2.5409     2.4715       3220     2.2354  0.000e+00
      5.616   62.63748 -165.70490      5.671     3.0731     3.0753     3.0729    27.8620    27.8578  1022.2135    22.1867    324.868    316.418  339.89084     95.580     93.096     0.1673     0.6557     2.5409     2.4715       3221     2.2361  0.000e+00
      5.616   62.63748 -165.70490      5.671     3.0720     3.0735     3.0717    27.8575    27.8668  1022.2099    22.1831    324.883    316.614  339.91218     95.578     93.156     0.1661     0.6483     2.5409     2.4715       3222     2.2368  0.000e+00
      5.647   62.63748 -165.70490      5.702     3.0749     3.0737     3.0746    27.8382    27.8674  1022.1945    22.1675    324.900    316.437  339.93742     95.577     93.105     0.1673     0.6557     2.5409     2.4715       3223     2.2375  0.000e+00
      5.616   62.63748 -165.70490      5.671     3.0770     3.0739     3.0768    27.8291    27.8642  1022.1869    22.1601    324.900    316.445  339.94277     95.575     93.105     0.1661     0.6483     2.5409     2.4715       3224     2.2382  0.000e+00
      5.616   62.63748 -165.70490      5.671     3.0784     3.0742     3.0782    27.8280    27.8635  1022.1860    22.1592    325.340    316.425  339.93359     95.707     93.100     0.1661     0.6483     2.5409     2.4715       3225     2.2389  0.000e+00
      5.616   62.63748 -165.70490      5.671     3.0796     3.0750     3.0793    27.8292    27.8646  1022.1869    22.1600    324.951    316.398  339.92103     95.596     93.094     0.1673     0.6557     2.5409     2.4715       3226     2.2396  0.000e+00
      5.616   62.63748 -165.70490      5.671     3.0793     3.0757     3.0791    27.8323    27.8647  1022.1893    22.1625    324.279    316.376  339.91503     95.400     93.089     0.1673     0.6557     2.5409     2.4715       3227     2.2403  0.000e+00
      5.616   62.63748 -165.70490      5.671     3.0800     3.0760     3.0798    27.8287    27.8643  1022.1864    22.1596    324.895    316.559  339.91830     95.580     93.144     0.1673     0.6557     2.5409     2.4715       3228     2.2410  0.000e+00
      5.616   62.63748 -165.70490      5.671     3.0804     3.0775     3.0801    27.8270    27.8565  1022.1850    22.1582    324.912    316.572  339.92001     95.585     93.146     0.1661     0.6483     2.5409     2.4715       3229     2.2417  0.000e+00
      5.616   62.63748 -165.70490      5.671     3.0802     3.0823     3.0799    27.8274    27.8334  1022.1854    22.1585    324.932    316.592  339.92025     95.591     93.147     0.1673     0.6557     2.5409     2.4715       3230     2.2424  0.000e+00
      5.616   62.63748 -165.70490      5.671     3.0803     3.0883     3.0800    27.8306    27.8062  1022.1880    22.1611    324.983    316.436  339.91100     95.608     93.095     0.1661     0.6483     2.5409     2.4715       3231     2.2431  0.000e+00
      5.585   62.63748 -165.70490      5.640     3.0796     3.0887     3.0793    27.8372    27.8017  1022.1931    22.1664    324.999    316.453  339.90050     95.616     93.098     0.1673     0.6557     2.5409     2.4715       3232     2.2437  0.000e+00
      5.616   62.63748 -165.70490      5.671     3.0759     3.0877     3.0756    27.8488    27.8099  1022.2027    22.1759    325.035    316.432  339.90137     95.626     93.095     0.1661     0.6483     2.5409     2.4715       3233     2.2444  0.000e+00
      5.616   62.63748 -165.70490      5.671     3.0730     3.0856     3.0727    27.8557    27.8199  1022.2084    22.1816    325.041    316.416  339.90863     95.626     93.093     0.1661     0.6483     2.5409     2.4715       3234     2.2451  0.000e+00
      5.554   62.63748 -165.70490      5.608     3.0712     3.0842     3.0709    27.8605    27.8258  1022.2121    22.1856    325.076    316.401  339.91111     95.636     93.089     0.1587     0.6044     2.5409     2.4715       3235     2.2458  0.000e+00
      5.616   62.63748 -165.70490      5.671     3.0711     3.0836     3.0708    27.8549    27.8274  1022.2080    22.1811    325.094    316.598  339.92645     95.637     93.147     0.1551     0.5824     2.5409     2.4715       3236     2.2465  0.000e+00
      5.616   62.63748 -165.70490      5.671     3.0753     3.0823     3.0750    27.8177    27.8311  1022.1780    22.1512    325.185    316.614  339.98647     95.647     93.151     0.1538     0.5751     2.5360     2.4792       3237     2.2472  0.000e+00
      5.554   62.63748 -165.70490      5.608     3.0829     3.0794     3.0826    27.7704    27.8412  1022.1395    22.1130    325.309    316.427  340.04451     95.667     93.097     0.1551     0.5824     2.5336     2.4830       3238     2.2479  0.000e+00
      5.616   62.63748 -165.70490      5.671     3.0864     3.0768     3.0862    27.7376    27.8510  1022.1134    22.0865    325.406    316.422  340.09885     95.680     93.096     0.1538     0.5751     2.5336     2.4830       3239     2.2486  0.000e+00
      5.616   62.63748 -165.70490      5.671     3.0928     3.0752     3.0925    27.7019    27.8593  1022.0845    22.0576    325.448    316.610  340.13736     95.681     93.153     0.1551     0.5824     2.5336     2.4830       3240     2.2493  0.000e+00
      5.585   62.63748 -165.70490      5.640     3.1037     3.0739     3.1034    27.6644    27.8638  1022.0537    22.0270    325.451    316.626  340.14086     95.681     93.158     0.1538     0.5751     2.5336     2.4830       3241     2.2500  0.000e+00
      5.616   62.63748 -165.70490      5.671     3.1112     3.0735     3.1110    27.6450    27.8646  1022.0379    22.0110    325.446    316.444  340.12690     95.684     93.104     0.1551     0.5824     2.5336     2.4830       3242     2.2507  0.000e+00
      5.554   62.63748 -165.70490      5.608     3.1168     3.0736     3.1165    27.6374    27.8648  1022.0311    22.0045    325.428    316.435  340.09994     95.686     93.102     0.1538     0.5751     2.5336     2.4830       3243     2.2514  0.000e+00
      5.616   62.63748 -165.70490      5.671     3.1211     3.0760     3.1209    27.6232    27.8562  1022.0198    21.9929    325.219    316.633  340.09926     95.625     93.160     0.1551     0.5824     2.5336     2.4830       3244     2.2521  0.000e+00
      5.616   62.63748 -165.70490      5.671     3.1236     3.0819     3.1234    27.6250    27.8332  1022.0210    21.9942    325.400    316.654  340.07333     95.685     93.163     0.1563     0.5897     2.5336     2.4830       3245     2.2528  0.000e+00
      5.554   62.63748 -165.70490      5.608     3.1231     3.0867     3.1228    27.6370    27.8133  1022.0303    22.0037    325.396    316.675  340.04743     95.691     93.167     0.1551     0.5824     2.5336     2.4830       3246     2.2535  0.000e+00
      5.616   62.63748 -165.70490      5.671     3.1216     3.0883     3.1213    27.6475    27.8063  1022.0391    22.0122    325.410    316.698  340.03255     95.700     93.172     0.1551     0.5824     2.5336     2.4830       3247     2.2542  0.000e+00
      5.616   62.63748 -165.70490      5.671     3.1205     3.0900     3.1203    27.6511    27.8001  1022.0420    22.0151    325.436    316.717  340.03243     95.707     93.177     0.1551     0.5824     2.5348     2.4811       3248     2.2549  0.000e+00
      5.585   62.63748 -165.70490      5.639     3.1209     3.0931     3.1206    27.6467    27.7833  1022.0383    22.0116    325.469    316.746  340.04058     95.715     93.181     0.1551     0.5824     2.5336     2.4830       3249     2.2556  0.000e+00
      5.616   62.63748 -165.70490      5.671     3.1202     3.0969     3.1199    27.6482    27.7640  1022.0398    22.0129    325.501    316.779  340.04242     95.724     93.186     0.1551     0.5824     2.5348     2.4811       3250     2.2563  0.000e+00
      5.670   62.63748 -165.70490      5.725     3.1196     3.0978     3.1193    27.6646    27.7546  1022.0531    22.0260    325.723    316.814  340.00578     95.799     93.192     0.1551     0.5824     2.5336     2.4830       3251     2.2569  0.000e+00
      5.554   62.63748 -165.70490      5.608     3.1166     3.0982     3.1163    27.6870    27.7477  1022.0706    22.0440    325.308    316.840  339.97342     95.686     93.196     0.1538     0.5751     2.5336     2.4830       3252     2.2576  0.000e+00
      5.616   62.63748 -165.70490      5.671     3.1133     3.0985     3.1130    27.6960    27.7377  1022.0783    22.0514    325.763    316.882  339.97832     95.819     93.202     0.1551     0.5824     2.5348     2.4811       3253     2.2583  0.000e+00
      5.616   62.63748 -165.70490      5.671     3.1119     3.1054     3.1116    27.6979    27.7129  1022.0799    22.0531    325.616    316.899  339.98505     95.774     93.205     0.1538     0.5751     2.5336     2.4830       3254     2.2590  0.000e+00
      5.670   62.63748 -165.70490      5.725     3.1089     3.1090     3.1086    27.7132    27.6918  1022.0926    22.0655    325.866    316.938  339.97100     95.851     93.210     0.1551     0.5824     2.5336     2.4830       3255     2.2597  0.000e+00
      5.616   62.63748 -165.70490      5.671     3.1044     3.1115     3.1041    27.7371    27.6740  1022.1117    22.0849    325.880    316.975  339.94799     95.862     93.214     0.1551     0.5824     2.5336     2.4830       3256     2.2604  0.000e+00
      5.616   62.63748 -165.70490      5.671     3.1005     3.1177     3.1002    27.7564    27.6486  1022.1274    22.1005    325.899    316.999  339.93084     95.872     93.218     0.1563     0.5897     2.5336     2.4830       3257     2.2611  0.000e+00
      5.647   62.63748 -165.70490      5.702     3.0932     3.1224     3.0929    27.7869    27.6312  1022.1523    22.1254    325.996    317.019  339.91434     95.905     93.222     0.1551     0.5824     2.5348     2.4811       3258     2.2618  0.000e+00
      5.616   62.63748 -165.70490      5.671     3.0872     3.1241     3.0870    27.8039    27.6308  1022.1662    22.1393    325.815    317.022  339.92092     95.850     93.227     0.1551     0.5824     2.5348     2.4811       3259     2.2625  0.000e+00
      5.670   62.63748 -165.70490      5.725     3.0861     3.1234     3.0858    27.7967    27.6425  1022.1607    22.1336    326.066    316.997  339.94916     95.916     93.226     0.1514     0.5604     2.5336     2.4830       3260     2.2632  0.000e+00
      5.616   62.63748 -165.70490      5.671     3.0907     3.1212     3.0904    27.7700    27.6592  1022.1389    22.1120    325.893    317.168  339.97946     95.857     93.283     0.1465     0.5311     2.5336     2.4830       3261     2.2639  0.000e+00
      5.670   62.63748 -165.70490      5.725     3.0955     3.1196     3.0953    27.7457    27.6702  1022.1195    22.0924    326.128    317.196  340.00060     95.920     93.295     0.1441     0.5165     2.5336     2.4830       3262     2.2646  0.000e+00
      5.670   62.63748 -165.70490      5.725     3.0959     3.1240     3.0956    27.7486    27.6520  1022.1217    22.0946    326.146    317.214  339.99017     95.928     93.298     0.1441     0.5165     2.5348     2.4811       3263     2.2653  0.000e+00
      5.670   62.63748 -165.70490      5.725     3.0955     3.1279     3.0953    27.7542    27.6279  1022.1262    22.0991    326.162    317.072  339.97881     95.936     93.248     0.1441     0.5165     2.5336     2.4830       3264     2.2660  0.000e+00
      5.616   62.63748 -165.70490      5.671     3.0967     3.1265     3.0964    27.7469    27.6318  1022.1201    22.0932    326.193    317.086  339.98808     95.942     93.252     0.1441     0.5165     2.5336     2.4830       3265     2.2667  0.000e+00
      5.732   62.63748 -165.70490      5.787     3.0992     3.1224     3.0989    27.7337    27.6565  1022.1099    22.0825    326.231    317.080  340.00071     95.950     93.258     0.1453     0.5238     2.5336     2.4830       3266     2.2674  0.000e+00
      5.647   62.63748 -165.70490      5.702     3.1014     3.1213     3.1011    27.7212    27.6679  1022.0994    22.0724    326.260    317.272  340.01444     95.955     93.320     0.1441     0.5165     2.5336     2.4830       3267     2.2681  0.000e+00
      5.732   62.63748 -165.70490      5.787     3.1039     3.1215     3.1036    27.7089    27.6605  1022.0898    22.0624    326.292    317.327  340.02484     95.961     93.331     0.1453     0.5238     2.5348     2.4811       3268     2.2687  0.000e+00
      5.616   62.63748 -165.70490      5.670     3.1040     3.1216     3.1037    27.7058    27.6490  1022.0868    22.0600    326.313    317.358  340.03182     95.965     93.333     0.1441     0.5165     2.5336     2.4830       3269     2.2694  0.000e+00
      5.731   62.63748 -165.70490      5.787     3.1052     3.1204     3.1049    27.6990    27.6482  1022.0818    22.0544    326.566    317.384  340.03951     96.038     93.337     0.1453     0.5238     2.5336     2.4830       3270     2.2701  0.000e+00
      5.670   62.63748 -165.70490      5.725     3.1048     3.1071     3.1046    27.7043    27.6994  1022.0858    22.0587    326.380    317.406  340.02852     95.986     93.349     0.1441     0.5165     2.5336     2.4830       3271     2.2708  0.000e+00
      5.670   62.63748 -165.70490      5.725     3.1014     3.0979     3.1011    27.7326    27.7563  1022.1086    22.0815    326.355    317.355  339.98509     95.991     93.353     0.1453     0.5238     2.5348     2.4811       3272     2.2715  0.000e+00
      5.731   62.63748 -165.70490      5.787     3.0968     3.0964     3.0965    27.7591    27.7693  1022.1303    22.1030    326.346    317.343  339.95515     95.997     93.355     0.1441     0.5165     2.5336     2.4830       3273     2.2722  0.000e+00
      5.670   62.63748 -165.70490      5.725     3.0932     3.0953     3.0929    27.7742    27.7671  1022.1423    22.1152    326.425    317.357  339.94731     96.022     93.355     0.1453     0.5238     2.5336     2.4830       3274     2.2729  0.000e+00
      5.731   62.63748 -165.70490      5.787     3.0907     3.0953     3.0904    27.7817    27.7694  1022.1487    22.1213    326.444    317.353  339.94880     96.027     93.355     0.1441     0.5165     2.5336     2.4830       3275     2.2736  0.000e+00
