merge_samples_with_btl/SKQ202309T/ctd/skq202309t_decktest.cnv
* Sea-Bird SBE 9 Data File:
* FileName = D:\CTD\SKQ202309T\SKQ202309T_decktest.hex
* Software Version Seasave V 7.26.7.121
* Temperature SN = 6177
* Conductivity SN = 0369
* Number of Bytes Per Scan = 41
* Number of Voltage Words = 4
* Number of Scans Averaged by the Deck Unit = 1
* NMEA Latitude = 59 27.85 N
* NMEA Longitude = 146 25.62 W
* NMEA UTC (Time) = May 26 2023  22:41:26
* NMEA baud rate = 4800
** Ship: R/V Sikuliaq
** Station Number:
** Station Name:
** Bottom Depth:
** Operator:
** Deck Test
# nquan = 24
# nvalues = 4677                                  
# units = specified
# name 0 = depSM: Depth [salt water, m]
# name 1 = latitude: Latitude [deg]
# name 2 = longitude: Longitude [deg]
# name 3 = prDM: Pressure, Digiquartz [db]
# name 4 = t090C: Temperature [ITS-90, deg C]
# name 5 = t190C: Temperature, 2 [ITS-90, deg C]
# name 6 = potemp090C: Potential Temperature [ITS-90, deg C]
# name 7 = sal00: Salinity, Practical [PSU]
# name 8 = sal11: Salinity, Practical, 2 [PSU]
# name 9 = density00: Density [density, kg/m^3]
# name 10 = sigma-é00: Density [sigma-theta, kg/m^3]
# name 11 = sbox0Mm/Kg: Oxygen, SBE 43 [umol/kg]
# name 12 = sbox1Mm/Kg: Oxygen, SBE 43, 2 [umol/kg]
# name 13 = oxsolMm/Kg: Oxygen Saturation, Garcia & Gordon [umol/kg]
# name 14 = sbeox0PS: Oxygen, SBE 43 [% saturation]
# name 15 = sbeox1PS: Oxygen, SBE 43, 2 [% saturation]
# name 16 = v0: Voltage 0
# name 17 = flECO-AFL: Fluorescence, WET Labs ECO-AFL/FL [mg/m^3]
# name 18 = v1: Voltage 1
# name 19 = CStarAt0: Beam Attenuation, WET Labs C-Star [1/m]
# name 20 = par: PAR/Irradiance, Biospherical/Licor
# name 21 = scan: Scan Count
# name 22 = timeM: Time, Elapsed [minutes]
# name 23 = flag:  0.000e+00
# span 0 =      0.828,      1.091                 
# span 1 =   59.46438,   59.46448                 
# span 2 = -146.42632, -146.42582                 
# span 3 =      0.835,      1.102                 
# span 4 =    14.1898,    14.5287                 
# span 5 =    14.3208,    14.5808                 
# span 6 =    14.1897,    14.5286                 
# span 7 =     0.0132,     0.0138                 
# span 8 =     0.0000,     0.0628                 
# span 9 =   999.1857,   999.2351                 
# span 10 =    -0.8186,    -0.7700                
# span 11 =    102.284,    203.684                
# span 12 =    -32.088,    210.147                
# span 13 =  318.60328,  320.95276                
# span 14 =     31.954,     63.584                
# span 15 =    -10.037,     65.759                
# span 16 =     0.0000,     5.0000                
# span 17 =    -0.3600,    29.6400                
# span 18 =     0.0000,     4.3663                
# span 19 =     0.2858,    55.2620                
# span 20 = 1.0000e-12, 1.2795e+03                
# span 21 =          1,       4677                
# span 22 =     0.0000,     3.2472                
# span 23 = 0.0000e+00, 0.0000e+00                
# interval = seconds: 0.0416667
# start_time = May 26 2023 22:47:21 [NMEA time, first data scan]
# bad_flag = -9.990e-29
*END*
[from data line 1450]
      0.977   59.46442 -146.42616      0.986    14.3801    14.4716    14.3800     0.0136     0.0104   999.2075    -0.7971    159.329    147.074  319.62951     49.848     46.104     0.0794     0.1162     4.3541     0.2970 9.9347e+02       1451     1.0069  0.000e+00
      0.977   59.46442 -146.42616      0.986    14.3799    14.4715    14.3798     0.0137     0.0100   999.2075    -0.7971    160.557    148.294  319.63067     50.232     46.486     0.0806     0.1235     4.3529     0.2982 5.3410e+01       1452     1.0076  0.000e+00
      0.915   59.46442 -146.42616      0.924    14.3796    14.4716    14.3795     0.0137     0.0102   999.2073    -0.7970    161.738    148.290  319.63287     50.601     46.485     0.0794     0.1162     4.3541     0.2970 1.9692e-01       1453     1.0083  0.000e+00
      0.977   59.46442 -146.42616      0.986    14.3794    14.4714    14.3793     0.0136     0.0102   999.2076    -0.7970    162.429    147.170  319.63421     50.817     46.134     0.0781     0.1089     4.3541     0.2970 1.0000e-12       1454     1.0090  0.000e+00
      0.977   59.46442 -146.42614      0.986    14.3793    14.4714    14.3792     0.0137     0.0116   999.2076    -0.7970    162.588    145.561  319.63505     50.867     45.630     0.0781     0.1089     4.3541     0.2970 1.0000e-12       1455     1.0097  0.000e+00
      0.915   59.46442 -146.42614      0.924    14.3789    14.4714    14.3788     0.0137     0.0129   999.2074    -0.7969    161.927    145.031  319.63783     50.659     45.464     0.0769     0.1015     4.3541     0.2970 1.0000e-12       1456     1.0104  0.000e+00
      0.977   59.46442 -146.42614      0.986    14.3786    14.4712    14.3785     0.0137     0.0134   999.2078    -0.7968    160.969    145.334  319.63997     50.359     45.559     0.0781     0.1089     4.3541     0.2970 1.0000e-12       1457     1.0111  0.000e+00
      0.977   59.46442 -146.42614      0.986    14.3785    14.4712    14.3784     0.0137     0.0133   999.2078    -0.7968    160.100    145.989  319.64093     50.087     45.765     0.0769     0.1015     4.3553     0.2959 1.0000e-12       1458     1.0118  0.000e+00
      0.977   59.46442 -146.42614      0.986    14.3779    14.4712    14.3778     0.0137     0.0131   999.2078    -0.7968    159.328    145.966  319.64467     49.845     45.757     0.0781     0.1089     4.3541     0.2970 8.4714e-06       1459     1.0125  0.000e+00
      0.915   59.46442 -146.42614      0.924    14.3777    14.4714    14.3776     0.0136     0.0125   999.2076    -0.7968    159.226    145.037  319.64599     49.813     45.466     0.0781     0.1089     4.3553     0.2959 3.4241e-04       1460     1.0132  0.000e+00
      0.977   59.46442 -146.42614      0.986    14.3775    14.4712    14.3774     0.0136     0.0125   999.2079    -0.7967    159.534    143.676  319.64786     49.909     45.039     0.0781     0.1089     4.3541     0.2970 8.4714e-06       1461     1.0139  0.000e+00
      0.915   59.46442 -146.42614      0.924    14.3772    14.4712    14.3771     0.0136     0.0123   999.2076    -0.7967    160.456    142.223  319.64945     50.197     44.584     0.0781     0.1089     4.3541     0.2970 1.0000e-12       1462     1.0146  0.000e+00
      0.977   59.46442 -146.42614      0.986    14.3767    14.4712    14.3766     0.0136     0.0122   999.2079    -0.7967    161.667    140.497  319.65300     50.576     44.042     0.0781     0.1089     4.3541     0.2970 1.0000e-12       1463     1.0153  0.000e+00
      0.977   59.46442 -146.42614      0.986    14.3763    14.4712    14.3762     0.0136     0.0121   999.2080    -0.7966    162.602    138.840  319.65603     50.868     43.523     0.0769     0.1015     4.3541     0.2970 1.0000e-12       1464     1.0160  0.000e+00
      0.977   59.46442 -146.42614      0.986    14.3761    14.4712    14.3760     0.0137     0.0126   999.2081    -0.7965    163.411    138.515  319.65749     51.121     43.421     0.0781     0.1089     4.3541     0.2970 1.0000e-12       1465     1.0167  0.000e+00
      0.977   59.46442 -146.42614      0.986    14.3756    14.4712    14.3755     0.0137     0.0134   999.2082    -0.7964    164.074    139.584  319.66057     51.327     43.757     0.0769     0.1015     4.3541     0.2970 1.0000e-12       1466     1.0174  0.000e+00
      0.915   59.46442 -146.42614      0.924    14.3750    14.4712    14.3749     0.0136     0.0147   999.2079    -0.7964    164.568    141.979  319.66469     51.482     44.508     0.0781     0.1089     4.3529     0.2982 1.0000e-12       1467     1.0181  0.000e+00
      0.977   59.46442 -146.42614      0.986    14.3745    14.4712    14.3744     0.0137     0.0154   999.2083    -0.7963    164.878    144.390  319.66807     51.578     45.264     0.0769     0.1015     4.3529     0.2982 8.4714e-06       1468     1.0188  0.000e+00
      0.977   59.46442 -146.42614      0.986    14.3741    14.4712    14.3740     0.0137     0.0154   999.2084    -0.7962    165.170    146.279  319.67113     51.669     45.856     0.0781     0.1089     4.3541     0.2970 1.0000e-12       1469     1.0194  0.000e+00
      0.977   59.46442 -146.42614      0.986    14.3736    14.4716    14.3735     0.0137     0.0142   999.2085    -0.7961    165.447    147.957  319.67490     51.755     46.382     0.0781     0.1089     4.3541     0.2970 8.4714e-06       1470     1.0201  0.000e+00
      0.977   59.46442 -146.42614      0.986    14.3732    14.4714    14.3731     0.0137     0.0133   999.2085    -0.7961    165.325    150.089  319.67737     51.716     47.050     0.0781     0.1089     4.3541     0.2970 1.0000e-12       1471     1.0208  0.000e+00
      0.977   59.46442 -146.42614      0.986    14.3726    14.4716    14.3725     0.0137     0.0132   999.2086    -0.7960    165.150    151.447  319.68145     51.661     47.476     0.0769     0.1015     4.3541     0.2970 1.0000e-12       1472     1.0215  0.000e+00
      0.915   59.46442 -146.42614      0.924    14.3718    14.4715    14.3717     0.0136     0.0143   999.2084    -0.7959    165.157    152.156  319.68685     51.662     47.698     0.0781     0.1089     4.3553     0.2959 1.0000e-12       1473     1.0222  0.000e+00
      1.031   59.46442 -146.42614      1.041    14.3715    14.4716    14.3714     0.0136     0.0151   999.2090    -0.7959    164.753    153.403  319.68902     51.535     48.090     0.0769     0.1015     4.3565     0.2948 1.0000e-12       1474     1.0229  0.000e+00
      0.915   59.46442 -146.42614      0.924    14.3709    14.4717    14.3708     0.0137     0.0156   999.2086    -0.7958    164.108    155.178  319.69334     51.333     48.646     0.0781     0.1089     4.3565     0.2948 8.4714e-06       1475     1.0236  0.000e+00
      1.031   59.46442 -146.42614      1.041    14.3700    14.4719    14.3699     0.0136     0.0159   999.2092    -0.7956    163.024    156.160  319.69963     50.993     48.955     0.0769     0.1015     4.3565     0.2948 1.0000e-12       1476     1.0243  0.000e+00
      0.977   59.46442 -146.42614      0.986    14.3693    14.4719    14.3692     0.0137     0.0163   999.2091    -0.7955    161.479    154.806  319.70424     50.509     48.530     0.0781     0.1089     4.3565     0.2948 1.0000e-12       1477     1.0250  0.000e+00
      0.954   59.46442 -146.42614      0.963    14.3689    14.4721    14.3688     0.0137     0.0158   999.2090    -0.7955    160.829    153.112  319.70707     50.305     47.999     0.0781     0.1089     4.3553     0.2959 8.4714e-06       1478     1.0257  0.000e+00
      0.977   59.46442 -146.42614      0.986    14.3682    14.4722    14.3681     0.0137     0.0148   999.2092    -0.7954    161.523    152.462  319.71235     50.521     47.795     0.0769     0.1015     4.3553     0.2959 8.4714e-06       1479     1.0264  0.000e+00
      0.977   59.46442 -146.42614      0.986    14.3676    14.4722    14.3675     0.0137     0.0139   999.2093    -0.7953    161.804    151.973  319.71604     50.609     47.642     0.0696     0.0576     4.3553     0.2959 1.0000e-12       1480     1.0271  0.000e+00
      0.977   59.46442 -146.42614      0.986    14.3669    14.4726    14.3668     0.0137     0.0128   999.2095    -0.7951    161.121    151.319  319.72095     50.394     47.437     0.0672     0.0429     4.3541     0.2970 8.4714e-06       1481     1.0278  0.000e+00
      0.977   59.46442 -146.42614      0.987    14.3661    14.4726    14.3660     0.0137     0.0131   999.2096    -0.7950    159.774    150.543  319.72633     49.972     47.193     0.0659     0.0356     4.3541     0.2970 1.0000e-12       1482     1.0285  0.000e+00
      0.977   59.46442 -146.42614      0.987    14.3658    14.4727    14.3657     0.0137     0.0151   999.2096    -0.7950    158.988    150.160  319.72890     49.726     47.074     0.0672     0.0429     4.3541     0.2970 1.0000e-12       1483     1.0292  0.000e+00
      0.977   59.46442 -146.42614      0.987    14.3647    14.4729    14.3646     0.0136     0.0188   999.2097    -0.7949    159.153    150.227  319.73613     49.776     47.097     0.0672     0.0429     4.3541     0.2970 1.0000e-12       1484     1.0299  0.000e+00
      0.977   59.46442 -146.42614      0.987    14.3641    14.4729    14.3640     0.0136     0.0218   999.2098    -0.7948    159.499    150.212  319.74046     49.884     47.093     0.0672     0.0429     4.3541     0.2970 1.0000e-12       1485     1.0306  0.000e+00
      0.977   59.46442 -146.42614      0.987    14.3634    14.4733    14.3633     0.0136     0.0222   999.2099    -0.7947    160.412    150.281  319.74514     50.169     47.115     0.0672     0.0429     4.3553     0.2959 8.4714e-06       1486     1.0313  0.000e+00
      0.977   59.46442 -146.42614      0.987    14.3629    14.4734    14.3628     0.0137     0.0221   999.2100    -0.7946    161.311    150.403  319.74884     50.449     47.153     0.0672     0.0429     4.3541     0.2970 8.4714e-06       1487     1.0319  0.000e+00
      1.031   59.46442 -146.42614      1.041    14.3621    14.4734    14.3620     0.0137     0.0221   999.2104    -0.7945    161.926    150.786  319.75439     50.641     47.273     0.0659     0.0356     4.3565     0.2948 1.0000e-12       1488     1.0326  0.000e+00
      0.977   59.46442 -146.42614      0.987    14.3615    14.4737    14.3614     0.0137     0.0212   999.2102    -0.7944    162.249    151.254  319.75819     50.741     47.420     0.0672     0.0429     4.3565     0.2948 1.0000e-12       1489     1.0333  0.000e+00
      0.977   59.46442 -146.42614      0.987    14.3610    14.4739    14.3609     0.0137     0.0207   999.2103    -0.7943    162.285    151.540  319.76162     50.752     47.510     0.0672     0.0429     4.3565     0.2948 6.7730e-04       1490     1.0340  0.000e+00
      0.977   59.46442 -146.42614      0.987    14.3605    14.4739    14.3604     0.0137     0.0213   999.2103    -0.7943    162.212    150.853  319.76541     50.728     47.295     0.0672     0.0429     4.3565     0.2948 1.7513e+01       1491     1.0347  0.000e+00
      0.977   59.46442 -146.42614      0.987    14.3596    14.4743    14.3595     0.0137     0.0217   999.2105    -0.7941    162.186    149.428  319.77193     50.719     46.848     0.0672     0.0429     4.3565     0.2948 7.7570e+02       1492     1.0354  0.000e+00
      0.977   59.46442 -146.42614      0.987    14.3592    14.4743    14.3591     0.0137     0.0208   999.2105    -0.7941    161.998    148.175  319.77437     50.660     46.455     0.0672     0.0429     4.3565     0.2948 1.5094e+02       1493     1.0361  0.000e+00
      1.031   59.46442 -146.42614      1.041    14.3587    14.4744    14.3586     0.0137     0.0196   999.2109    -0.7940    162.169    146.831  319.77783     50.713     46.034     0.0672     0.0429     4.3565     0.2948 4.3505e-01       1494     1.0368  0.000e+00
      0.977   59.46442 -146.42614      0.987    14.3580    14.4746    14.3579     0.0137     0.0192   999.2107    -0.7939    162.122    145.657  319.78251     50.698     45.666     0.0672     0.0429     4.3565     0.2948 1.0000e-12       1495     1.0375  0.000e+00
      0.977   59.46442 -146.42614      0.987    14.3575    14.4749    14.3574     0.0137     0.0188   999.2108    -0.7938    162.161    144.350  319.78591     50.709     45.256     0.0659     0.0356     4.3565     0.2948 1.0000e-12       1496     1.0382  0.000e+00
      0.977   59.46442 -146.42614      0.987    14.3570    14.4748    14.3569     0.0137     0.0190   999.2109    -0.7937    162.323    143.004  319.78965     50.759     44.834     0.0684     0.0503     4.3553     0.2959 1.0000e-12       1497     1.0389  0.000e+00
      1.031   59.46442 -146.42614      1.041    14.3565    14.4751    14.3564     0.0137     0.0203   999.2112    -0.7937    162.472    142.339  319.79305     50.805     44.626     0.0672     0.0429     4.3565     0.2948 1.0000e-12       1498     1.0396  0.000e+00
      0.977   59.46442 -146.42614      0.987    14.3560    14.4749    14.3559     0.0137     0.0220   999.2110    -0.7936    162.241    143.491  319.79657     50.733     44.988     0.0672     0.0429     4.3565     0.2948 1.0000e-12       1499     1.0403  0.000e+00
      0.977   59.46442 -146.42614      0.987    14.3556    14.4751    14.3555     0.0137     0.0228   999.2110    -0.7936    162.080    145.544  319.79907     50.682     45.632     0.0672     0.0429     4.3565     0.2948 8.4714e-06       1500     1.0410  0.000e+00
      0.977   59.46442 -146.42614      0.987    14.3553    14.4751    14.3552     0.0137     0.0227   999.2111    -0.7935    161.820    147.439  319.80127     50.600     46.226     0.0672     0.0429     4.3565     0.2948 8.4714e-06       1501     1.0417  0.000e+00
      1.031   59.46442 -146.42614      1.041    14.3548    14.4752    14.3547     0.0136     0.0228   999.2114    -0.7935    161.622    148.879  319.80474     50.538     46.678     0.0672     0.0429     4.3553     0.2959 8.4714e-06       1502     1.0424  0.000e+00
      0.977   59.46442 -146.42614      0.987    14.3545    14.4754    14.3544     0.0137     0.0231   999.2112    -0.7934    161.619    149.388  319.80720     50.537     46.838     0.0684     0.0503     4.3553     0.2959 8.4714e-06       1503     1.0431  0.000e+00
      0.977   59.46442 -146.42614      0.987    14.3542    14.4754    14.3541     0.0136     0.0236   999.2112    -0.7934    161.969    149.404  319.80951     50.645     46.843     0.0672     0.0429     4.3565     0.2948 8.4714e-06       1504     1.0438  0.000e+00
      1.031   59.46442 -146.42614      1.041    14.3540    14.4758    14.3539     0.0136     0.0229   999.2115    -0.7934    162.434    148.987  319.81071     50.791     46.712     0.0647     0.0283     4.3565     0.2948 8.4714e-06       1505     1.0444  0.000e+00
      0.977   59.46442 -146.42614      0.987    14.3536    14.4756    14.3535     0.0136     0.0214   999.2113    -0.7933    162.622    148.526  319.81317     50.849     46.567     0.0611     0.0063     4.3565     0.2948 1.0000e-12       1506     1.0451  0.000e+00
      0.977   59.46442 -146.42614      0.987    14.3535    14.4756    14.3534     0.0136     0.0201   999.2113    -0.7933    162.530    147.523  319.81413     50.820     46.252     0.0611     0.0063     4.3565     0.2948 8.4714e-06       1507     1.0458  0.000e+00
      1.031   59.46442 -146.42614      1.041    14.3533    14.4757    14.3532     0.0137     0.0202   999.2116    -0.7932    162.349    145.186  319.81531     50.763     45.519     0.0611     0.0063     4.3565     0.2948 2.6126e-01       1508     1.0465  0.000e+00
      0.977   59.46442 -146.42614      0.987    14.3529    14.4756    14.3528     0.0136     0.0204   999.2114    -0.7932    162.344    141.367  319.81783     50.761     44.322     0.0611     0.0063     4.3578     0.2937 1.1044e+02       1509     1.0472  0.000e+00
