merge_samples_with_btl/SKQ202309T/ctd/skq202309t_001.ros
* Sea-Bird SBE 9 Data File:
* FileName = D:\CTD\SKQ202309T\SKQ202309T_001.hex
* Software Version Seasave V 7.26.7.121
* Temperature SN = 6177
* Conductivity SN = 0369
* Number of Bytes Per Scan = 38
* Number of Voltage Words = 3
* Number of Scans Averaged by the Deck Unit = 1
* NMEA Latitude = 59 50.67 N
* NMEA Longitude = 149 28.05 W
* NMEA UTC (Time) = Jun 06 2023  18:49:21
* NMEA baud rate = 4800
** Ship: R/V Sikuliaq
** Station Number: 001
** Station Name: GAK1
** Bottom Depth: 272
** Operator: AP
# nquan = 22
# nvalues = 980                                   
# units = specified
# name 0 = depSM: Depth [salt water, m]
# name 1 = latitude: Latitude [deg]
# name 2 = longitude: Longitude [deg]
# name 3 = prDM: Pressure, Digiquartz [db]
# name 4 = t090C: Temperature [ITS-90, deg C]
# name 5 = t190C: Temperature, 2 [ITS-90, deg C]
# name 6 = potemp090C: Potential Temperature [ITS-90, deg C]
# name 7 = sal00: Salinity, Practical [PSU]
# name 8 = sal11: Salinity, Practical, 2 [PSU]
# name 9 = density00: Density [density, kg/m^3]
# name 10 = sigma-é00: Density [sigma-theta, kg/m^3]
# name 11 = sbox0Mm/Kg: Oxygen, SBE 43 [umol/kg]
# name 12 = sbox1Mm/Kg: Oxygen, SBE 43, 2 [umol/kg]
# name 13 = oxsolMm/Kg: Oxygen Saturation, Garcia & Gordon [umol/kg]
# name 14 = sbeox0PS: Oxygen, SBE 43 [% saturation]
# name 15 = v0: Voltage 0
# name 16 = flECO-AFL: Fluorescence, WET Labs ECO-AFL/FL [mg/m^3]
# name 17 = CStarAt0: Beam Attenuation, WET Labs C-Star [1/m]
# name 18 = par: PAR/Irradiance, Biospherical/Licor
# name 19 = scan: Scan Count
# name 20 = nbf: Bottles Fired
# name 21 = flag:  0.000e+00
# interval = seconds: 0.0416667
# start_time = Jun 06 2023 18:55:03 [NMEA time, first data scan]
# bad_flag = -9.990e-29
*END*
[from data line 66]
    258.706   59.84438 -149.46802    261.331     5.9184     5.9188     5.8967    33.1896    33.2016  1027.3374    26.1349    133.547    130.080  304.90420     43.800     0.0647     0.0403     0.4591 8.4714e-06      15810          2  0.000e+00
    258.629   59.84438 -149.46802    261.252     5.9182     5.9189     5.8965    33.1898    33.2009  1027.3372    26.1351    133.557    130.111  304.90529     43.803     0.0635     0.0330     0.4567 8.4714e-06      15811          2  0.000e+00
    258.652   59.84438 -149.46802    261.276     5.9182     5.9190     5.8966    33.1900    33.2012  1027.3374    26.1352    133.580    129.945  304.90454     43.810     0.0647     0.0403     0.4463 8.4714e-06      15812          2  0.000e+00
    258.629   59.84438 -149.46802    261.252     5.9183     5.9189     5.8967    33.1900    33.2013  1027.3373    26.1352    133.613    129.947  304.90384     43.821     0.0635     0.0330     0.4428 8.4714e-06      15813          2  0.000e+00
    258.567   59.84438 -149.46802    261.190     5.9185     5.9188     5.8969    33.1902    33.2014  1027.3372    26.1354    133.657    129.954  304.90180     43.836     0.0635     0.0330     0.4428 1.0000e-12      15814          2  0.000e+00
    258.590   59.84438 -149.46802    261.213     5.9187     5.9193     5.8970    33.1900    33.2009  1027.3371    26.1352    133.682    129.945  304.90125     43.844     0.0635     0.0330     0.4428 1.0000e-12      15815          2  0.000e+00
    258.567   59.84438 -149.46802    261.190     5.9185     5.9189     5.8968    33.1901    33.2016  1027.3371    26.1353    133.686    129.941  304.90240     43.846     0.0635     0.0330     0.4428 1.0000e-12      15816          2  0.000e+00
    258.536   59.84438 -149.46802    261.159     5.9184     5.9193     5.8967    33.1900    33.2012  1027.3369    26.1352    133.527    129.940  304.90340     43.793     0.0635     0.0330     0.4428 8.4714e-06      15817          2  0.000e+00
    258.513   59.84438 -149.46802    261.135     5.9184     5.9193     5.8967    33.1902    33.2015  1027.3369    26.1354    133.520    129.943  304.90302     43.791     0.0635     0.0330     0.4428 8.4714e-06      15818          2  0.000e+00
    258.536   59.84438 -149.46802    261.159     5.9183     5.9193     5.8967    33.1894    33.2021  1027.3364    26.1347    133.729    129.951  304.90514     43.859     0.0635     0.0330     0.4428 1.0000e-12      15819          2  0.000e+00
    258.513   59.84438 -149.46802    261.135     5.9182     5.9195     5.8966    33.1895    33.2030  1027.3363    26.1348    133.975    129.962  304.90571     43.940     0.0635     0.0330     0.4428 8.4714e-06      15820          2  0.000e+00
    258.459   59.84438 -149.46802    261.080     5.9182     5.9197     5.8965    33.1900    33.2036  1027.3366    26.1353    133.851    129.955  304.90475     43.899     0.0647     0.0403     0.4428 8.4714e-06      15821          2  0.000e+00
    258.474   59.84438 -149.46802    261.096     5.9182     5.9199     5.8966    33.1899    33.2033  1027.3365    26.1352    133.910    129.955  304.90469     43.919     0.0635     0.0330     0.4440 8.4714e-06      15822          2  0.000e+00
    258.459   59.84438 -149.46802    261.080     5.9182     5.9197     5.8966    33.1896    33.2034  1027.3362    26.1350    133.775    129.978  304.90529     43.874     0.0647     0.0403     0.4428 1.0000e-12      15823          2  0.000e+00
    258.474   59.84438 -149.46802    261.096     5.9182     5.9199     5.8965    33.1898    33.2030  1027.3364    26.1351    133.823    129.984  304.90530     43.890     0.0635     0.0330     0.4428 1.0000e-12      15824          2  0.000e+00
    258.397   59.84438 -149.46802    261.018     5.9184     5.9199     5.8967    33.1904    33.2031  1027.3365    26.1355    134.051    129.993  304.90254     43.965     0.0623     0.0256     0.4428 1.0000e-12      15825          2  0.000e+00
    258.420   59.84438 -149.46802    261.041     5.9183     5.9199     5.8967    33.1904    33.2030  1027.3367    26.1356    133.912    130.006  304.90281     43.920     0.0611     0.0183     0.4428 8.4714e-06      15826          2  0.000e+00
    258.397   59.84438 -149.46802    261.018     5.9185     5.9200     5.8969    33.1904    33.2032  1027.3365    26.1355    134.189    130.042  304.90143     44.011     0.0623     0.0256     0.4440 8.4714e-06      15827          2  0.000e+00
    258.420   59.84438 -149.46802    261.041     5.9185     5.9200     5.8969    33.1904    33.2032  1027.3367    26.1356    134.068    130.063  304.90128     43.971     0.0611     0.0183     0.4428 8.4714e-06      15828          2  0.000e+00
    258.397   59.84438 -149.46802    261.018     5.9186     5.9200     5.8970    33.1906    33.2037  1027.3366    26.1356    134.096    130.106  304.90032     43.980     0.0623     0.0256     0.4440 8.4714e-06      15829          2  0.000e+00
    258.343   59.84438 -149.46802    260.963     5.9184     5.9204     5.8968    33.1907    33.2042  1027.3365    26.1358    134.132    130.132  304.90186     43.992     0.0611     0.0183     0.4428 8.4714e-06      15830          2  0.000e+00
    258.358   59.84438 -149.46802    260.979     5.9187     5.9204     5.8971    33.1903    33.2050  1027.3362    26.1354    134.176    130.162  304.90046     44.007     0.0623     0.0256     0.4416 8.4714e-06      15831          2  0.000e+00
    258.397   59.84438 -149.46802    261.018     5.9186     5.9207     5.8970    33.1906    33.2047  1027.3366    26.1356    134.229    130.176  304.90032     44.024     0.0611     0.0183     0.4336 8.4714e-06      15832          2  0.000e+00
    258.304   59.84438 -149.46802    260.924     5.9184     5.9210     5.8968    33.1907    33.2041  1027.3363    26.1358    134.319    130.211  304.90182     44.053     0.0611     0.0183     0.4289 1.0000e-12      15833          2  0.000e+00
    258.397   59.84438 -149.46802    261.018     5.9185     5.9208     5.8969    33.1905    33.2044  1027.3366    26.1356    134.388    130.253  304.90151     44.076     0.0611     0.0183     0.4289 8.4714e-06      15834          2  0.000e+00
    258.304   59.84438 -149.46802    260.924     5.9185     5.9207     5.8969    33.1905    33.2044  1027.3362    26.1356    134.462    130.275  304.90116     44.100     0.0623     0.0256     0.4301 8.4714e-06      15835          2  0.000e+00
    258.343   59.84438 -149.46802    260.963     5.9187     5.9208     5.8971    33.1903    33.2047  1027.3362    26.1355    134.514    130.300  304.90045     44.117     0.0611     0.0183     0.4301 8.4714e-06      15836          2  0.000e+00
    258.281   59.84438 -149.46802    260.901     5.9186     5.9209     5.8970    33.1906    33.2050  1027.3361    26.1357    134.336    130.326  304.90019     44.059     0.0611     0.0183     0.4301 8.4714e-06      15837          2  0.000e+00
    258.358   59.84438 -149.46802    260.979     5.9187     5.9210     5.8971    33.1904    33.2054  1027.3363    26.1355    134.372    130.357  304.90038     44.071     0.0611     0.0183     0.4289 8.4714e-06      15838          2  0.000e+00
    258.281   59.84438 -149.46802    260.901     5.9185     5.9213     5.8969    33.1910    33.2059  1027.3364    26.1360    134.412    130.570  304.90041     44.084     0.0611     0.0183     0.4301 1.0000e-12      15839          2  0.000e+00
    258.304   59.84438 -149.46802    260.924     5.9189     5.9216     5.8972    33.1906    33.2059  1027.3362    26.1356    134.429    130.603  304.89886     44.090     0.0611     0.0183     0.4301 1.0000e-12      15840          2  0.000e+00
    258.343   59.84438 -149.46802    260.963     5.9189     5.9219     5.8972    33.1907    33.2062  1027.3364    26.1357    134.454    130.637  304.89855     44.098     0.0623     0.0256     0.4289 1.0000e-12      15841          2  0.000e+00
    199.563   59.84442 -149.46796    201.559     5.6563     5.6587     5.6402    32.8351    32.8492  1026.8155    25.8856    194.924    189.538  307.58794     63.372     0.0611     0.0183     0.2067 8.4714e-06      19912          3  0.000e+00
    199.734   59.84442 -149.46796    201.731     5.6564     5.6586     5.6403    32.8344    32.8492  1026.8158    25.8851    195.131    189.541  307.58860     63.439     0.0623     0.0256     0.2089 8.4714e-06      19913          3  0.000e+00
    199.625   59.84442 -149.46796    201.621     5.6561     5.6586     5.6400    32.8351    32.8492  1026.8158    25.8856    195.157    189.537  307.58896     63.447     0.0611     0.0183     0.2100 8.4714e-06      19914          3  0.000e+00
    199.618   59.84442 -149.46796    201.613     5.6561     5.6586     5.6400    32.8353    32.8492  1026.8160    25.8858    195.183    189.555  307.58842     63.456     0.0623     0.0256     0.2111 8.4714e-06      19915          3  0.000e+00
    199.618   59.84442 -149.46796    201.614     5.6564     5.6584     5.6403    32.8350    32.8491  1026.8156    25.8855    195.207    189.555  307.58706     63.464     0.0611     0.0183     0.2111 8.4714e-06      19916          3  0.000e+00
    199.618   59.84442 -149.46796    201.614     5.6561     5.6584     5.6400    32.8353    32.8488  1026.8160    25.8858    195.200    189.576  307.58842     63.462     0.0611     0.0183     0.2111 8.4714e-06      19917          3  0.000e+00
    199.680   59.84442 -149.46796    201.676     5.6564     5.6581     5.6403    32.8352    32.8490  1026.8161    25.8857    195.222    189.599  307.58685     63.469     0.0611     0.0183     0.2111 8.4714e-06      19918          3  0.000e+00
    199.625   59.84442 -149.46796    201.621     5.6563     5.6584     5.6402    32.8354    32.8487  1026.8160    25.8858    195.241    189.618  307.58722     63.475     0.0611     0.0183     0.2111 8.4714e-06      19919          3  0.000e+00
    199.564   59.84442 -149.46796    201.559     5.6564     5.6581     5.6403    32.8354    32.8487  1026.8157    25.8858    195.258    189.619  307.58611     63.481     0.0611     0.0183     0.2111 8.4714e-06      19920          3  0.000e+00
    199.618   59.84442 -149.46796    201.614     5.6564     5.6583     5.6403    32.8353    32.8482  1026.8159    25.8857    195.277    189.622  307.58635     63.487     0.0623     0.0256     0.2111 8.4714e-06      19921          3  0.000e+00
    199.618   59.84442 -149.46796    201.614     5.6564     5.6584     5.6403    32.8353    32.8482  1026.8159    25.8858    195.326    189.644  307.58669     63.503     0.0611     0.0183     0.2111 8.4714e-06      19922          3  0.000e+00
    199.680   59.84442 -149.46796    201.676     5.6563     5.6583     5.6402    32.8355    32.8479  1026.8163    25.8859    195.344    189.669  307.58701     63.508     0.0611     0.0183     0.2111 8.4714e-06      19923          3  0.000e+00
    199.564   59.84442 -149.46796    201.559     5.6566     5.6583     5.6405    32.8349    32.8481  1026.8153    25.8854    195.355    189.690  307.58580     63.512     0.0611     0.0183     0.2111 8.4714e-06      19924          3  0.000e+00
    199.618   59.84442 -149.46796    201.614     5.6563     5.6581     5.6402    32.8354    32.8480  1026.8160    25.8859    195.575    189.696  307.58712     63.584     0.0611     0.0183     0.2111 8.4714e-06      19925          3  0.000e+00
    199.618   59.84442 -149.46796    201.614     5.6564     5.6583     5.6403    32.8353    32.8478  1026.8159    25.8857    195.413    189.721  307.58635     63.531     0.0611     0.0183     0.2111 8.4714e-06      19926          3  0.000e+00
    199.618   59.84442 -149.46796    201.614     5.6562     5.6580     5.6401    32.8354    32.8483  1026.8160    25.8859    195.424    189.726  307.58746     63.534     0.0611     0.0183     0.2111 8.4714e-06      19927          3  0.000e+00
    199.618   59.84442 -149.46796    201.614     5.6566     5.6582     5.6405    32.8349    32.8484  1026.8156    25.8854    195.431    189.730  307.58568     63.537     0.0611     0.0183     0.2111 8.4714e-06      19928          3  0.000e+00
    199.626   59.84442 -149.46796    201.622     5.6563     5.6583     5.6402    32.8360    32.8485  1026.8165    25.8863    195.439    189.735  307.58588     63.540     0.0623     0.0256     0.2111 8.4714e-06      19929          3  0.000e+00
    199.564   59.84444 -149.46796    201.559     5.6566     5.6587     5.6405    32.8357    32.8483  1026.8159    25.8860    195.443    189.736  307.58393     63.541     0.0623     0.0256     0.2111 1.0000e-12      19930          3  0.000e+00
    199.734   59.84444 -149.46796    201.731     5.6564     5.6587     5.6403    32.8359    32.8485  1026.8169    25.8862    195.657    189.745  307.58532     63.611     0.0611     0.0183     0.2111 8.4714e-06      19931          3  0.000e+00
    199.618   59.84444 -149.46796    201.614     5.6564     5.6587     5.6403    32.8363    32.8487  1026.8167    25.8865    195.686    189.747  307.58404     63.620     0.0623     0.0256     0.2111 8.4714e-06      19932          3  0.000e+00
    199.618   59.84444 -149.46796    201.614     5.6564     5.6589     5.6403    32.8363    32.8486  1026.8167    25.8865    195.512    189.914  307.58404     63.564     0.0623     0.0256     0.2111 8.4714e-06      19933          3  0.000e+00
    199.680   59.84444 -149.46796    201.676     5.6568     5.6586     5.6407    32.8360    32.8483  1026.8167    25.8863    195.511    189.940  307.58214     63.564     0.0635     0.0330     0.2078 1.0000e-12      19934          3  0.000e+00
    199.618   59.84444 -149.46796    201.614     5.6568     5.6584     5.6407    32.8365    32.8481  1026.8168    25.8867    195.507    189.962  307.58100     63.563     0.0623     0.0256     0.2067 1.0000e-12      19935          3  0.000e+00
    199.618   59.84444 -149.46796    201.614     5.6567     5.6580     5.6406    32.8366    32.8485  1026.8169    25.8868    195.471    189.802  307.58143     63.551     0.0635     0.0330     0.2067 8.4714e-06      19936          3  0.000e+00
    199.680   59.84444 -149.46796    201.677     5.6568     5.6583     5.6407    32.8363    32.8481  1026.8170    25.8865    195.435    189.804  307.58134     63.539     0.0623     0.0256     0.2067 8.4714e-06      19937          3  0.000e+00
    199.680   59.84444 -149.46796    201.677     5.6569     5.6580     5.6408    32.8365    32.8484  1026.8170    25.8866    195.629    189.806  307.57995     63.603     0.0635     0.0330     0.2067 1.0000e-12      19938          3  0.000e+00
    199.680   59.84444 -149.46796    201.677     5.6568     5.6583     5.6407    32.8362    32.8479  1026.8168    25.8864    195.445    189.807  307.58170     63.543     0.0623     0.0256     0.2067 1.0000e-12      19939          3  0.000e+00
    199.680   59.84444 -149.46796    201.677     5.6568     5.6580     5.6407    32.8362    32.8488  1026.8169    25.8864    195.637    189.809  307.58161     63.605     0.0635     0.0330     0.2067 8.4714e-06      19940          3  0.000e+00
    199.680   59.84444 -149.46796    201.677     5.6570     5.6583     5.6409    32.8360    32.8488  1026.8167    25.8862    195.651    189.809  307.58067     63.610     0.0623     0.0256     0.2067 8.4714e-06      19941          3  0.000e+00
    199.680   59.84444 -149.46796    201.677     5.6569     5.6584     5.6408    32.8359    32.8489  1026.8166    25.8862    195.664    189.810  307.58128     63.614     0.0635     0.0330     0.2067 8.4714e-06      19942          3  0.000e+00
    199.680   59.84444 -149.46796    201.677     5.6568     5.6584     5.6407    32.8356    32.8495  1026.8163    25.8859    195.675    189.811  307.58312     63.617     0.0623     0.0256     0.2067 1.0000e-12      19943          3  0.000e+00
    199.742   59.84444 -149.46796    201.739     5.6568     5.6584     5.6407    32.8346    32.8491  1026.8159    25.8852    195.686    189.815  307.58523     63.620     0.0635     0.0330     0.2067 1.0000e-12      19944          3  0.000e+00
