merge_samples_with_btl/SKQ202309T/ctd/skq202309t_005.cnv
* Sea-Bird SBE 9 Data File:
* FileName = D:\CTD\SKQ202309T\SKQ202309T_005.hex
* Software Version Seasave V 7.26.7.121
* Temperature SN = 6177
* Conductivity SN = 0369
* Number of Bytes Per Scan = 38
* Number of Voltage Words = 3
* Number of Scans Averaged by the Deck Unit = 1
* NMEA Latitude = 62 38.25 N
* NMEA Longitude = 165 42.28 W
* NMEA UTC (Time) = Jun 12 2023  01:37:43
* NMEA baud rate = 4800
** Ship: R/V Sikuliaq
** Station Number: 005
** Station Name: STN 008
** Bottom Depth: 12
** Operator: Kay McMonigal
# nquan = 23
# nvalues = 3288                                  
# units = specified
# name 0 = depSM: Depth [salt water, m]
# name 1 = latitude: Latitude [deg]
# name 2 = longitude: Longitude [deg]
# name 3 = prDM: Pressure, Digiquartz [db]
# name 4 = t090C: Temperature [ITS-90, deg C]
# name 5 = t190C: Temperature, 2 [ITS-90, deg C]
# name 6 = potemp090C: Potential Temperature [ITS-90, deg C]
# name 7 = sal00: Salinity, Practical [PSU]
# name 8 = sal11: Salinity, Practical, 2 [PSU]
# name 9 = density00: Density [density, kg/m^3]
# name 10 = sigma-é00: Density [sigma-theta, kg/m^3]
# name 11 = sbox0Mm/Kg: Oxygen, SBE 43 [umol/kg]
# name 12 = sbox1Mm/Kg: Oxygen, SBE 43, 2 [umol/kg]
# name 13 = oxsolMm/Kg: Oxygen Saturation, Garcia & Gordon [umol/kg]
# name 14 = sbeox0PS: Oxygen, SBE 43 [% saturation]
# name 15 = sbeox1PS: Oxygen, SBE 43, 2 [% saturation]
# name 16 = v0: Voltage 0
# name 17 = flECO-AFL: Fluorescence, WET Labs ECO-AFL/FL [mg/m^3]
# name 18 = v1: Voltage 1
# name 19 = CStarAt0: Beam Attenuation, WET Labs C-Star [1/m]
# name 20 = scan: Scan Count
# name 21 = timeM: Time, Elapsed [minutes]
# name 22 = flag:  0.000e+00
# span 0 =      1.229,      5.785                 
# span 1 =   62.63746,   62.63748                 
# span 2 = -165.70490, -165.70482                 
# span 3 =      1.241,      5.842                 
# span 4 =     3.0533,    13.0234                 
# span 5 =     3.0442,    13.0212                 
# span 6 =     3.0530,    13.0233                 
# span 7 =     3.2223,    27.9448                 
# span 8 =     3.2209,    27.9814                 
# span 9 =  1001.8824,  1022.2803                 
# span 10 =     1.8754,    22.2537                
# span 11 =    285.095,    348.236                
# span 12 =    279.432,    320.281                
# span 13 =  318.98102,  340.25973                
# span 14 =     88.883,    102.720                
# span 15 =     87.087,     94.468                
# span 16 =     0.1160,     0.3614                
# span 17 =     0.3480,     1.8205                
# span 18 =     0.0012,     2.6020                
# span 19 =     2.3764,    49.5425                
# span 20 =          1,       3288                
# span 21 =     0.0000,     2.2826                
# span 22 = 0.0000e+00, 0.0000e+00                
# interval = seconds: 0.0416667
# start_time = Jun 12 2023 01:40:04 [NMEA time, first data scan]
# bad_flag = -9.990e-29
*END*
[from data line 2331]
      5.736   62.63748 -165.70488      5.792     3.0694     3.0688     3.0691    27.8992    27.8716  1022.2439    22.2165    325.971    316.733  339.82683     95.923     93.183     0.1429     0.5091     2.4921     2.5491       2332     1.6187  0.000e+00
      5.736   62.63748 -165.70488      5.792     3.0653     3.0722     3.0650    27.9102    27.8614  1022.2530    22.2256    326.010    316.722  339.83350     95.932     93.181     0.1429     0.5091     2.4921     2.5491       2333     1.6194  0.000e+00
      5.736   62.63748 -165.70488      5.792     3.0632     3.0786     3.0630    27.9129    27.8435  1022.2553    22.2279    326.049    316.728  339.84373     95.941     93.185     0.1441     0.5165     2.4921     2.5491       2334     1.6201  0.000e+00
      5.736   62.63748 -165.70488      5.792     3.0624     3.0856     3.0622    27.9135    27.8262  1022.2558    22.2284    326.043    316.703  339.84894     95.938     93.182     0.1429     0.5091     2.4921     2.5491       2335     1.6208  0.000e+00
      5.736   62.63748 -165.70488      5.792     3.0602     3.0892     3.0599    27.9178    27.8193  1022.2594    22.2320    326.075    316.708  339.85697     95.945     93.187     0.1441     0.5165     2.4921     2.5491       2336     1.6215  0.000e+00
      5.736   62.63748 -165.70488      5.792     3.0595     3.0881     3.0592    27.9153    27.8252  1022.2575    22.2301    326.072    316.925  339.86915     95.940     93.252     0.1441     0.5165     2.4921     2.5491       2337     1.6222  0.000e+00
      5.767   62.63748 -165.70488      5.823     3.0595     3.0869     3.0592    27.9067    27.8298  1022.2508    22.2232    326.112    316.971  339.89153     95.946     93.266     0.1429     0.5091     2.4921     2.5491       2338     1.6229  0.000e+00
      5.736   62.63748 -165.70488      5.792     3.0609     3.0838     3.0606    27.8852    27.8361  1022.2334    22.2060    326.167    316.802  339.93501     95.950     93.213     0.1441     0.5165     2.4921     2.5491       2339     1.6236  0.000e+00
      5.736   62.63748 -165.70488      5.792     3.0648     3.0794     3.0645    27.8564    27.8516  1022.2102    22.1828    326.628    316.801  339.97622     96.074     93.214     0.1514     0.5604     2.4921     2.5491       2340     1.6243  0.000e+00
      5.736   62.63748 -165.70488      5.792     3.0679     3.0741     3.0677    27.8432    27.8771  1022.1994    22.1720    326.227    316.807  339.98355     95.954     93.222     0.1624     0.6264     2.4921     2.5491       2341     1.6250  0.000e+00
      5.736   62.63748 -165.70488      5.792     3.0692     3.0695     3.0689    27.8377    27.8990  1022.1950    22.1676    326.235    316.794  339.98710     95.955     93.222     0.1636     0.6337     2.4921     2.5491       2342     1.6257  0.000e+00
      5.736   62.63748 -165.70488      5.792     3.0684     3.0661     3.0681    27.8348    27.9085  1022.1927    22.1653    326.254    316.799  340.00113     95.957     93.223     0.1636     0.6337     2.4921     2.5491       2343     1.6264  0.000e+00
      5.736   62.63748 -165.70488      5.792     3.0687     3.0643     3.0685    27.8321    27.9110  1022.1906    22.1631    326.260    316.807  340.00523     95.957     93.223     0.1636     0.6337     2.4921     2.5491       2344     1.6271  0.000e+00
      5.736   62.63748 -165.70488      5.792     3.0714     3.0635     3.0711    27.8205    27.9115  1022.1811    22.1537    326.266    317.012  340.01293     95.957     93.281     0.1636     0.6337     2.4921     2.5491       2345     1.6278  0.000e+00
      5.736   62.63748 -165.70488      5.792     3.0742     3.0626     3.0739    27.8123    27.9123  1022.1743    22.1469    326.484    317.039  340.01014     96.022     93.288     0.1636     0.6337     2.4921     2.5491       2346     1.6285  0.000e+00
      5.705   62.63748 -165.70488      5.761     3.0759     3.0616     3.0756    27.8095    27.9122  1022.1718    22.1446    326.283    316.865  340.00281     95.965     93.234     0.1636     0.6337     2.4921     2.5491       2347     1.6292  0.000e+00
      5.736   62.63748 -165.70488      5.792     3.0767     3.0643     3.0764    27.8068    27.8941  1022.1698    22.1424    326.727    316.882  340.00330     96.095     93.233     0.1624     0.6264     2.5055     2.5276       2348     1.6299  0.000e+00
      5.736   62.63748 -165.70488      5.792     3.0736     3.0700     3.0733    27.8153    27.8595  1022.1768    22.1494    326.350    316.910  340.00777     95.983     93.230     0.1636     0.6337     2.5250     2.4965       2349     1.6306  0.000e+00
      5.736   62.63748 -165.70488      5.792     3.0728     3.0752     3.0725    27.8115    27.8304  1022.1738    22.1464    326.356    317.131  340.02400     95.980     93.286     0.1624     0.6264     2.5311     2.4869       2350     1.6313  0.000e+00
      5.736   62.63748 -165.70488      5.792     3.0764     3.0774     3.0761    27.7967    27.8156  1022.1618    22.1343    326.384    317.166  340.03175     95.986     93.291     0.1636     0.6337     2.5299     2.4888       2351     1.6319  0.000e+00
      5.674   62.63748 -165.70488      5.729     3.0792     3.0778     3.0789    27.7892    27.8094  1022.1553    22.1282    326.362    317.191  340.02749     95.981     93.295     0.1624     0.6264     2.5287     2.4907       2352     1.6326  0.000e+00
      5.736   62.63748 -165.70488      5.792     3.0808     3.0778     3.0805    27.7848    27.8099  1022.1520    22.1246    326.310    317.209  340.02504     95.967     93.301     0.1636     0.6337     2.5287     2.4907       2353     1.6333  0.000e+00
      5.736   62.63748 -165.70488      5.792     3.0825     3.0785     3.0823    27.7835    27.8138  1022.1508    22.1234    326.281    317.009  340.01350     95.961     93.246     0.1624     0.6264     2.5299     2.4888       2354     1.6340  0.000e+00
      5.736   62.63748 -165.70488      5.792     3.0830     3.0782     3.0827    27.7776    27.8206  1022.1461    22.1187    326.273    317.188  340.02467     95.956     93.303     0.1636     0.6337     2.5299     2.4888       2355     1.6347  0.000e+00
      5.705   62.63748 -165.70488      5.761     3.0856     3.0797     3.0854    27.7591    27.8160  1022.1310    22.1038    326.274    316.998  340.05001     95.949     93.247     0.1624     0.6264     2.5287     2.4907       2356     1.6354  0.000e+00
      5.674   62.63748 -165.70488      5.729     3.0864     3.0825     3.0862    27.7608    27.8023  1022.1322    22.1051    326.240    316.996  340.03885     95.942     93.244     0.1636     0.6337     2.5287     2.4907       2357     1.6361  0.000e+00
      5.674   62.63748 -165.70488      5.729     3.0839     3.0836     3.0837    27.7804    27.7935  1022.1479    22.1208    326.192    316.999  340.00976     95.936     93.241     0.1636     0.6337     2.5287     2.4907       2358     1.6368  0.000e+00
      5.736   62.63748 -165.70488      5.792     3.0814     3.0838     3.0811    27.7903    27.7887  1022.1563    22.1289    326.133    317.003  340.00549     95.920     93.239     0.1636     0.6337     2.5287     2.4907       2359     1.6375  0.000e+00
      5.674   62.63748 -165.70488      5.729     3.0796     3.0847     3.0793    27.7932    27.7838  1022.1585    22.1313    325.665    316.995  340.01390     95.780     93.235     0.1636     0.6337     2.5299     2.4888       2360     1.6382  0.000e+00
      5.674   62.63748 -165.70488      5.729     3.0806     3.0897     3.0803    27.7930    27.7726  1022.1582    22.1311    326.045    316.969  340.00539     95.894     93.231     0.1636     0.6337     2.5287     2.4907       2361     1.6389  0.000e+00
      5.736   62.63748 -165.70488      5.792     3.0796     3.0877     3.0793    27.7963    27.7763  1022.1612    22.1338    326.024    316.972  340.00588     95.888     93.230     0.1636     0.6337     2.5287     2.4907       2362     1.6396  0.000e+00
      5.620   62.63748 -165.70488      5.675     3.0778     3.0849     3.0776    27.7998    27.7867  1022.1636    22.1367    325.775    316.958  340.01142     95.813     93.227     0.1636     0.6337     2.5287     2.4907       2363     1.6403  0.000e+00
      5.705   62.63748 -165.70488      5.761     3.0780     3.0898     3.0777    27.8065    27.7718  1022.1693    22.1420    325.735    316.945  339.99289     95.807     93.224     0.1636     0.6337     2.5287     2.4907       2364     1.6410  0.000e+00
      5.674   62.63748 -165.70488      5.729     3.0725     3.0945     3.0723    27.8308    27.7466  1022.1889    22.1618    325.887    316.930  339.97641     95.856     93.213     0.1624     0.6264     2.5287     2.4907       2365     1.6417  0.000e+00
      5.674   62.63748 -165.70488      5.729     3.0661     3.0953     3.0658    27.8523    27.7359  1022.2065    22.1794    325.867    316.915  339.97593     95.850     93.202     0.1514     0.5604     2.5299     2.4888       2366     1.6424  0.000e+00
      5.674   62.63748 -165.70488      5.729     3.0628     3.0904     3.0625    27.8596    27.7503  1022.2126    22.1855    325.628    317.113  339.98525     95.777     93.260     0.1453     0.5238     2.5287     2.4907       2367     1.6431  0.000e+00
      5.620   62.63748 -165.70488      5.675     3.0612     3.0827     3.0609    27.8604    27.7811  1022.2130    22.1862    325.350    317.118  339.99642     95.692     93.265     0.1453     0.5238     2.5140     2.5140       2368     1.6438  0.000e+00
      5.674   62.63748 -165.70488      5.729     3.0593     3.0774     3.0590    27.8623    27.8077  1022.2150    22.1878    325.715    317.113  340.00788     95.796     93.270     0.1453     0.5238     2.4750     2.5767       2369     1.6444  0.000e+00
      5.620   62.63748 -165.70488      5.675     3.0598     3.0733     3.0595    27.8602    27.8259  1022.2130    22.1861    325.461    317.113  340.00919     95.721     93.273     0.1465     0.5311     2.4615     2.5984       2370     1.6451  0.000e+00
      5.674   62.63748 -165.70488      5.729     3.0629     3.0724     3.0626    27.8488    27.8390  1022.2040    22.1769    325.622    316.900  340.01163     95.768     93.218     0.1453     0.5238     2.4615     2.5984       2371     1.6458  0.000e+00
      5.620   62.63748 -165.70488      5.675     3.0708     3.0781     3.0705    27.8161    27.8358  1022.1771    22.1502    325.598    316.864  340.02935     95.756     93.218     0.1453     0.5238     2.4640     2.5945       2372     1.6465  0.000e+00
      5.651   62.63748 -165.70488      5.706     3.0861     3.0849     3.0858    27.7589    27.8132  1022.1305    22.1035    325.344    316.846  340.04664     95.676     93.213     0.1453     0.5238     2.4652     2.5925       2373     1.6472  0.000e+00
      5.620   62.63748 -165.70488      5.675     3.0996     3.0859     3.0994    27.7106    27.7977  1022.0909    22.0641    325.531    316.860  340.05633     95.729     93.208     0.1453     0.5238     2.4652     2.5925       2374     1.6479  0.000e+00
      5.620   62.63748 -165.70488      5.675     3.1116     3.0903     3.1113    27.6764    27.7891  1022.0629    22.0360    325.287    316.828  340.04321     95.661     93.203     0.1453     0.5238     2.4652     2.5925       2375     1.6486  0.000e+00
      5.620   62.63748 -165.70488      5.675     3.1208     3.0975     3.1205    27.6559    27.7702  1022.0458    22.0190    325.224    316.997  340.01766     95.649     93.256     0.1465     0.5311     2.4640     2.5945       2376     1.6493  0.000e+00
      5.620   62.63748 -165.70488      5.675     3.1281     3.0972     3.1278    27.6448    27.7630  1022.0365    22.0096    325.158    316.825  339.98457     95.639     93.200     0.1453     0.5238     2.4640     2.5945       2377     1.6500  0.000e+00
      5.620   62.63748 -165.70488      5.675     3.1331     3.0933     3.1328    27.6358    27.7738  1022.0290    22.0021    325.109    317.020  339.96509     95.630     93.255     0.1453     0.5238     2.4652     2.5925       2378     1.6507  0.000e+00
      5.620   62.63748 -165.70488      5.675     3.1363     3.0923     3.1360    27.6311    27.7796  1022.0250    21.9981    325.291    317.046  339.95052     95.688     93.265     0.1465     0.5311     2.4640     2.5945       2379     1.6514  0.000e+00
      5.620   62.63748 -165.70488      5.675     3.1378     3.0906     3.1375    27.6294    27.7819  1022.0234    21.9966    325.070    317.063  339.94193     95.625     93.268     0.1465     0.5311     2.4640     2.5945       2380     1.6521  0.000e+00
      5.558   62.63748 -165.70488      5.613     3.1392     3.0827     3.1390    27.6268    27.7984  1022.0210    21.9944    325.262    316.898  339.93641     95.683     93.212     0.1465     0.5311     2.4640     2.5945       2381     1.6528  0.000e+00
      5.651   62.63748 -165.70488      5.706     3.1405     3.0803     3.1402    27.6231    27.8146  1022.0184    21.9914    325.277    316.867  339.93554     95.688     93.209     0.1453     0.5238     2.4640     2.5945       2382     1.6535  0.000e+00
      5.558   62.63748 -165.70488      5.613     3.1393     3.0803     3.1391    27.6295    27.8170  1022.0231    21.9966    325.281    316.841  339.92853     95.691     93.203     0.1465     0.5311     2.4640     2.5945       2383     1.6542  0.000e+00
      5.620   62.63748 -165.70488      5.675     3.1359     3.0774     3.1357    27.6425    27.8122  1022.0341    22.0072    325.296    316.865  339.92389     95.697     93.200     0.1465     0.5311     2.4640     2.5945       2384     1.6549  0.000e+00
      5.558   62.63748 -165.70488      5.613     3.1326     3.0757     3.1323    27.6490    27.8125  1022.0391    22.0126    325.321    317.061  339.93540     95.701     93.254     0.1465     0.5311     2.4640     2.5945       2385     1.6556  0.000e+00
      5.620   62.63748 -165.70488      5.675     3.1299     3.0813     3.1297    27.6479    27.8028  1022.0388    22.0119    325.365    317.067  339.96087     95.706     93.262     0.1453     0.5238     2.4640     2.5945       2386     1.6563  0.000e+00
      5.558   62.63748 -165.70488      5.612     3.1313     3.0892     3.1311    27.6303    27.7790  1022.0244    21.9978    325.630    317.081  339.99439     95.775     93.268     0.1465     0.5311     2.4640     2.5945       2387     1.6569  0.000e+00
      5.620   62.63748 -165.70488      5.675     3.1405     3.0958     3.1402    27.6048    27.7571  1022.0037    21.9768    325.435    316.883  339.98262     95.721     93.209     0.1453     0.5238     2.4689     2.5866       2388     1.6576  0.000e+00
      5.558   62.63748 -165.70488      5.612     3.1482     3.1042     3.1479    27.5894    27.7375  1021.9906    21.9640    325.485    316.836  339.95707     95.743     93.201     0.1453     0.5238     2.4921     2.5491       2389     1.6583  0.000e+00
      5.558   62.63748 -165.70488      5.612     3.1537     3.1107     3.1534    27.5812    27.7227  1021.9836    21.9570    325.470    316.795  339.93162     95.746     93.194     0.1453     0.5238     2.5031     2.5315       2390     1.6590  0.000e+00
      5.589   62.63748 -165.70488      5.644     3.1565     3.1132     3.1562    27.5774    27.7164  1021.9806    21.9539    325.469    316.973  339.91719     95.750     93.248     0.1441     0.5165     2.5031     2.5315       2391     1.6597  0.000e+00
      5.620   62.63748 -165.70488      5.675     3.1587     3.1142     3.1585    27.5754    27.7164  1021.9789    21.9521    325.470    316.971  339.90343     95.754     93.249     0.1404     0.4945     2.5018     2.5335       2392     1.6604  0.000e+00
      5.558   62.63748 -165.70488      5.612     3.1616     3.1121     3.1613    27.5707    27.7229  1021.9747    21.9482    325.467    316.774  339.89145     95.756     93.191     0.1404     0.4945     2.5018     2.5335       2393     1.6611  0.000e+00
