merge_samples_with_btl/SKQ202309T/ctd/skq202309t_006svp.cnv
* Sea-Bird SBE 9 Data File:
* FileName = D:\CTD\SKQ202309T\SKQ202309T_006.hex
* Software Version Seasave V 7.26.7.121
* Temperature SN = 6177
* Conductivity SN = 0369
* Number of Bytes Per Scan = 38
* Number of Voltage Words = 3
* Number of Scans Averaged by the Deck Unit = 1
* NMEA Latitude = 63 13.86 N
* NMEA Longitude = 165 38.62 W
* NMEA UTC (Time) = Jun 12 2023  07:50:19
* NMEA baud rate = 4800
** Ship: R/V Sikuliaq
** Station Number: 006
** Station Name: STN 009
** Bottom Depth: 23
** Operator: Seth Zippel
# nquan = 7
# nvalues = 4827                                  
# units = specified
# name 0 = depSM: Depth [salt water, m]
# name 1 = latitude: Latitude [deg]
# name 2 = longitude: Longitude [deg]
# name 3 = t090C: Temperature [ITS-90, deg C]
# name 4 = sal00: Salinity, Practical [PSU]
# name 5 = svCM: Sound Velocity [Chen-Millero, m/s]
# name 6 = flag:  0.000e+00
# span 0 =      1.097,     14.739                 
# span 1 =   63.23124,   63.23136                 
# span 2 = -165.64270, -165.64250                 
# span 3 =    -1.0156,    12.3016                 
# span 4 =     9.2773,    30.5974                 
# span 5 =    1438.66,    1468.74                 
# span 6 = 0.0000e+00, 0.0000e+00                 
# interval = seconds: 0.0416667
# start_time = Jun 12 2023 07:55:11 [NMEA time, first data scan]
# bad_flag = -9.990e-29
*END*
[from data line 821]
      2.698   63.23126 -165.64266     8.3442    17.8124    1462.66  0.000e+00
      2.698   63.23126 -165.64266     8.2926    17.9187    1462.59  0.000e+00
      2.698   63.23126 -165.64266     8.2434    18.0614    1462.57  0.000e+00
      2.698   63.23126 -165.64266     8.1325    18.3579    1462.50  0.000e+00
      2.698   63.23126 -165.64266     7.9754    18.8332    1462.46  0.000e+00
      2.783   63.23126 -165.64266     7.8163    19.2328    1462.32  0.000e+00
      2.698   63.23126 -165.64266     7.7165    19.4151    1462.15  0.000e+00
      2.814   63.23126 -165.64266     7.6450    19.6085    1462.11  0.000e+00
      2.752   63.23126 -165.64266     7.5345    19.8062    1461.91  0.000e+00
      2.752   63.23126 -165.64266     7.4904    19.8511    1461.79  0.000e+00
      2.814   63.23126 -165.64266     7.4697    19.8747    1461.74  0.000e+00
      2.752   63.23126 -165.64266     7.4287    19.9281    1461.64  0.000e+00
      2.814   63.23126 -165.64266     7.3782    19.9882    1461.51  0.000e+00
      2.814   63.23126 -165.64266     7.3621    20.0682    1461.55  0.000e+00
      2.814   63.23126 -165.64266     7.3621    20.2172    1461.73  0.000e+00
      2.868   63.23126 -165.64266     7.2893    20.5239    1461.82  0.000e+00
      2.814   63.23126 -165.64266     7.1361    20.8973    1461.67  0.000e+00
      2.868   63.23126 -165.64266     7.0033    21.1323    1461.43  0.000e+00
      2.814   63.23126 -165.64266     6.9044    21.2552    1461.18  0.000e+00
      2.868   63.23126 -165.64266     6.8244    21.3280    1460.95  0.000e+00
      2.868   63.23126 -165.64266     6.7672    21.3739    1460.77  0.000e+00
      2.868   63.23126 -165.64264     6.7338    21.3982    1460.67  0.000e+00
      2.922   63.23126 -165.64264     6.7113    21.4114    1460.60  0.000e+00
      2.845   63.23126 -165.64264     6.6855    21.4284    1460.51  0.000e+00
      2.922   63.23126 -165.64264     6.6755    21.4197    1460.46  0.000e+00
      2.868   63.23126 -165.64264     6.6810    21.3928    1460.45  0.000e+00
      2.868   63.23126 -165.64264     6.6903    21.3794    1460.47  0.000e+00
      2.922   63.23126 -165.64264     6.6927    21.4013    1460.51  0.000e+00
      2.922   63.23126 -165.64264     6.6859    21.4261    1460.51  0.000e+00
      2.868   63.23126 -165.64264     6.6694    21.4327    1460.45  0.000e+00
      2.922   63.23126 -165.64264     6.6588    21.4695    1460.45  0.000e+00
      2.922   63.23126 -165.64264     6.6434    21.5537    1460.50  0.000e+00
      2.922   63.23126 -165.64264     6.6223    21.6060    1460.48  0.000e+00
      2.868   63.23126 -165.64264     6.6108    21.6178    1460.44  0.000e+00
      2.922   63.23126 -165.64264     6.5959    21.6292    1460.40  0.000e+00
      2.922   63.23126 -165.64264     6.5687    21.6334    1460.29  0.000e+00
      2.922   63.23126 -165.64264     6.5568    21.6027    1460.21  0.000e+00
      2.922   63.23126 -165.64264     6.5763    21.5737    1460.25  0.000e+00
      2.922   63.23126 -165.64264     6.6017    21.5389    1460.31  0.000e+00
      2.922   63.23126 -165.64264     6.6426    21.4670    1460.39  0.000e+00
      2.899   63.23126 -165.64264     6.6920    21.3938    1460.49  0.000e+00
      2.922   63.23126 -165.64264     6.7182    21.3743    1460.58  0.000e+00
      2.922   63.23126 -165.64264     6.7246    21.3757    1460.60  0.000e+00
      2.922   63.23126 -165.64264     6.7313    21.3325    1460.58  0.000e+00
      2.922   63.23126 -165.64264     6.7466    21.2682    1460.56  0.000e+00
      2.922   63.23126 -165.64264     6.7564    21.2347    1460.56  0.000e+00
      2.922   63.23126 -165.64264     6.7669    21.1784    1460.53  0.000e+00
      2.922   63.23126 -165.64264     6.7728    21.1049    1460.46  0.000e+00
      2.922   63.23126 -165.64264     6.7721    21.0762    1460.42  0.000e+00
      2.922   63.23126 -165.64264     6.7978    21.0370    1460.48  0.000e+00
      2.922   63.23126 -165.64264     6.9553    20.8676    1460.91  0.000e+00
      2.922   63.23126 -165.64264     7.0312    20.6940    1461.00  0.000e+00
      2.922   63.23126 -165.64264     6.9933    20.6347    1460.77  0.000e+00
      2.922   63.23126 -165.64264     6.9789    20.6253    1460.70  0.000e+00
      2.922   63.23126 -165.64264     7.0069    20.5763    1460.75  0.000e+00
      2.922   63.23126 -165.64264     7.0644    20.4574    1460.83  0.000e+00
      2.922   63.23126 -165.64264     7.1180    20.3449    1460.91  0.000e+00
      2.899   63.23126 -165.64264     7.1597    20.2748    1460.99  0.000e+00
      2.984   63.23126 -165.64264     7.2033    20.2081    1461.09  0.000e+00
      2.922   63.23126 -165.64264     7.2227    20.1799    1461.13  0.000e+00
      2.922   63.23126 -165.64264     7.1858    20.2117    1461.02  0.000e+00
      2.922   63.23126 -165.64264     7.1498    20.2316    1460.90  0.000e+00
      2.984   63.23126 -165.64264     7.1393    20.2530    1460.88  0.000e+00
      2.922   63.23126 -165.64264     7.1507    20.2928    1460.98  0.000e+00
      2.922   63.23126 -165.64264     7.1644    20.3307    1461.08  0.000e+00
      2.984   63.23126 -165.64264     7.1713    20.3712    1461.16  0.000e+00
      2.922   63.23126 -165.64264     7.1784    20.4262    1461.25  0.000e+00
      2.984   63.23126 -165.64264     7.1814    20.5332    1461.40  0.000e+00
      2.984   63.23126 -165.64264     7.1731    20.6552    1461.52  0.000e+00
      2.984   63.23126 -165.64264     7.1228    20.7384    1461.42  0.000e+00
      2.922   63.23126 -165.64264     7.0113    20.8466    1461.10  0.000e+00
      3.038   63.23126 -165.64264     6.9174    20.9675    1460.88  0.000e+00
      2.984   63.23126 -165.64264     6.8674    21.0598    1460.79  0.000e+00
      2.984   63.23126 -165.64264     6.8758    21.0693    1460.84  0.000e+00
      3.015   63.23126 -165.64264     6.9093    21.0287    1460.92  0.000e+00
      3.038   63.23126 -165.64264     6.9456    21.0326    1461.07  0.000e+00
      3.038   63.23126 -165.64264     6.9112    21.2464    1461.20  0.000e+00
      2.984   63.23126 -165.64264     6.7774    21.6989    1461.22  0.000e+00
      3.099   63.23126 -165.64264     6.5912    22.1674    1461.05  0.000e+00
      3.038   63.23126 -165.64264     6.4211    22.5068    1460.79  0.000e+00
      3.099   63.23126 -165.64264     6.2719    22.7240    1460.45  0.000e+00
      3.038   63.23126 -165.64264     6.1714    22.8927    1460.25  0.000e+00
      3.099   63.23126 -165.64264     6.0798    23.0786    1460.11  0.000e+00
      3.153   63.23126 -165.64264     5.9918    23.2500    1459.97  0.000e+00
      3.099   63.23126 -165.64264     5.9023    23.4202    1459.81  0.000e+00
      3.153   63.23126 -165.64264     5.8274    23.5776    1459.70  0.000e+00
      3.153   63.23126 -165.64264     5.7706    23.7000    1459.62  0.000e+00
      3.153   63.23126 -165.64264     5.7255    23.8152    1459.58  0.000e+00
      3.153   63.23126 -165.64264     5.6644    23.9453    1459.49  0.000e+00
      3.207   63.23126 -165.64264     5.6214    24.0623    1459.46  0.000e+00
      3.153   63.23126 -165.64264     5.5678    24.1889    1459.40  0.000e+00
      3.246   63.23126 -165.64264     5.5103    24.2901    1459.29  0.000e+00
      3.269   63.23126 -165.64264     5.4680    24.3735    1459.22  0.000e+00
      3.207   63.23126 -165.64264     5.4233    24.4742    1459.16  0.000e+00
      3.269   63.23126 -165.64264     5.3718    24.5794    1459.08  0.000e+00
      3.269   63.23126 -165.64264     5.3247    24.6788    1459.01  0.000e+00
      3.269   63.23126 -165.64264     5.2632    24.7785    1458.88  0.000e+00
      3.323   63.23126 -165.64264     5.1354    24.9186    1458.53  0.000e+00
      3.323   63.23126 -165.64264     5.0154    25.0421    1458.19  0.000e+00
      3.323   63.23126 -165.64264     4.9138    25.1456    1457.89  0.000e+00
      3.323   63.23126 -165.64264     4.8162    25.2359    1457.60  0.000e+00
      3.385   63.23126 -165.64264     4.7381    25.3057    1457.36  0.000e+00
      3.323   63.23126 -165.64264     4.6297    25.4011    1457.02  0.000e+00
      3.385   63.23126 -165.64264     4.5216    25.4985    1456.69  0.000e+00
      3.385   63.23126 -165.64264     4.3991    25.6040    1456.31  0.000e+00
      3.439   63.23126 -165.64264     4.3073    25.6834    1456.02  0.000e+00
      3.354   63.23126 -165.64264     4.2262    25.7535    1455.77  0.000e+00
      3.439   63.23126 -165.64264     4.1571    25.8145    1455.55  0.000e+00
      3.439   63.23126 -165.64264     4.0959    25.8663    1455.36  0.000e+00
      3.439   63.23126 -165.64264     4.0476    25.9084    1455.20  0.000e+00
      3.439   63.23126 -165.64264     4.0236    25.9270    1455.13  0.000e+00
      3.439   63.23126 -165.64264     4.0098    25.9348    1455.08  0.000e+00
      3.439   63.23126 -165.64264     3.9985    25.9359    1455.03  0.000e+00
      3.500   63.23126 -165.64264     3.9823    25.9406    1454.97  0.000e+00
      3.500   63.23126 -165.64264     3.9630    25.9502    1454.90  0.000e+00
      3.439   63.23126 -165.64264     3.9442    25.9596    1454.83  0.000e+00
      3.500   63.23126 -165.64264     3.9325    25.9659    1454.79  0.000e+00
      3.500   63.23126 -165.64264     3.9311    25.9660    1454.78  0.000e+00
      3.554   63.23126 -165.64264     3.9355    25.9619    1454.80  0.000e+00
      3.439   63.23126 -165.64264     3.9341    25.9689    1454.80  0.000e+00
      3.531   63.23126 -165.64264     3.9305    25.9794    1454.80  0.000e+00
      3.500   63.23126 -165.64264     3.9352    25.9836    1454.82  0.000e+00
      3.554   63.23126 -165.64264     3.9434    25.9819    1454.86  0.000e+00
      3.500   63.23126 -165.64264     3.9676    25.9629    1454.93  0.000e+00
      3.500   63.23126 -165.64264     3.9804    25.9475    1454.97  0.000e+00
      3.554   63.23126 -165.64264     3.9653    25.9551    1454.91  0.000e+00
      3.500   63.23126 -165.64264     3.9510    25.9657    1454.87  0.000e+00
      3.554   63.23126 -165.64264     3.9439    25.9698    1454.84  0.000e+00
      3.500   63.23126 -165.64264     3.9365    25.9731    1454.81  0.000e+00
      3.554   63.23126 -165.64264     3.9348    25.9671    1454.80  0.000e+00
      3.500   63.23126 -165.64264     3.9422    25.9511    1454.81  0.000e+00
      3.554   63.23126 -165.64264     3.9385    25.9424    1454.78  0.000e+00
      3.554   63.23126 -165.64264     3.9321    25.9346    1454.75  0.000e+00
      3.500   63.23126 -165.64264     3.9290    25.9311    1454.73  0.000e+00
      3.531   63.23126 -165.64264     3.9294    25.9214    1454.72  0.000e+00
      3.500   63.23126 -165.64264     3.9327    25.8827    1454.68  0.000e+00
      3.554   63.23126 -165.64264     3.9891    25.7576    1454.76  0.000e+00
      3.554   63.23126 -165.64264     4.0706    25.6079    1454.92  0.000e+00
      3.554   63.23126 -165.64264     4.1153    25.5280    1455.01  0.000e+00
      3.500   63.23126 -165.64264     4.1289    25.5060    1455.04  0.000e+00
      3.500   63.23126 -165.64264     4.1281    25.5208    1455.05  0.000e+00
      3.554   63.23126 -165.64264     4.1155    25.5607    1455.05  0.000e+00
      3.500   63.23126 -165.64264     4.1036    25.5832    1455.03  0.000e+00
      3.554   63.23126 -165.64264     4.0708    25.5912    1454.90  0.000e+00
      3.500   63.23126 -165.64264     4.0521    25.5960    1454.83  0.000e+00
      3.500   63.23126 -165.64264     4.1942    25.4874    1455.29  0.000e+00
      3.554   63.23126 -165.64264     4.3404    25.3708    1455.77  0.000e+00
      3.500   63.23126 -165.64264     4.3081    25.4061    1455.67  0.000e+00
      3.531   63.23126 -165.64264     4.3595    25.4000    1455.88  0.000e+00
      3.554   63.23126 -165.64264     4.3901    25.4026    1456.02  0.000e+00
      3.554   63.23126 -165.64264     4.3776    25.4247    1455.99  0.000e+00
      3.500   63.23126 -165.64264     4.3347    25.4703    1455.87  0.000e+00
      3.554   63.23126 -165.64264     4.3267    25.4897    1455.86  0.000e+00
      3.500   63.23126 -165.64264     4.2935    25.5311    1455.77  0.000e+00
      3.554   63.23126 -165.64264     4.2492    25.5785    1455.64  0.000e+00
      3.500   63.23126 -165.64264     4.2353    25.5945    1455.60  0.000e+00
      3.608   63.23126 -165.64264     4.2430    25.5900    1455.63  0.000e+00
      3.500   63.23126 -165.64264     4.2757    25.5638    1455.74  0.000e+00
      3.554   63.23126 -165.64264     4.3049    25.5410    1455.83  0.000e+00
      3.554   63.23126 -165.64264     4.2884    25.5541    1455.78  0.000e+00
      3.554   63.23126 -165.64264     4.2998    25.5508    1455.82  0.000e+00
      3.554   63.23126 -165.64264     4.3206    25.5403    1455.90  0.000e+00
      3.585   63.23126 -165.64264     4.2978    25.5638    1455.83  0.000e+00
      3.554   63.23126 -165.64264     4.2771    25.5853    1455.77  0.000e+00
      3.554   63.23126 -165.64264     4.2567    25.6146    1455.72  0.000e+00
      3.608   63.23126 -165.64264     4.1937    25.6939    1455.56  0.000e+00
      3.554   63.23126 -165.64264     4.1073    25.7944    1455.32  0.000e+00
      3.608   63.23126 -165.64264     4.0643    25.8486    1455.20  0.000e+00
      3.608   63.23126 -165.64264     4.0465    25.8801    1455.17  0.000e+00
      3.608   63.23126 -165.64264     4.0390    25.9086    1455.17  0.000e+00
      3.670   63.23126 -165.64264     4.0364    25.9466    1455.21  0.000e+00
      3.608   63.23126 -165.64264     4.0132    26.0130    1455.19  0.000e+00
      3.608   63.23126 -165.64264     3.9770    26.0748    1455.12  0.000e+00
      3.670   63.23126 -165.64264     3.9543    26.1324    1455.10  0.000e+00
      3.670   63.23126 -165.64264     3.9698    26.2275    1455.28  0.000e+00
      3.670   63.23126 -165.64264     4.0113    26.3061    1455.56  0.000e+00
      3.639   63.23126 -165.64264     4.0349    26.3346    1455.70  0.000e+00
      3.724   63.23126 -165.64264     4.0417    26.3439    1455.74  0.000e+00
      3.670   63.23126 -165.64264     4.0328    26.3540    1455.72  0.000e+00
      3.724   63.23126 -165.64264     4.0231    26.3480    1455.67  0.000e+00
      3.724   63.23126 -165.64264     4.0124    26.3264    1455.59  0.000e+00
      3.724   63.23126 -165.64264     3.9935    26.3231    1455.51  0.000e+00
      3.724   63.23126 -165.64264     3.9998    26.3566    1455.58  0.000e+00
      3.786   63.23126 -165.64264     4.0273    26.3955    1455.75  0.000e+00
      3.786   63.23126 -165.64264     4.0659    26.4096    1455.93  0.000e+00
      3.786   63.23126 -165.64264     4.0902    26.4104    1456.03  0.000e+00
      3.786   63.23126 -165.64264     4.0981    26.4189    1456.08  0.000e+00
      3.786   63.23126 -165.64264     4.1127    26.4461    1456.18  0.000e+00
      3.840   63.23126 -165.64264     4.1530    26.4649    1456.37  0.000e+00
      3.817   63.23126 -165.64264     4.2011    26.4797    1456.60  0.000e+00
      3.840   63.23126 -165.64264     4.2193    26.4978    1456.70  0.000e+00
      3.840   63.23126 -165.64264     4.2383    26.5034    1456.78  0.000e+00
      3.901   63.23126 -165.64264     4.2822    26.4992    1456.97  0.000e+00
      3.840   63.23126 -165.64264     4.3538    26.4850    1457.25  0.000e+00
      3.901   63.23126 -165.64264     4.4158    26.4889    1457.52  0.000e+00
      3.901   63.23126 -165.64264     4.4670    26.5057    1457.76  0.000e+00
      3.901   63.23126 -165.64264     4.5119    26.5275    1457.97  0.000e+00
      3.901   63.23126 -165.64264     4.5484    26.5639    1458.17  0.000e+00
      3.955   63.23126 -165.64264     4.6070    26.5701    1458.43  0.000e+00
      3.955   63.23126 -165.64264     4.6902    26.5486    1458.75  0.000e+00
      3.955   63.23126 -165.64264     4.7264    26.5853    1458.95  0.000e+00
      3.955   63.23126 -165.64264     4.7764    26.6376    1459.22  0.000e+00
      3.932   63.23126 -165.64264     4.8580    26.6736    1459.61  0.000e+00
      4.009   63.23126 -165.64264     4.9154    26.6766    1459.86  0.000e+00
