merge_samples_with_btl/SKQ202309T/ctd/skq202309t_001svp.cnv
* Sea-Bird SBE 9 Data File:
* FileName = D:\CTD\SKQ202309T\SKQ202309T_001.hex
* Software Version Seasave V 7.26.7.121
* Temperature SN = 6177
* Conductivity SN = 0369
* Number of Bytes Per Scan = 38
* Number of Voltage Words = 3
* Number of Scans Averaged by the Deck Unit = 1
* NMEA Latitude = 59 50.67 N
* NMEA Longitude = 149 28.05 W
* NMEA UTC (Time) = Jun 06 2023  18:49:21
* NMEA baud rate = 4800
** Ship: R/V Sikuliaq
** Station Number: 001
** Station Name: GAK1
** Bottom Depth: 272
** Operator: AP
# nquan = 7
# nvalues = 15748                                 
# units = specified
# name 0 = depSM: Depth [salt water, m]
# name 1 = latitude: Latitude [deg]
# name 2 = longitude: Longitude [deg]
# name 3 = t090C: Temperature [ITS-90, deg C]
# name 4 = sal00: Salinity, Practical [PSU]
# name 5 = svCM: Sound Velocity [Chen-Millero, m/s]
# name 6 = flag:  0.000e+00
# span 0 =      0.794,    259.781                 
# span 1 =   59.84412,   59.84444                 
# span 2 = -149.46844, -149.46794                 
# span 3 =     4.8622,     8.6935                 
# span 4 =    29.9272,    33.1993                 
# span 5 =    1467.14,    1478.85                 
# span 6 = 0.0000e+00, 0.0000e+00                 
# interval = seconds: 0.0416667
# start_time = Jun 06 2023 18:55:03 [NMEA time, first data scan]
# bad_flag = -9.990e-29
*END*
[from data line 3898]
     41.612   59.84434 -149.46808     5.9687    31.3647    1470.72  0.000e+00
     41.612   59.84434 -149.46808     5.9694    31.3648    1470.72  0.000e+00
     41.612   59.84434 -149.46808     5.9700    31.3653    1470.72  0.000e+00
     41.674   59.84434 -149.46808     5.9704    31.3652    1470.72  0.000e+00
     41.666   59.84434 -149.46808     5.9706    31.3650    1470.73  0.000e+00
     41.674   59.84434 -149.46808     5.9709    31.3649    1470.73  0.000e+00
     41.612   59.84434 -149.46808     5.9712    31.3651    1470.73  0.000e+00
     41.674   59.84434 -149.46808     5.9715    31.3647    1470.73  0.000e+00
     41.728   59.84434 -149.46808     5.9720    31.3644    1470.73  0.000e+00
     41.674   59.84434 -149.46808     5.9722    31.3641    1470.73  0.000e+00
     41.728   59.84434 -149.46808     5.9724    31.3643    1470.73  0.000e+00
     41.728   59.84434 -149.46808     5.9727    31.3641    1470.73  0.000e+00
     41.728   59.84434 -149.46808     5.9727    31.3641    1470.73  0.000e+00
     41.728   59.84434 -149.46808     5.9725    31.3644    1470.73  0.000e+00
     41.728   59.84434 -149.46808     5.9727    31.3641    1470.73  0.000e+00
     41.728   59.84434 -149.46808     5.9727    31.3639    1470.73  0.000e+00
     41.789   59.84434 -149.46808     5.9728    31.3641    1470.74  0.000e+00
     41.789   59.84434 -149.46808     5.9727    31.3642    1470.73  0.000e+00
     41.728   59.84434 -149.46808     5.9727    31.3639    1470.73  0.000e+00
     41.789   59.84434 -149.46808     5.9728    31.3639    1470.73  0.000e+00
     41.782   59.84434 -149.46808     5.9727    31.3641    1470.73  0.000e+00
     41.844   59.84434 -149.46808     5.9727    31.3637    1470.73  0.000e+00
     41.789   59.84434 -149.46808     5.9728    31.3634    1470.73  0.000e+00
     41.844   59.84434 -149.46808     5.9728    31.3638    1470.74  0.000e+00
     41.844   59.84434 -149.46808     5.9730    31.3638    1470.74  0.000e+00
     41.844   59.84434 -149.46808     5.9728    31.3637    1470.74  0.000e+00
     41.844   59.84434 -149.46808     5.9731    31.3635    1470.74  0.000e+00
     41.844   59.84434 -149.46808     5.9728    31.3639    1470.74  0.000e+00
     41.905   59.84434 -149.46808     5.9731    31.3639    1470.74  0.000e+00
     41.844   59.84434 -149.46808     5.9730    31.3639    1470.74  0.000e+00
     41.905   59.84434 -149.46808     5.9731    31.3639    1470.74  0.000e+00
     41.905   59.84434 -149.46808     5.9731    31.3635    1470.74  0.000e+00
     41.844   59.84434 -149.46808     5.9731    31.3638    1470.74  0.000e+00
     41.959   59.84434 -149.46808     5.9733    31.3640    1470.74  0.000e+00
     41.905   59.84434 -149.46808     5.9742    31.3644    1470.74  0.000e+00
     41.959   59.84434 -149.46808     5.9772    31.3637    1470.75  0.000e+00
     41.959   59.84434 -149.46808     5.9803    31.3617    1470.77  0.000e+00
     41.959   59.84434 -149.46808     5.9794    31.3613    1470.76  0.000e+00
     41.959   59.84434 -149.46808     5.9782    31.3613    1470.76  0.000e+00
     41.959   59.84434 -149.46808     5.9781    31.3618    1470.76  0.000e+00
     42.013   59.84434 -149.46808     5.9790    31.3617    1470.76  0.000e+00
     42.013   59.84434 -149.46808     5.9787    31.3606    1470.76  0.000e+00
     41.959   59.84434 -149.46808     5.9768    31.3608    1470.75  0.000e+00
     42.075   59.84434 -149.46808     5.9755    31.3603    1470.75  0.000e+00
     42.013   59.84434 -149.46808     5.9738    31.3610    1470.74  0.000e+00
     42.013   59.84434 -149.46808     5.9725    31.3613    1470.73  0.000e+00
     42.075   59.84434 -149.46808     5.9715    31.3616    1470.73  0.000e+00
     42.075   59.84434 -149.46808     5.9703    31.3620    1470.73  0.000e+00
     42.129   59.84434 -149.46808     5.9696    31.3611    1470.72  0.000e+00
     42.075   59.84434 -149.46808     5.9680    31.3614    1470.72  0.000e+00
     42.129   59.84434 -149.46808     5.9664    31.3609    1470.71  0.000e+00
     42.129   59.84434 -149.46808     5.9658    31.3608    1470.71  0.000e+00
     42.191   59.84434 -149.46808     5.9648    31.3612    1470.71  0.000e+00
     42.129   59.84434 -149.46808     5.9637    31.3611    1470.70  0.000e+00
     42.183   59.84434 -149.46808     5.9631    31.3607    1470.70  0.000e+00
     42.191   59.84434 -149.46808     5.9618    31.3618    1470.69  0.000e+00
     42.245   59.84434 -149.46808     5.9614    31.3614    1470.69  0.000e+00
     42.245   59.84434 -149.46808     5.9609    31.3614    1470.69  0.000e+00
     42.245   59.84434 -149.46808     5.9605    31.3619    1470.69  0.000e+00
     42.245   59.84434 -149.46808     5.9602    31.3620    1470.69  0.000e+00
     42.307   59.84434 -149.46808     5.9601    31.3618    1470.69  0.000e+00
     42.307   59.84434 -149.46808     5.9599    31.3618    1470.69  0.000e+00
     42.307   59.84434 -149.46808     5.9594    31.3622    1470.69  0.000e+00
     42.361   59.84434 -149.46808     5.9593    31.3622    1470.69  0.000e+00
     42.361   59.84434 -149.46808     5.9591    31.3620    1470.69  0.000e+00
     42.361   59.84434 -149.46808     5.9589    31.3620    1470.69  0.000e+00
     42.415   59.84434 -149.46808     5.9592    31.3615    1470.69  0.000e+00
     42.415   59.84434 -149.46808     5.9590    31.3621    1470.69  0.000e+00
     42.477   59.84434 -149.46808     5.9589    31.3622    1470.69  0.000e+00
     42.415   59.84434 -149.46808     5.9591    31.3619    1470.69  0.000e+00
     42.477   59.84434 -149.46808     5.9589    31.3620    1470.69  0.000e+00
     42.531   59.84434 -149.46808     5.9590    31.3623    1470.69  0.000e+00
     42.469   59.84434 -149.46808     5.9591    31.3628    1470.69  0.000e+00
     42.592   59.84434 -149.46808     5.9596    31.3628    1470.69  0.000e+00
     42.531   59.84434 -149.46808     5.9600    31.3631    1470.69  0.000e+00
     42.592   59.84434 -149.46808     5.9608    31.3629    1470.70  0.000e+00
     42.646   59.84434 -149.46808     5.9613    31.3632    1470.70  0.000e+00
     42.592   59.84434 -149.46808     5.9624    31.3635    1470.71  0.000e+00
     42.646   59.84434 -149.46808     5.9636    31.3642    1470.71  0.000e+00
     42.708   59.84434 -149.46808     5.9651    31.3659    1470.72  0.000e+00
     42.646   59.84434 -149.46808     5.9669    31.3675    1470.73  0.000e+00
     42.762   59.84434 -149.46808     5.9696    31.3683    1470.74  0.000e+00
     42.700   59.84434 -149.46808     5.9724    31.3690    1470.75  0.000e+00
     42.762   59.84434 -149.46808     5.9744    31.3693    1470.76  0.000e+00
     42.816   59.84434 -149.46808     5.9767    31.3693    1470.77  0.000e+00
     42.816   59.84434 -149.46808     5.9776    31.3689    1470.78  0.000e+00
     42.762   59.84434 -149.46808     5.9784    31.3684    1470.78  0.000e+00
     42.878   59.84434 -149.46808     5.9784    31.3682    1470.78  0.000e+00
     42.878   59.84434 -149.46808     5.9778    31.3682    1470.78  0.000e+00
     42.932   59.84434 -149.46808     5.9772    31.3683    1470.78  0.000e+00
     42.878   59.84434 -149.46808     5.9766    31.3681    1470.77  0.000e+00
     42.932   59.84434 -149.46808     5.9759    31.3684    1470.77  0.000e+00
     42.986   59.84434 -149.46808     5.9752    31.3685    1470.77  0.000e+00
     42.994   59.84434 -149.46808     5.9749    31.3684    1470.77  0.000e+00
     42.994   59.84434 -149.46808     5.9742    31.3681    1470.77  0.000e+00
     43.048   59.84434 -149.46808     5.9728    31.3679    1470.76  0.000e+00
     43.048   59.84434 -149.46808     5.9709    31.3674    1470.75  0.000e+00
     43.110   59.84434 -149.46808     5.9685    31.3675    1470.74  0.000e+00
     43.110   59.84434 -149.46808     5.9663    31.3664    1470.73  0.000e+00
     43.110   59.84434 -149.46808     5.9637    31.3669    1470.72  0.000e+00
     43.164   59.84434 -149.46808     5.9613    31.3673    1470.72  0.000e+00
     43.164   59.84434 -149.46808     5.9588    31.3673    1470.71  0.000e+00
     43.164   59.84434 -149.46808     5.9567    31.3676    1470.70  0.000e+00
     43.279   59.84434 -149.46808     5.9548    31.3677    1470.69  0.000e+00
     43.218   59.84434 -149.46808     5.9538    31.3672    1470.69  0.000e+00
     43.279   59.84434 -149.46808     5.9525    31.3685    1470.68  0.000e+00
     43.334   59.84434 -149.46808     5.9519    31.3679    1470.68  0.000e+00
     43.279   59.84434 -149.46808     5.9508    31.3683    1470.68  0.000e+00
     43.334   59.84434 -149.46808     5.9506    31.3684    1470.68  0.000e+00
     43.395   59.84434 -149.46808     5.9503    31.3681    1470.68  0.000e+00
     43.395   59.84434 -149.46808     5.9489    31.3681    1470.67  0.000e+00
     43.395   59.84434 -149.46808     5.9473    31.3678    1470.66  0.000e+00
     43.395   59.84434 -149.46808     5.9460    31.3679    1470.66  0.000e+00
     43.449   59.84434 -149.46808     5.9453    31.3677    1470.66  0.000e+00
     43.503   59.84434 -149.46808     5.9446    31.3674    1470.65  0.000e+00
     43.511   59.84434 -149.46808     5.9433    31.3675    1470.65  0.000e+00
     43.511   59.84434 -149.46808     5.9422    31.3676    1470.65  0.000e+00
     43.565   59.84434 -149.46808     5.9415    31.3677    1470.64  0.000e+00
     43.565   59.84434 -149.46808     5.9409    31.3683    1470.64  0.000e+00
     43.565   59.84434 -149.46808     5.9410    31.3681    1470.64  0.000e+00
     43.619   59.84434 -149.46808     5.9408    31.3685    1470.64  0.000e+00
     43.681   59.84434 -149.46808     5.9406    31.3679    1470.64  0.000e+00
     43.619   59.84434 -149.46808     5.9394    31.3679    1470.64  0.000e+00
     43.735   59.84434 -149.46808     5.9387    31.3676    1470.64  0.000e+00
     43.681   59.84434 -149.46808     5.9383    31.3678    1470.63  0.000e+00
     43.735   59.84434 -149.46808     5.9380    31.3673    1470.63  0.000e+00
     43.735   59.84434 -149.46808     5.9376    31.3680    1470.63  0.000e+00
     43.797   59.84434 -149.46808     5.9374    31.3676    1470.63  0.000e+00
     43.851   59.84434 -149.46808     5.9370    31.3674    1470.63  0.000e+00
     43.797   59.84434 -149.46808     5.9370    31.3678    1470.63  0.000e+00
     43.851   59.84434 -149.46808     5.9367    31.3679    1470.63  0.000e+00
     43.912   59.84434 -149.46808     5.9370    31.3675    1470.63  0.000e+00
     43.912   59.84434 -149.46808     5.9368    31.3684    1470.63  0.000e+00
     43.912   59.84434 -149.46808     5.9370    31.3692    1470.63  0.000e+00
     43.967   59.84434 -149.46808     5.9374    31.3694    1470.64  0.000e+00
     43.967   59.84434 -149.46808     5.9376    31.3696    1470.64  0.000e+00
     43.967   59.84434 -149.46808     5.9377    31.3699    1470.64  0.000e+00
     44.082   59.84434 -149.46808     5.9379    31.3695    1470.64  0.000e+00
     43.967   59.84434 -149.46808     5.9376    31.3697    1470.64  0.000e+00
     44.136   59.84434 -149.46808     5.9372    31.3690    1470.64  0.000e+00
     44.082   59.84434 -149.46808     5.9355    31.3688    1470.63  0.000e+00
     44.136   59.84434 -149.46808     5.9330    31.3680    1470.62  0.000e+00
     44.136   59.84434 -149.46808     5.9302    31.3676    1470.61  0.000e+00
     44.198   59.84434 -149.46808     5.9278    31.3681    1470.60  0.000e+00
     44.198   59.84434 -149.46808     5.9261    31.3685    1470.59  0.000e+00
     44.198   59.84434 -149.46808     5.9249    31.3687    1470.59  0.000e+00
     44.252   59.84434 -149.46808     5.9243    31.3694    1470.59  0.000e+00
     44.314   59.84434 -149.46808     5.9238    31.3696    1470.59  0.000e+00
     44.314   59.84434 -149.46808     5.9232    31.3702    1470.59  0.000e+00
     44.314   59.84434 -149.46808     5.9230    31.3704    1470.59  0.000e+00
     44.368   59.84434 -149.46808     5.9237    31.3706    1470.59  0.000e+00
     44.368   59.84434 -149.46808     5.9241    31.3711    1470.59  0.000e+00
     44.422   59.84434 -149.46808     5.9248    31.3715    1470.60  0.000e+00
     44.422   59.84434 -149.46808     5.9258    31.3717    1470.60  0.000e+00
     44.422   59.84434 -149.46808     5.9265    31.3721    1470.60  0.000e+00
     44.484   59.84434 -149.46808     5.9276    31.3720    1470.61  0.000e+00
     44.484   59.84434 -149.46808     5.9286    31.3725    1470.61  0.000e+00
     44.538   59.84434 -149.46808     5.9295    31.3730    1470.62  0.000e+00
     44.600   59.84434 -149.46808     5.9306    31.3728    1470.62  0.000e+00
     44.538   59.84434 -149.46808     5.9315    31.3731    1470.63  0.000e+00
     44.654   59.84434 -149.46808     5.9321    31.3731    1470.63  0.000e+00
     44.600   59.84434 -149.46808     5.9327    31.3731    1470.63  0.000e+00
     44.654   59.84434 -149.46808     5.9329    31.3732    1470.63  0.000e+00
     44.715   59.84434 -149.46808     5.9334    31.3730    1470.64  0.000e+00
     44.715   59.84434 -149.46808     5.9338    31.3728    1470.64  0.000e+00
     44.769   59.84434 -149.46808     5.9343    31.3734    1470.64  0.000e+00
     44.769   59.84436 -149.46808     5.9345    31.3734    1470.64  0.000e+00
     44.769   59.84436 -149.46808     5.9351    31.3732    1470.64  0.000e+00
     44.824   59.84436 -149.46808     5.9355    31.3736    1470.65  0.000e+00
     44.824   59.84436 -149.46808     5.9358    31.3731    1470.65  0.000e+00
     44.885   59.84436 -149.46808     5.9359    31.3734    1470.65  0.000e+00
     44.885   59.84436 -149.46808     5.9359    31.3736    1470.65  0.000e+00
     44.885   59.84436 -149.46808     5.9359    31.3732    1470.65  0.000e+00
     44.939   59.84436 -149.46808     5.9359    31.3735    1470.65  0.000e+00
     45.001   59.84436 -149.46808     5.9361    31.3734    1470.65  0.000e+00
     45.001   59.84436 -149.46808     5.9364    31.3733    1470.65  0.000e+00
     45.001   59.84436 -149.46808     5.9363    31.3730    1470.65  0.000e+00
     45.055   59.84436 -149.46808     5.9345    31.3717    1470.64  0.000e+00
     45.055   59.84436 -149.46808     5.9312    31.3709    1470.63  0.000e+00
     45.117   59.84436 -149.46808     5.9276    31.3703    1470.62  0.000e+00
     45.117   59.84436 -149.46808     5.9232    31.3701    1470.60  0.000e+00
     45.171   59.84436 -149.46808     5.9194    31.3697    1470.58  0.000e+00
     45.171   59.84436 -149.46808     5.9161    31.3708    1470.57  0.000e+00
     45.225   59.84436 -149.46808     5.9142    31.3713    1470.57  0.000e+00
     45.225   59.84436 -149.46808     5.9130    31.3722    1470.56  0.000e+00
     45.225   59.84436 -149.46808     5.9118    31.3724    1470.56  0.000e+00
     45.287   59.84436 -149.46808     5.9111    31.3716    1470.55  0.000e+00
     45.287   59.84436 -149.46808     5.9090    31.3716    1470.55  0.000e+00
     45.341   59.84436 -149.46808     5.9072    31.3711    1470.54  0.000e+00
     45.341   59.84436 -149.46808     5.9060    31.3714    1470.53  0.000e+00
     45.403   59.84436 -149.46808     5.9048    31.3710    1470.53  0.000e+00
     45.403   59.84436 -149.46806     5.9034    31.3703    1470.52  0.000e+00
     45.457   59.84436 -149.46806     5.9018    31.3699    1470.52  0.000e+00
     45.457   59.84436 -149.46806     5.8996    31.3699    1470.51  0.000e+00
     45.457   59.84436 -149.46806     5.8968    31.3697    1470.50  0.000e+00
     45.518   59.84436 -149.46806     5.8937    31.3681    1470.48  0.000e+00
     45.518   59.84436 -149.46806     5.8903    31.3677    1470.47  0.000e+00
     45.572   59.84436 -149.46806     5.8873    31.3670    1470.46  0.000e+00
     45.572   59.84436 -149.46806     5.8834    31.3678    1470.44  0.000e+00
     45.572   59.84436 -149.46806     5.8806    31.3681    1470.43  0.000e+00
     45.627   59.84436 -149.46806     5.8777    31.3687    1470.42  0.000e+00
     45.688   59.84436 -149.46806     5.8750    31.3679    1470.41  0.000e+00
     45.627   59.84436 -149.46806     5.8723    31.3680    1470.40  0.000e+00
     45.688   59.84436 -149.46806     5.8694    31.3675    1470.39  0.000e+00
