merge_samples_with_btl/SKQ202309T/ctd/skq202309t_005.ros
* Sea-Bird SBE 9 Data File:
* FileName = D:\CTD\SKQ202309T\SKQ202309T_005.hex
* Software Version Seasave V 7.26.7.121
* Temperature SN = 6177
* Conductivity SN = 0369
* Number of Bytes Per Scan = 38
* Number of Voltage Words = 3
* Number of Scans Averaged by the Deck Unit = 1
* NMEA Latitude = 62 38.25 N
* NMEA Longitude = 165 42.28 W
* NMEA UTC (Time) = Jun 12 2023  01:37:43
* NMEA baud rate = 4800
** Ship: R/V Sikuliaq
** Station Number: 005
** Station Name: STN 008
** Bottom Depth: 12
** Operator: Kay McMonigal
# nquan = 21
# nvalues = 588                                   
# units = specified
# name 0 = depSM: Depth [salt water, m]
# name 1 = latitude: Latitude [deg]
# name 2 = longitude: Longitude [deg]
# name 3 = prDM: Pressure, Digiquartz [db]
# name 4 = t090C: Temperature [ITS-90, deg C]
# name 5 = t190C: Temperature, 2 [ITS-90, deg C]
# name 6 = potemp090C: Potential Temperature [ITS-90, deg C]
# name 7 = sal00: Salinity, Practical [PSU]
# name 8 = sal11: Salinity, Practical, 2 [PSU]
# name 9 = density00: Density [density, kg/m^3]
# name 10 = sigma-é00: Density [sigma-theta, kg/m^3]
# name 11 = sbox0Mm/Kg: Oxygen, SBE 43 [umol/kg]
# name 12 = sbox1Mm/Kg: Oxygen, SBE 43, 2 [umol/kg]
# name 13 = oxsolMm/Kg: Oxygen Saturation, Garcia & Gordon [umol/kg]
# name 14 = sbeox0PS: Oxygen, SBE 43 [% saturation]
# name 15 = v0: Voltage 0
# name 16 = flECO-AFL: Fluorescence, WET Labs ECO-AFL/FL [mg/m^3]
# name 17 = CStarAt0: Beam Attenuation, WET Labs C-Star [1/m]
# name 18 = scan: Scan Count
# name 19 = nbf: Bottles Fired
# name 20 = flag:  0.000e+00
# interval = seconds: 0.0416667
# start_time = Jun 12 2023 01:40:04 [NMEA time, first data scan]
# bad_flag = -9.990e-29
*END*
[from data line 552]
      1.455   62.63750 -165.70498      1.469    12.9908    13.0058    12.9907     3.3421     3.2941  1001.9792     1.9723    300.032    291.962  321.94048     93.195     0.3639     1.8352    49.5425      10126         12  0.000e+00
      1.401   62.63750 -165.70498      1.414    12.9871    13.0046    12.9869     3.3491     3.2982  1001.9849     1.9783    300.060    291.963  321.95101     93.201     0.3651     1.8425    49.5425      10127         12  0.000e+00
      1.401   62.63750 -165.70498      1.414    12.9847    13.0035    12.9846     3.3573     3.3008  1001.9915     1.9849    300.079    291.952  321.94927     93.207     0.3639     1.8352    49.5425      10128         12  0.000e+00
      1.455   62.63750 -165.70498      1.469    12.9815    13.0028    12.9813     3.3750     3.3008  1002.0059     1.9991    300.086    291.959  321.93242     93.214     0.3639     1.8352    32.9680      10129         12  0.000e+00
      1.401   62.63750 -165.70498      1.414    12.9756    13.0013    12.9754     3.3972     3.3058  1002.0236     2.0170    300.076    291.955  321.92463     93.213     0.3651     1.8425    49.5425      10130         12  0.000e+00
      1.401   62.63750 -165.70498      1.414    12.9705    12.9965    12.9704     3.4144     3.3205  1002.0376     2.0310    300.094    291.955  321.92163     93.220     0.3651     1.8425    49.5425      10131         12  0.000e+00
      1.401   62.63750 -165.70498      1.414    12.9654    12.9919    12.9652     3.4237     3.3391  1002.0455     2.0389    300.107    291.945  321.93717     93.219     0.3651     1.8425    49.5425      10132         12  0.000e+00
      1.455   62.63750 -165.70498      1.469    12.9655    12.9858    12.9654     3.4144     3.3644  1002.0385     2.0317    300.123    291.931  321.95714     93.218     0.3639     1.8352    49.5425      10133         12  0.000e+00
      1.401   62.63750 -165.70498      1.414    12.9715    12.9813    12.9714     3.3958     3.3816  1002.0231     2.0165    300.113    291.919  321.95642     93.215     0.3651     1.8425    32.9680      10134         12  0.000e+00
      1.455   62.63750 -165.70498      1.469    12.9738    12.9795    12.9737     3.3893     3.3845  1002.0180     2.0111    300.106    291.934  321.95480     93.214     0.3639     1.8352    49.5425      10135         12  0.000e+00
      1.401   62.63750 -165.70498      1.414    12.9759    12.9788    12.9757     3.3813     3.3835  1002.0113     2.0047    300.099    292.124  321.95806     93.211     0.3651     1.8425    49.5425      10136         12  0.000e+00
      1.401   62.63750 -165.70498      1.414    12.9797    12.9783    12.9796     3.3745     3.3827  1002.0055     1.9989    300.100    292.148  321.94599     93.215     0.3614     1.8205    49.5425      10137         12  0.000e+00
      1.455   62.63750 -165.70498      1.469    12.9750    12.9783    12.9749     3.3917     3.3811  1002.0197     2.0128    300.092    292.172  321.94092     93.213     0.3614     1.8205    49.5425      10138         12  0.000e+00
      1.339   62.63750 -165.70498      1.352    12.9695    12.9785    12.9694     3.4105     3.3753  1002.0344     2.0281    300.100    292.195  321.93774     93.217     0.3602     1.8132    49.5425      10139         12  0.000e+00
      1.432   62.63750 -165.70498      1.446    12.9640    12.9815    12.9638     3.4309     3.3598  1002.0513     2.0446    300.091    292.226  321.93092     93.216     0.3614     1.8205    49.5425      10140         12  0.000e+00
      1.401   62.63750 -165.70498      1.414    12.9582    12.9888    12.9581     3.4517     3.3345  1002.0681     2.0615    300.077    292.228  321.92501     93.213     0.3614     1.8205    49.5425      10141         12  0.000e+00
      1.455   62.63750 -165.70498      1.469    12.9563    12.9970    12.9562     3.4541     3.3076  1002.0704     2.0636    300.077    292.244  321.93303     93.211     0.3614     1.8205    49.5425      10142         12  0.000e+00
      1.401   62.63750 -165.70498      1.414    12.9592    13.0031    12.9590     3.4317     3.2905  1002.0525     2.0459    300.091    292.247  321.96322     93.206     0.3602     1.8132    49.5425      10143         12  0.000e+00
      1.401   62.63750 -165.70498      1.414    12.9655    13.0066    12.9654     3.4200     3.2847  1002.0426     2.0360    300.080    292.247  321.94456     93.209     0.3614     1.8205    49.5425      10144         12  0.000e+00
      1.401   62.63750 -165.70498      1.414    12.9650    13.0020    12.9649     3.4171     3.2976  1002.0404     2.0338    300.078    292.261  321.95476     93.205     0.3602     1.8132    49.5425      10145         12  0.000e+00
      1.401   62.63750 -165.70498      1.414    12.9697    12.9859    12.9695     3.3990     3.3342  1002.0258     2.0192    300.070    292.302  321.96231     93.200     0.3614     1.8205    49.5425      10146         12  0.000e+00
      1.401   62.63750 -165.70498      1.414    12.9740    12.9732    12.9739     3.3808     3.3760  1002.0111     2.0045    300.063    292.309  321.97228     93.195     0.3602     1.8132    49.5425      10147         12  0.000e+00
      1.401   62.63750 -165.70498      1.414    12.9798    12.9641    12.9797     3.3632     3.4103  1001.9967     1.9901    300.045    292.306  321.97086     93.190     0.3614     1.8205    49.5425      10148         12  0.000e+00
      1.401   62.63750 -165.70498      1.414    12.9851    12.9591    12.9849     3.3481     3.4302  1001.9844     1.9778    300.045    292.303  321.96756     93.191     0.3614     1.8205    49.5425      10149         12  0.000e+00
      1.401   62.63750 -165.70498      1.414    12.9904    12.9588    12.9903     3.3239     3.4289  1001.9649     1.9583    300.043    292.312  321.98409     93.186     0.3614     1.8205    49.5425      10150         12  0.000e+00
      1.401   62.63750 -165.70498      1.414    13.0018    12.9659    13.0017     3.2893     3.4025  1001.9367     1.9300    299.824    292.321  321.98116     93.118     0.3602     1.8132    49.5425      10151         12  0.000e+00
      1.339   62.63750 -165.70498      1.352    13.0095    12.9775    13.0094     3.2736     3.3644  1001.9232     1.9169    299.763    292.321  321.96201     93.105     0.3614     1.8205    49.5425      10152         12  0.000e+00
      1.401   62.63750 -165.70498      1.414    13.0129    12.9868    13.0128     3.2724     3.3366  1001.9221     1.9155    299.923    292.319  321.94040     93.161     0.3602     1.8132    32.9680      10153         12  0.000e+00
      1.401   62.63750 -165.70498      1.414    13.0140    12.9954    13.0139     3.2767     3.3146  1001.9253     1.9187    299.717    292.127  321.92280     93.102     0.3614     1.8205    49.5425      10154         12  0.000e+00
      1.339   62.63750 -165.70498      1.352    13.0117    13.0025    13.0116     3.2886     3.2963  1001.9345     1.9282    299.669    292.293  321.91227     93.090     0.3602     1.8132    49.5425      10155         12  0.000e+00
      1.401   62.63750 -165.70498      1.414    13.0082    13.0071    13.0080     3.3000     3.2850  1001.9441     1.9375    299.809    292.286  321.91207     93.134     0.3614     1.8205    49.5425      10156         12  0.000e+00
      1.339   62.63750 -165.70498      1.352    13.0061    13.0088    13.0060     3.3088     3.2815  1001.9509     1.9445    299.613    292.276  321.90699     93.074     0.3602     1.8132    49.5425      10157         12  0.000e+00
      1.339   62.63750 -165.70498      1.352    13.0035    13.0085    13.0033     3.3120     3.2834  1001.9537     1.9474    299.609    292.271  321.91827     93.070     0.3602     1.8132    49.5425      10158         12  0.000e+00
      1.401   62.63750 -165.70498      1.414    13.0032    13.0085    13.0031     3.3099     3.2859  1001.9524     1.9458    299.602    292.263  321.92456     93.066     0.3602     1.8132    49.5425      10159         12  0.000e+00
      1.339   62.63750 -165.70498      1.352    13.0014    13.0085    13.0013     3.3153     3.2868  1001.9565     1.9502    299.587    292.074  321.92523     93.061     0.3614     1.8205    49.5425      10160         12  0.000e+00
      1.339   62.63750 -165.70498      1.352    12.9978    13.0081    12.9976     3.3294     3.2884  1001.9679     1.9616    299.570    292.053  321.91946     93.058     0.3614     1.8205    49.5425      10161         12  0.000e+00
