merge_samples_with_btl/SKQ202309T/ctd/skq202309t_005svp.cnv
* Sea-Bird SBE 9 Data File:
* FileName = D:\CTD\SKQ202309T\SKQ202309T_005.hex
* Software Version Seasave V 7.26.7.121
* Temperature SN = 6177
* Conductivity SN = 0369
* Number of Bytes Per Scan = 38
* Number of Voltage Words = 3
* Number of Scans Averaged by the Deck Unit = 1
* NMEA Latitude = 62 38.25 N
* NMEA Longitude = 165 42.28 W
* NMEA UTC (Time) = Jun 12 2023  01:37:43
* NMEA baud rate = 4800
** Ship: R/V Sikuliaq
** Station Number: 005
** Station Name: STN 008
** Bottom Depth: 12
** Operator: Kay McMonigal
# nquan = 7
# nvalues = 3288                                  
# units = specified
# name 0 = depSM: Depth [salt water, m]
# name 1 = latitude: Latitude [deg]
# name 2 = longitude: Longitude [deg]
# name 3 = t090C: Temperature [ITS-90, deg C]
# name 4 = sal00: Salinity, Practical [PSU]
# name 5 = svCM: Sound Velocity [Chen-Millero, m/s]
# name 6 = flag:  0.000e+00
# span 0 =      1.229,      5.785                 
# span 1 =   62.63746,   62.63748                 
# span 2 = -165.70490, -165.70482                 
# span 3 =     3.0533,    13.0234                 
# span 4 =     3.2223,    27.9448                 
# span 5 =    1453.38,    1464.56                 
# span 6 = 0.0000e+00, 0.0000e+00                 
# interval = seconds: 0.0416667
# start_time = Jun 12 2023 01:40:04 [NMEA time, first data scan]
# bad_flag = -9.990e-29
*END*
[from data line 2462]
      5.674   62.63748 -165.70488     3.1229    27.6388    1453.49  0.000e+00
      5.620   62.63748 -165.70488     3.1234    27.6321    1453.48  0.000e+00
      5.674   62.63748 -165.70488     3.1240    27.6314    1453.48  0.000e+00
      5.674   62.63748 -165.70488     3.1240    27.6325    1453.48  0.000e+00
      5.674   62.63748 -165.70488     3.1266    27.6261    1453.49  0.000e+00
      5.620   62.63748 -165.70488     3.1293    27.6111    1453.48  0.000e+00
      5.651   62.63748 -165.70488     3.1410    27.5786    1453.49  0.000e+00
      5.620   62.63748 -165.70488     3.1541    27.5533    1453.51  0.000e+00
      5.674   62.63748 -165.70488     3.1626    27.5383    1453.53  0.000e+00
      5.620   62.63748 -165.70488     3.1631    27.5340    1453.52  0.000e+00
      5.620   62.63748 -165.70488     3.1575    27.5380    1453.51  0.000e+00
      5.620   62.63748 -165.70488     3.1524    27.5420    1453.49  0.000e+00
      5.674   62.63748 -165.70488     3.1502    27.5399    1453.48  0.000e+00
      5.504   62.63748 -165.70488     3.1486    27.5384    1453.47  0.000e+00
      5.735   62.63748 -165.70488     3.1476    27.5394    1453.47  0.000e+00
      5.589   62.63748 -165.70488     3.1468    27.5401    1453.46  0.000e+00
      5.620   62.63748 -165.70488     3.1474    27.5384    1453.46  0.000e+00
      5.620   62.63748 -165.70488     3.1457    27.5416    1453.46  0.000e+00
      5.620   62.63748 -165.70488     3.1446    27.5436    1453.46  0.000e+00
      5.558   62.63748 -165.70488     3.1447    27.5417    1453.45  0.000e+00
      5.620   62.63748 -165.70488     3.1447    27.5396    1453.45  0.000e+00
      5.620   62.63748 -165.70488     3.1460    27.5385    1453.46  0.000e+00
      5.558   62.63748 -165.70488     3.1453    27.5418    1453.46  0.000e+00
      5.620   62.63748 -165.70488     3.1444    27.5439    1453.46  0.000e+00
      5.589   62.63748 -165.70488     3.1441    27.5444    1453.45  0.000e+00
      5.620   62.63748 -165.70488     3.1441    27.5457    1453.46  0.000e+00
      5.558   62.63748 -165.70488     3.1443    27.5464    1453.46  0.000e+00
      5.620   62.63748 -165.70488     3.1444    27.5452    1453.46  0.000e+00
      5.558   62.63748 -165.70488     3.1447    27.5430    1453.46  0.000e+00
      5.620   62.63748 -165.70488     3.1431    27.5433    1453.45  0.000e+00
      5.558   62.63748 -165.70488     3.1414    27.5454    1453.44  0.000e+00
      5.620   62.63748 -165.70488     3.1410    27.5465    1453.44  0.000e+00
      5.558   62.63748 -165.70488     3.1410    27.5444    1453.44  0.000e+00
      5.589   62.63748 -165.70488     3.1418    27.5413    1453.44  0.000e+00
      5.558   62.63748 -165.70488     3.1421    27.5407    1453.44  0.000e+00
      5.620   62.63748 -165.70488     3.1430    27.5401    1453.45  0.000e+00
      5.558   62.63748 -165.70488     3.1433    27.5416    1453.45  0.000e+00
      5.620   62.63748 -165.70488     3.1436    27.5424    1453.45  0.000e+00
      5.558   62.63748 -165.70488     3.1438    27.5418    1453.45  0.000e+00
      5.620   62.63748 -165.70488     3.1435    27.5412    1453.45  0.000e+00
      5.558   62.63748 -165.70488     3.1431    27.5409    1453.45  0.000e+00
      5.558   62.63748 -165.70488     3.1444    27.5385    1453.45  0.000e+00
      5.589   62.63748 -165.70488     3.1455    27.5367    1453.45  0.000e+00
      5.558   62.63748 -165.70488     3.1468    27.5355    1453.45  0.000e+00
      5.620   62.63748 -165.70488     3.1476    27.5346    1453.46  0.000e+00
      5.620   62.63748 -165.70488     3.1474    27.5341    1453.46  0.000e+00
      5.558   62.63748 -165.70488     3.1469    27.5345    1453.45  0.000e+00
      5.620   62.63748 -165.70488     3.1463    27.5360    1453.45  0.000e+00
      5.558   62.63748 -165.70488     3.1452    27.5368    1453.45  0.000e+00
      5.620   62.63748 -165.70488     3.1455    27.5330    1453.45  0.000e+00
      5.620   62.63748 -165.70488     3.1476    27.5286    1453.45  0.000e+00
      5.589   62.63748 -165.70488     3.1504    27.5261    1453.46  0.000e+00
      5.558   62.63748 -165.70488     3.1520    27.5265    1453.47  0.000e+00
      5.620   62.63748 -165.70488     3.1526    27.5274    1453.47  0.000e+00
      5.620   62.63748 -165.70488     3.1524    27.5283    1453.47  0.000e+00
      5.620   62.63748 -165.70488     3.1521    27.5307    1453.47  0.000e+00
      5.620   62.63748 -165.70488     3.1488    27.5436    1453.47  0.000e+00
      5.620   62.63748 -165.70488     3.1446    27.5574    1453.47  0.000e+00
      5.620   62.63748 -165.70488     3.1411    27.5663    1453.47  0.000e+00
      5.589   62.63748 -165.70488     3.1363    27.5762    1453.46  0.000e+00
      5.620   62.63748 -165.70488     3.1323    27.5871    1453.46  0.000e+00
      5.620   62.63748 -165.70488     3.1306    27.5922    1453.46  0.000e+00
      5.620   62.63748 -165.70488     3.1333    27.5825    1453.46  0.000e+00
      5.620   62.63748 -165.70488     3.1363    27.5737    1453.46  0.000e+00
      5.620   62.63748 -165.70488     3.1383    27.5705    1453.46  0.000e+00
      5.620   62.63748 -165.70488     3.1397    27.5694    1453.47  0.000e+00
      5.674   62.63748 -165.70488     3.1406    27.5700    1453.47  0.000e+00
      5.620   62.63748 -165.70488     3.1408    27.5677    1453.47  0.000e+00
      5.589   62.63748 -165.70488     3.1428    27.5640    1453.47  0.000e+00
      5.674   62.63748 -165.70488     3.1410    27.5719    1453.48  0.000e+00
      5.620   62.63748 -165.70488     3.1422    27.5712    1453.48  0.000e+00
      5.620   62.63748 -165.70488     3.1469    27.5652    1453.49  0.000e+00
      5.674   62.63748 -165.70488     3.1508    27.5556    1453.50  0.000e+00
      5.620   62.63748 -165.70488     3.1541    27.5384    1453.49  0.000e+00
      5.620   62.63748 -165.70488     3.1570    27.5236    1453.48  0.000e+00
      5.674   62.63748 -165.70488     3.1618    27.5104    1453.49  0.000e+00
      5.620   62.63748 -165.70488     3.1641    27.5079    1453.50  0.000e+00
      5.704   62.63748 -165.70488     3.1626    27.5161    1453.50  0.000e+00
      5.620   62.63748 -165.70488     3.1581    27.5349    1453.50  0.000e+00
      5.674   62.63748 -165.70488     3.1504    27.5588    1453.50  0.000e+00
      5.674   62.63748 -165.70488     3.1453    27.5741    1453.50  0.000e+00
      5.620   62.63748 -165.70488     3.1400    27.5965    1453.50  0.000e+00
      5.674   62.63748 -165.70488     3.1331    27.6191    1453.51  0.000e+00
      5.620   62.63748 -165.70488     3.1306    27.6246    1453.50  0.000e+00
      5.674   62.63748 -165.70488     3.1306    27.6325    1453.51  0.000e+00
      5.674   62.63748 -165.70488     3.1298    27.6461    1453.53  0.000e+00
      5.650   62.63748 -165.70488     3.1256    27.6640    1453.53  0.000e+00
      5.674   62.63748 -165.70488     3.1199    27.6786    1453.52  0.000e+00
      5.674   62.63748 -165.70488     3.1197    27.6707    1453.51  0.000e+00
      5.674   62.63748 -165.70488     3.1223    27.6482    1453.50  0.000e+00
      5.620   62.63748 -165.70488     3.1265    27.6253    1453.48  0.000e+00
      5.674   62.63748 -165.70488     3.1279    27.6236    1453.49  0.000e+00
      5.674   62.63748 -165.70488     3.1231    27.6594    1453.51  0.000e+00
      5.674   62.63748 -165.70488     3.1150    27.7088    1453.54  0.000e+00
      5.704   62.63748 -165.70488     3.1084    27.7529    1453.57  0.000e+00
      5.674   62.63748 -165.70488     3.1000    27.8046    1453.60  0.000e+00
      5.620   62.63748 -165.70488     3.0890    27.8429    1453.60  0.000e+00
      5.674   62.63748 -165.70488     3.0844    27.8498    1453.59  0.000e+00
      5.674   62.63748 -165.70488     3.0807    27.8621    1453.59  0.000e+00
      5.674   62.63748 -165.70488     3.0735    27.8875    1453.59  0.000e+00
      5.735   62.63748 -165.70488     3.0684    27.9064    1453.60  0.000e+00
      5.674   62.63748 -165.70488     3.0634    27.9158    1453.59  0.000e+00
      5.674   62.63748 -165.70488     3.0632    27.9149    1453.58  0.000e+00
      5.650   62.63748 -165.70488     3.0638    27.9199    1453.59  0.000e+00
      5.674   62.63748 -165.70488     3.0629    27.9269    1453.60  0.000e+00
      5.674   62.63748 -165.70488     3.0614    27.9311    1453.60  0.000e+00
      5.674   62.63748 -165.70488     3.0620    27.9288    1453.60  0.000e+00
      5.674   62.63748 -165.70488     3.0643    27.9238    1453.60  0.000e+00
      5.674   62.63748 -165.70488     3.0664    27.9207    1453.61  0.000e+00
      5.674   62.63748 -165.70488     3.0673    27.9197    1453.61  0.000e+00
      5.674   62.63748 -165.70488     3.0691    27.9180    1453.61  0.000e+00
      5.674   62.63748 -165.70488     3.0700    27.9170    1453.62  0.000e+00
      5.650   62.63748 -165.70488     3.0701    27.9164    1453.62  0.000e+00
      5.674   62.63748 -165.70488     3.0701    27.9183    1453.62  0.000e+00
      5.674   62.63748 -165.70488     3.0683    27.9238    1453.62  0.000e+00
      5.674   62.63748 -165.70488     3.0661    27.9298    1453.62  0.000e+00
      5.620   62.63748 -165.70488     3.0643    27.9338    1453.61  0.000e+00
      5.674   62.63748 -165.70488     3.0634    27.9339    1453.61  0.000e+00
      5.674   62.63748 -165.70488     3.0637    27.9320    1453.61  0.000e+00
      5.674   62.63748 -165.70488     3.0634    27.9327    1453.61  0.000e+00
      5.674   62.63748 -165.70488     3.0614    27.9365    1453.60  0.000e+00
      5.650   62.63748 -165.70488     3.0589    27.9393    1453.60  0.000e+00
      5.620   62.63748 -165.70488     3.0577    27.9397    1453.59  0.000e+00
      5.674   62.63748 -165.70488     3.0582    27.9345    1453.59  0.000e+00
      5.620   62.63748 -165.70488     3.0623    27.9118    1453.58  0.000e+00
      5.674   62.63748 -165.70488     3.0687    27.8859    1453.57  0.000e+00
      5.620   62.63748 -165.70488     3.0733    27.8786    1453.58  0.000e+00
      5.674   62.63748 -165.70488     3.0753    27.8852    1453.60  0.000e+00
      5.620   62.63748 -165.70488     3.0717    27.8997    1453.60  0.000e+00
      5.650   62.63748 -165.70488     3.0687    27.9068    1453.60  0.000e+00
      5.620   62.63748 -165.70488     3.0665    27.9141    1453.60  0.000e+00
      5.620   62.63748 -165.70488     3.0648    27.9219    1453.60  0.000e+00
      5.620   62.63748 -165.70488     3.0646    27.9243    1453.60  0.000e+00
      5.674   62.63748 -165.70488     3.0651    27.9218    1453.60  0.000e+00
      5.620   62.63748 -165.70488     3.0650    27.9190    1453.60  0.000e+00
      5.620   62.63748 -165.70488     3.0658    27.9143    1453.59  0.000e+00
      5.620   62.63748 -165.70488     3.0679    27.9016    1453.59  0.000e+00
      5.620   62.63748 -165.70488     3.0709    27.8927    1453.59  0.000e+00
      5.589   62.63748 -165.70488     3.0714    27.8943    1453.59  0.000e+00
      5.620   62.63748 -165.70488     3.0727    27.9013    1453.61  0.000e+00
      5.620   62.63748 -165.70488     3.0705    27.9174    1453.62  0.000e+00
      5.620   62.63748 -165.70488     3.0666    27.9303    1453.62  0.000e+00
      5.620   62.63748 -165.70488     3.0637    27.9342    1453.61  0.000e+00
      5.620   62.63748 -165.70488     3.0626    27.9303    1453.60  0.000e+00
      5.558   62.63748 -165.70488     3.0632    27.9268    1453.60  0.000e+00
      5.620   62.63748 -165.70488     3.0637    27.9247    1453.60  0.000e+00
      5.620   62.63748 -165.70488     3.0645    27.9190    1453.59  0.000e+00
      5.589   62.63748 -165.70488     3.0654    27.9075    1453.58  0.000e+00
      5.620   62.63748 -165.70488     3.0662    27.8929    1453.57  0.000e+00
      5.620   62.63748 -165.70488     3.0720    27.8678    1453.56  0.000e+00
      5.620   62.63748 -165.70488     3.0786    27.8448    1453.56  0.000e+00
      5.504   62.63748 -165.70488     3.0830    27.8350    1453.56  0.000e+00
      5.674   62.63748 -165.70488     3.0852    27.8306    1453.57  0.000e+00
      5.620   62.63748 -165.70488     3.0847    27.8318    1453.57  0.000e+00
      5.620   62.63748 -165.70488     3.0844    27.8294    1453.56  0.000e+00
      5.620   62.63748 -165.70488     3.0893    27.7982    1453.55  0.000e+00
      5.589   62.63748 -165.70488     3.0980    27.7639    1453.54  0.000e+00
      5.620   62.63748 -165.70488     3.1047    27.7388    1453.54  0.000e+00
      5.620   62.63748 -165.70488     3.1114    27.7071    1453.52  0.000e+00
      5.620   62.63748 -165.70488     3.1166    27.6936    1453.53  0.000e+00
      5.620   62.63748 -165.70488     3.1205    27.6913    1453.54  0.000e+00
      5.620   62.63748 -165.70488     3.1224    27.6945    1453.56  0.000e+00
      5.620   62.63748 -165.70488     3.1219    27.7014    1453.56  0.000e+00
      5.620   62.63748 -165.70488     3.1215    27.7049    1453.56  0.000e+00
      5.674   62.63748 -165.70488     3.1218    27.7016    1453.56  0.000e+00
      5.650   62.63748 -165.70488     3.1221    27.6976    1453.56  0.000e+00
      5.619   62.63748 -165.70488     3.1218    27.6950    1453.55  0.000e+00
      5.619   62.63748 -165.70488     3.1218    27.6934    1453.55  0.000e+00
      5.619   62.63748 -165.70488     3.1204    27.6994    1453.55  0.000e+00
      5.673   62.63748 -165.70488     3.1194    27.7107    1453.56  0.000e+00
      5.619   62.63748 -165.70488     3.1172    27.7240    1453.57  0.000e+00
      5.673   62.63748 -165.70488     3.1147    27.7315    1453.57  0.000e+00
      5.673   62.63748 -165.70488     3.1136    27.7337    1453.57  0.000e+00
      5.650   62.63748 -165.70488     3.1130    27.7369    1453.57  0.000e+00
      5.673   62.63748 -165.70488     3.1120    27.7451    1453.58  0.000e+00
      5.673   62.63748 -165.70488     3.1095    27.7580    1453.58  0.000e+00
      5.673   62.63748 -165.70488     3.1075    27.7713    1453.59  0.000e+00
      5.673   62.63748 -165.70488     3.1019    27.7937    1453.60  0.000e+00
      5.673   62.63748 -165.70488     3.0988    27.8043    1453.60  0.000e+00
      5.673   62.63748 -165.70488     3.0987    27.8063    1453.60  0.000e+00
      5.735   62.63748 -165.70488     3.0945    27.8180    1453.60  0.000e+00
      5.673   62.63748 -165.70488     3.0913    27.8234    1453.59  0.000e+00
      5.650   62.63748 -165.70488     3.0898    27.8221    1453.58  0.000e+00
      5.735   62.63748 -165.70488     3.0908    27.8186    1453.58  0.000e+00
      5.673   62.63748 -165.70488     3.0921    27.8224    1453.59  0.000e+00
      5.735   62.63748 -165.70488     3.0893    27.8324    1453.59  0.000e+00
      5.735   62.63748 -165.70488     3.0858    27.8378    1453.58  0.000e+00
      5.673   62.63748 -165.70488     3.0852    27.8388    1453.58  0.000e+00
      5.735   62.63748 -165.70488     3.0843    27.8439    1453.58  0.000e+00
      5.735   62.63748 -165.70488     3.0831    27.8534    1453.59  0.000e+00
      5.673   62.63748 -165.70488     3.0811    27.8623    1453.59  0.000e+00
      5.766   62.63748 -165.70488     3.0787    27.8674    1453.59  0.000e+00
      5.673   62.63748 -165.70488     3.0777    27.8690    1453.59  0.000e+00
      5.735   62.63748 -165.70488     3.0775    27.8690    1453.59  0.000e+00
      5.735   62.63748 -165.70488     3.0778    27.8672    1453.59  0.000e+00
      5.735   62.63748 -165.70488     3.0784    27.8599    1453.58  0.000e+00
      5.735   62.63748 -165.70488     3.0801    27.8528    1453.58  0.000e+00
      5.735   62.63748 -165.70488     3.0807    27.8512    1453.58  0.000e+00
      5.735   62.63748 -165.70488     3.0804    27.8501    1453.58  0.000e+00
      5.704   62.63748 -165.70488     3.0804    27.8473    1453.57  0.000e+00
      5.735   62.63748 -165.70488     3.0829    27.8333    1453.57  0.000e+00
      5.735   62.63748 -165.70488     3.0879    27.8102    1453.56  0.000e+00
      5.735   62.63748 -165.70488     3.0916    27.7865    1453.54  0.000e+00
      5.735   62.63748 -165.70488     3.0962    27.7632    1453.53  0.000e+00
