merge_samples_with_btl/SKQ202309T/ctd/skq202309t_003avg.cnv
* Sea-Bird SBE 9 Data File:
* FileName = D:\CTD\SKQ202309T\SKQ202309T_003.hex
* Software Version Seasave V 7.26.7.121
* Temperature SN = 6177
* Conductivity SN = 0369
* Number of Bytes Per Scan = 38
* Number of Voltage Words = 3
* Number of Scans Averaged by the Deck Unit = 1
* NMEA Latitude = 56 26.56 N
* NMEA Longitude = 166 33.22 W
* NMEA UTC (Time) = Jun 10 2023  04:39:46
* NMEA baud rate = 4800
** Ship: R/V Sikuliaq
** Station Number: 003
** Station Name: STN 004
** Bottom Depth: 101
** Operator: Julia Moriarty
# nquan = 24
# nvalues = 96                          
# units = specified
# name 0 = depSM: Depth [salt water, m]
# name 1 = latitude: Latitude [deg]
# name 2 = longitude: Longitude [deg]
# name 3 = prDM: Pressure, Digiquartz [db]
# name 4 = t090C: Temperature [ITS-90, deg C]
# name 5 = t190C: Temperature, 2 [ITS-90, deg C]
# name 6 = potemp090C: Potential Temperature [ITS-90, deg C]
# name 7 = sal00: Salinity, Practical [PSU]
# name 8 = sal11: Salinity, Practical, 2 [PSU]
# name 9 = density00: Density [density, kg/m^3]
# name 10 = sigma-é00: Density [sigma-theta, kg/m^3]
# name 11 = sbox0Mm/Kg: Oxygen, SBE 43 [umol/kg]
# name 12 = sbox1Mm/Kg: Oxygen, SBE 43, 2 [umol/kg]
# name 13 = oxsolMm/Kg: Oxygen Saturation, Garcia & Gordon [umol/kg]
# name 14 = sbeox0PS: Oxygen, SBE 43 [% saturation]
# name 15 = sbeox1PS: Oxygen, SBE 43, 2 [% saturation]
# name 16 = v0: Voltage 0
# name 17 = flECO-AFL: Fluorescence, WET Labs ECO-AFL/FL [mg/m^3]
# name 18 = v1: Voltage 1
# name 19 = CStarAt0: Beam Attenuation, WET Labs C-Star [1/m]
# name 20 = scan: Scan Count
# name 21 = timeM: Time, Elapsed [minutes]
# name 22 = nbin: number of scans per bin
# name 23 = flag: flag
# span 0 =      1.982,     96.091       
# span 1 =   56.44268,   56.44274       
# span 2 = -166.55362, -166.55347       
# span 3 =      2.000,     97.000       
# span 4 =     3.6121,     6.7873       
# span 5 =     3.6120,     6.7902       
# span 6 =     3.6082,     6.7871       
# span 7 =    31.8205,    32.3652       
# span 8 =    31.8430,    32.3763       
# span 9 =  1024.9922,  1026.1445       
# span 10 =    24.9814,    25.6922      
# span 11 =    251.680,    422.536      
# span 12 =    243.001,    410.190      
# span 13 =  301.75354,  324.99844      
# span 14 =     78.358,    136.693      
# span 15 =     75.659,    132.866      
# span 16 =     0.0898,     3.9310      
# span 17 =     0.1904,    23.2381      
# span 18 =     2.8170,     4.4526      
# span 19 =     0.2267,     2.0592      
# span 20 =        565,       8822      
# span 21 =     0.3920,     6.1257      
# span 22 =         27,       1269      
# span 23 = 0.0000e+00, 0.0000e+00      
# interval = decibars: 1                
# start_time = Jun 10 2023 04:44:02 [NMEA time, first data scan]
# bad_flag = -9.990e-29
*END*
[from data line 61]
     62.415   56.44272 -166.55354     63.000     3.6235     3.6246     3.6197    32.0157    32.0272  1025.7436    25.4487    312.203    303.237  324.92116     96.086     93.337     0.1909     0.7972     4.4389     0.2391       6264     4.3491         31 0.0000e+00
     63.405   56.44272 -166.55354     64.000     3.6121     3.6120     3.6082    32.0214    32.0328  1025.7539    25.4543    310.956    302.058  324.99844     95.679     92.949     0.1875     0.7771     4.4434     0.2351       6309     4.3807         63 0.0000e+00
     64.396   56.44272 -166.55354     65.000     3.6201     3.6201     3.6162    32.0288    32.0398  1025.7637    25.4595    305.430    296.802  324.91626     94.003     91.355     0.1932     0.8110     4.4483     0.2306       6374     4.4255         49 0.0000e+00
     65.387   56.44272 -166.55354     66.000     3.6489     3.6517     3.6448    32.0450    32.0570  1025.7786    25.4698    302.731    293.562  324.64811     93.249     90.439     0.1928     0.8088     4.4526     0.2267       6411     4.4515         32 0.0000e+00
     66.377   56.44272 -166.55354     67.000     3.6871     3.6871     3.6830    32.0694    32.0801  1025.7990    25.4856    301.145    292.210  324.28564     92.864     90.116     0.1928     0.8089     4.4480     0.2309       6444     4.4741         36 0.0000e+00
     67.367   56.44272 -166.55354     68.000     3.6936     3.6937     3.6894    32.0740    32.0852  1025.8068    25.4887    296.012    287.967  324.22301     91.299     88.825     0.1781     0.7207     4.4510     0.2282       6491     4.5073         64 0.0000e+00
     68.358   56.44272 -166.55354     69.000     3.6957     3.6956     3.6914    32.0789    32.0895  1025.8151    25.4924    288.814    279.918  324.19461     89.087     86.349     0.1752     0.7030     4.4432     0.2352       6553     4.5503         45 0.0000e+00
     69.349   56.44272 -166.55354     70.000     3.6895     3.6901     3.6852    32.0877    32.0983  1025.8274    25.5000    288.908    280.142  324.22166     89.108     86.413     0.1636     0.6333     4.4297     0.2474       6590     4.5754         33 0.0000e+00
     70.339   56.44272 -166.55354     71.000     3.7438     3.7451     3.7394    32.1365    32.1466  1025.8657    25.5337    287.921    279.686  323.67315     88.954     86.419     0.1838     0.7545     4.4351     0.2426       6624     4.5996         39 0.0000e+00
     71.330   56.44272 -166.55354     72.000     3.7483     3.7487     3.7438    32.1451    32.1556  1025.8768    25.5402    285.191    277.929  323.61707     88.126     85.890     0.1914     0.8006     4.4286     0.2484       6672     4.6327         57 0.0000e+00
     72.320   56.44272 -166.55352     73.000     3.7451     3.7451     3.7406    32.1869    32.1969  1025.9150    25.5737    278.852    269.831  323.53974     86.188     83.406     0.1856     0.7657     4.3961     0.2779       6731     4.6733         57 0.0000e+00
     73.311   56.44272 -166.55352     74.000     3.8246     3.8209     3.8199    32.2572    32.2614  1025.9679    25.6222    277.925    268.379  322.74339     86.113     83.151     0.1707     0.6758     4.3680     0.3036       6785     4.7112         49 0.0000e+00
     74.301   56.44272 -166.55352     75.000     3.8935     3.8941     3.8887    32.3103    32.3177  1026.0081    25.6578    277.525    269.844  322.07389     86.168     83.789     0.1503     0.5535     4.3092     0.3578       6829     4.7414         40 0.0000e+00
     75.292   56.44272 -166.55352     76.000     3.9343     3.9346     3.9294    32.3394    32.3487  1026.0318    25.6770    268.137    261.604  321.68442     83.354     81.329     0.1501     0.5530     4.2246     0.4373       6872     4.7714         55 0.0000e+00
     76.282   56.44272 -166.55352     77.000     3.9500     3.9487     3.9451    32.3488    32.3589  1026.0424    25.6830    256.243    248.864  321.53848     79.693     77.402     0.1074     0.2964     4.1645     0.4944       6941     4.8192         68 0.0000e+00
     77.273   56.44272 -166.55352     78.000     3.9546     3.9548     3.9496    32.3517    32.3622  1026.0489    25.6848    254.750    245.904  321.49565     79.239     76.494     0.0980     0.2399     4.1435     0.5147       6992     4.8549         41 0.0000e+00
     78.263   56.44272 -166.55352     79.000     3.9578     3.9582     3.9527    32.3534    32.3639  1026.0546    25.6859    255.015    245.645  321.46701     79.328     76.421     0.0927     0.2083     4.1298     0.5279       7034     4.8837         47 0.0000e+00
     79.254   56.44272 -166.55352     80.000     3.9597     3.9593     3.9545    32.3543    32.3647  1026.0598    25.6864    255.160    246.391  321.45019     79.378     76.655     0.0937     0.2143     4.1143     0.5429       7088     4.9218         59 0.0000e+00
     80.244   56.44272 -166.55352     81.000     3.9617     3.9634     3.9565    32.3550    32.3664  1026.0649    25.6868    254.668    246.442  321.43251     79.229     76.680     0.1092     0.3070     4.1174     0.5399       7144     4.9603         47 0.0000e+00
     81.235   56.44272 -166.55352     82.000     3.9607     3.9600     3.9554    32.3549    32.3655  1026.0695    25.6868    254.708    246.041  321.44081     79.240     76.548     0.0902     0.1932     4.0911     0.5656       7191     4.9932         48 0.0000e+00
     82.225   56.44272 -166.55352     83.000     3.9655     3.9663     3.9601    32.3569    32.3677  1026.0753    25.6879    254.584    245.280  321.39867     79.211     76.324     0.0946     0.2198     4.1085     0.5486       7239     5.0265         48 0.0000e+00
     83.215   56.44272 -166.55352     84.000     3.9685     3.9685     3.9630    32.3579    32.3687  1026.0805    25.6884    254.296    245.153  321.37295     79.128     76.289     0.0974     0.2363     4.0774     0.5790       7286     5.0588         46 0.0000e+00
     84.206   56.44272 -166.55352     85.000     3.9689     3.9694     3.9634    32.3582    32.3692  1026.0854    25.6887    253.859    244.571  321.36852     78.993     76.110     0.0945     0.2189     4.0610     0.5951       7339     5.0959         60 0.0000e+00
     85.196   56.44272 -166.55352     86.000     3.9694     3.9699     3.9639    32.3584    32.3695  1026.0901    25.6888    253.710    244.729  321.36402     78.948     76.160     0.0928     0.2085     4.0512     0.6048       7397     5.1360         48 0.0000e+00
     86.187   56.44272 -166.55352     87.000     3.9722     3.9719     3.9666    32.3594    32.3701  1026.0954    25.6893    253.692    244.942  321.33980     78.948     76.231     0.1043     0.2779     4.0711     0.5852       7442     5.1674         46 0.0000e+00
     87.177   56.44272 -166.55351     88.000     3.9738     3.9736     3.9681    32.3599    32.3707  1026.1002    25.6895    253.866    244.798  321.32648     79.006     76.190     0.0898     0.1904     4.0842     0.5724       7492     5.2020         52 0.0000e+00
     88.168   56.44272 -166.55350     89.000     3.9746     3.9745     3.9688    32.3602    32.3710  1026.1050    25.6897    253.111    244.501  321.31960     78.772     76.099     0.1271     0.4147     4.0829     0.5736       7544     5.2380         49 0.0000e+00
     89.158   56.44272 -166.55350     90.000     3.9761     3.9754     3.9703    32.3607    32.3713  1026.1100    25.6900    252.757    244.555  321.30632     78.665     76.117     0.0982     0.2411     4.0766     0.5798       7591     5.2705         44 0.0000e+00
     90.148   56.44272 -166.55350     91.000     3.9799     3.9785     3.9740    32.3621    32.3725  1026.1153    25.6907    252.775    244.395  321.27345     78.679     76.074     0.0945     0.2189     4.0419     0.6141       7643     5.3069         63 0.0000e+00
     91.139   56.44274 -166.55350     92.000     3.9897     3.9890     3.9837    32.3650    32.3755  1026.1213    25.6921    252.661    244.494  321.18999     78.664     76.126     0.0963     0.2297     3.9894     0.6663       7710     5.3537         70 0.0000e+00
     92.130   56.44274 -166.55350     93.000     3.9893     3.9896     3.9833    32.3649    32.3758  1026.1260    25.6920    251.771    243.806  321.19332     78.386     75.913     0.1112     0.3189     3.9683     0.6876       7805     5.4195        100 0.0000e+00
     93.120   56.44274 -166.55350     94.000     3.9903     3.9908     3.9842    32.3652    32.3763  1026.1308    25.6922    252.181    243.828  321.18521     78.516     75.922     0.1096     0.3099     3.9469     0.7093       7875     5.4678         55 0.0000e+00
     94.110   56.44274 -166.55350     95.000     3.9896     3.9908     3.9835    32.3650    32.3763  1026.1353    25.6921    251.764    243.312  321.19065     78.384     75.762     0.1147     0.3403     3.9585     0.6974       7973     5.5359        141 0.0000e+00
     95.101   56.44274 -166.55349     96.000     3.9894     3.9897     3.9831    32.3650    32.3761  1026.1401    25.6922    251.680    243.620  321.19272     78.358     75.855     0.1022     0.2651     3.9722     0.6836       8333     5.7862        511 0.0000e+00
     96.091   56.44274 -166.55347     97.000     3.9880     3.9879     3.9817    32.3646    32.3758  1026.1445    25.6919    252.280    243.001  321.20415     78.542     75.659     0.1053     0.2833     4.0097     0.6460       8822     6.1257         27 0.0000e+00
