merge_samples_with_btl/SKQ202309T/ctd/skq202309t_001.ros
* Sea-Bird SBE 9 Data File:
* FileName = D:\CTD\SKQ202309T\SKQ202309T_001.hex
* Software Version Seasave V 7.26.7.121
* Temperature SN = 6177
* Conductivity SN = 0369
* Number of Bytes Per Scan = 38
* Number of Voltage Words = 3
* Number of Scans Averaged by the Deck Unit = 1
* NMEA Latitude = 59 50.67 N
* NMEA Longitude = 149 28.05 W
* NMEA UTC (Time) = Jun 06 2023  18:49:21
* NMEA baud rate = 4800
** Ship: R/V Sikuliaq
** Station Number: 001
** Station Name: GAK1
** Bottom Depth: 272
** Operator: AP
# nquan = 22
# nvalues = 980                                   
# units = specified
# name 0 = depSM: Depth [salt water, m]
# name 1 = latitude: Latitude [deg]
# name 2 = longitude: Longitude [deg]
# name 3 = prDM: Pressure, Digiquartz [db]
# name 4 = t090C: Temperature [ITS-90, deg C]
# name 5 = t190C: Temperature, 2 [ITS-90, deg C]
# name 6 = potemp090C: Potential Temperature [ITS-90, deg C]
# name 7 = sal00: Salinity, Practical [PSU]
# name 8 = sal11: Salinity, Practical, 2 [PSU]
# name 9 = density00: Density [density, kg/m^3]
# name 10 = sigma-é00: Density [sigma-theta, kg/m^3]
# name 11 = sbox0Mm/Kg: Oxygen, SBE 43 [umol/kg]
# name 12 = sbox1Mm/Kg: Oxygen, SBE 43, 2 [umol/kg]
# name 13 = oxsolMm/Kg: Oxygen Saturation, Garcia & Gordon [umol/kg]
# name 14 = sbeox0PS: Oxygen, SBE 43 [% saturation]
# name 15 = v0: Voltage 0
# name 16 = flECO-AFL: Fluorescence, WET Labs ECO-AFL/FL [mg/m^3]
# name 17 = CStarAt0: Beam Attenuation, WET Labs C-Star [1/m]
# name 18 = par: PAR/Irradiance, Biospherical/Licor
# name 19 = scan: Scan Count
# name 20 = nbf: Bottles Fired
# name 21 = flag:  0.000e+00
# interval = seconds: 0.0416667
# start_time = Jun 06 2023 18:55:03 [NMEA time, first data scan]
# bad_flag = -9.990e-29
*END*
[from data line 264]
    149.189   59.84446 -149.46790    150.662     5.3374     5.3370     5.3260    32.1992    32.2052  1026.1165    25.4190    271.992    264.736  311.37555     87.352     0.0586     0.0036     0.0990 8.4714e-06      23909          6  0.000e+00
    149.189   59.84446 -149.46790    150.662     5.3373     5.3370     5.3258    32.1993    32.2057  1026.1166    25.4191    271.970    264.544  311.37652     87.345     0.0586     0.0036     0.0990 8.4714e-06      23910          6  0.000e+00
    149.251   59.84446 -149.46790    150.724     5.3374     5.3368     5.3260    32.1992    32.2066  1026.1167    25.4190    271.949    264.706  311.37571     87.338     0.0586     0.0036     0.0990 8.4714e-06      23911          6  0.000e+00
    149.135   59.84446 -149.46790    150.607     5.3375     5.3370     5.3261    32.1993    32.2077  1026.1163    25.4191    271.921    264.717  311.37469     87.329     0.0598     0.0110     0.0990 8.4714e-06      23912          6  0.000e+00
    149.189   59.84446 -149.46790    150.662     5.3374     5.3371     5.3260    32.1992    32.2079  1026.1165    25.4190    271.900    264.715  311.37564     87.322     0.0598     0.0110     0.0990 1.0000e-12      23913          6  0.000e+00
    149.189   59.84446 -149.46790    150.662     5.3373     5.3371     5.3258    32.1987    32.2081  1026.1161    25.4187    271.847    264.714  311.37787     87.305     0.0611     0.0183     0.1001 1.0000e-12      23914          6  0.000e+00
    149.135   59.84446 -149.46790    150.607     5.3374     5.3370     5.3260    32.1985    32.2086  1026.1157    25.4185    271.821    264.528  311.37719     87.296     0.0598     0.0110     0.1001 8.4714e-06      23915          6  0.000e+00
    149.173   59.84446 -149.46790    150.646     5.3375     5.3368     5.3261    32.1980    32.2091  1026.1154    25.4181    271.798    264.511  311.37760     87.289     0.0598     0.0110     0.1001 1.0000e-12      23916          6  0.000e+00
    149.135   59.84446 -149.46790    150.607     5.3374     5.3373     5.3260    32.1979    32.2085  1026.1152    25.4180    271.773    264.491  311.37862     87.281     0.0598     0.0110     0.1001 8.4714e-06      23917          6  0.000e+00
    149.135   59.84446 -149.46790    150.607     5.3374     5.3371     5.3260    32.1980    32.2086  1026.1152    25.4181    271.749    264.498  311.37844     87.273     0.0611     0.0183     0.1001 8.4714e-06      23918          6  0.000e+00
    149.135   59.84446 -149.46790    150.607     5.3374     5.3373     5.3260    32.1980    32.2084  1026.1153    25.4181    271.756    264.484  311.37835     87.275     0.0598     0.0110     0.1001 1.0000e-12      23919          6  0.000e+00
    149.073   59.84446 -149.46790    150.545     5.3375     5.3371     5.3261    32.1982    32.2088  1026.1151    25.4182    271.730    264.472  311.37722     87.267     0.0611     0.0183     0.1001 1.0000e-12      23920          6  0.000e+00
    149.135   59.84446 -149.46790    150.607     5.3376     5.3371     5.3261    32.1985    32.2086  1026.1156    25.4184    271.708    264.465  311.37621     87.260     0.0598     0.0110     0.1001 8.4714e-06      23921          6  0.000e+00
    149.073   59.84446 -149.46790    150.545     5.3373     5.3371     5.3258    32.1990    32.2086  1026.1158    25.4189    271.889    264.640  311.37720     87.318     0.0611     0.0183     0.1001 8.4714e-06      23922          6  0.000e+00
    149.058   59.84446 -149.46790    150.529     5.3376     5.3373     5.3262    32.1994    32.2082  1026.1160    25.4191    271.687    264.468  311.37407     87.254     0.0611     0.0183     0.1001 8.4714e-06      23923          6  0.000e+00
    149.073   59.84446 -149.46790    150.545     5.3373     5.3373     5.3258    32.2002    32.2083  1026.1167    25.4198    271.664    264.463  311.37451     87.247     0.0598     0.0110     0.1001 1.0000e-12      23924          6  0.000e+00
    149.073   59.84446 -149.46790    150.545     5.3372     5.3373     5.3258    32.2005    32.2087  1026.1169    25.4200    271.639    264.459  311.37424     87.239     0.0611     0.0183     0.1001 8.4714e-06      23925          6  0.000e+00
    149.019   59.84446 -149.46790    150.490     5.3376     5.3373     5.3262    32.2002    32.2083  1026.1164    25.4198    271.611    264.641  311.37214     87.230     0.0598     0.0110     0.1001 8.4714e-06      23926          6  0.000e+00
    149.073   59.84446 -149.46790    150.545     5.3374     5.3373     5.3260    32.2004    32.2089  1026.1168    25.4199    271.590    264.476  311.37291     87.223     0.0611     0.0183     0.1001 8.4714e-06      23927          6  0.000e+00
    149.019   59.84446 -149.46790    150.491     5.3373     5.3373     5.3258    32.2005    32.2088  1026.1167    25.4201    271.596    264.475  311.37373     87.225     0.0598     0.0110     0.1001 1.0000e-12      23928          6  0.000e+00
    149.073   59.84446 -149.46790    150.545     5.3374     5.3373     5.3259    32.2006    32.2085  1026.1170    25.4201    271.606    264.665  311.37282     87.229     0.0611     0.0183     0.1001 1.0000e-12      23929          6  0.000e+00
    149.019   59.84446 -149.46790    150.491     5.3374     5.3373     5.3260    32.2001    32.2082  1026.1163    25.4197    271.647    264.687  311.37365     87.242     0.0598     0.0110     0.1001 8.4714e-06      23930          6  0.000e+00
    149.004   59.84446 -149.46790    150.475     5.3374     5.3373     5.3260    32.2003    32.2082  1026.1164    25.4199    271.659    264.711  311.37319     87.245     0.0611     0.0183     0.1001 1.0000e-12      23931          6  0.000e+00
    149.073   59.84446 -149.46790    150.545     5.3373     5.3374     5.3258    32.2003    32.2080  1026.1168    25.4199    271.677    264.737  311.37433     87.251     0.0598     0.0110     0.1001 8.4714e-06      23932          6  0.000e+00
    149.019   59.84446 -149.46790    150.491     5.3374     5.3371     5.3260    32.2003    32.2078  1026.1165    25.4199    271.689    264.764  311.37312     87.255     0.0611     0.0183     0.1011 8.4714e-06      23933          6  0.000e+00
    149.019   59.84446 -149.46790    150.491     5.3374     5.3373     5.3259    32.2004    32.2075  1026.1167    25.4200    271.706    264.790  311.37311     87.260     0.0598     0.0110     0.1001 1.0000e-12      23934          6  0.000e+00
    148.965   59.84446 -149.46790    150.436     5.3374     5.3373     5.3260    32.2006    32.2077  1026.1165    25.4201    271.721    264.815  311.37243     87.266     0.0611     0.0183     0.1011 1.0000e-12      23935          6  0.000e+00
    149.019   59.84446 -149.46790    150.491     5.3371     5.3373     5.3257    32.2009    32.2078  1026.1171    25.4204    271.744    264.824  311.37390     87.272     0.0598     0.0110     0.1001 8.4714e-06      23936          6  0.000e+00
    149.019   59.84446 -149.46790    150.491     5.3373     5.3376     5.3258    32.2004    32.2075  1026.1167    25.4200    271.764    264.851  311.37391     87.279     0.0611     0.0183     0.1001 8.4714e-06      23937          6  0.000e+00
    149.004   59.84446 -149.46790    150.475     5.3374     5.3373     5.3259    32.2003    32.2078  1026.1165    25.4199    271.785    264.860  311.37337     87.286     0.0611     0.0183     0.1011 8.4714e-06      23938          6  0.000e+00
    100.364   59.84444 -149.46796    101.343     5.3904     5.4060     5.3828    31.8697    31.8767  1025.6214    25.1519    292.428    284.860  311.74936     93.802     0.0647     0.0403     0.1396 8.4714e-06      27811          7  0.000e+00
    100.418   59.84444 -149.46796    101.398     5.3885     5.4069     5.3809    31.8714    31.8766  1025.6232    25.1534    292.452    285.022  311.75954     93.807     0.0647     0.0403     0.1396 8.4714e-06      27812          7  0.000e+00
    100.418   59.84444 -149.46796    101.398     5.3885     5.4072     5.3809    31.8731    31.8773  1025.6246    25.1548    292.255    285.017  311.75553     93.745     0.0647     0.0403     0.1407 8.4714e-06      27813          7  0.000e+00
    100.418   59.84444 -149.46796    101.398     5.3863     5.4072     5.3786    31.8752    31.8777  1025.6265    25.1567    292.248    285.013  311.76743     93.739     0.0659     0.0476     0.1450 8.4714e-06      27814          7  0.000e+00
    100.418   59.84444 -149.46796    101.398     5.3842     5.4072     5.3766    31.8757    31.8783  1025.6271    25.1573    292.447    285.006  311.78147     93.799     0.0647     0.0403     0.1450 8.4714e-06      27815          7  0.000e+00
    100.418   59.84444 -149.46796    101.398     5.3853     5.4068     5.3777    31.8738    31.8800  1025.6255    25.1557    292.655    284.997  311.77757     93.866     0.0647     0.0403     0.1460 8.4714e-06      27816          7  0.000e+00
    100.418   59.84444 -149.46796    101.398     5.3872     5.4061     5.3796    31.8716    31.8816  1025.6235    25.1538    292.446    284.989  311.76852     93.802     0.0647     0.0403     0.1450 8.4714e-06      27817          7  0.000e+00
    100.419   59.84444 -149.46796    101.398     5.3865     5.4058     5.3788    31.8731    31.8818  1025.6248    25.1550    292.452    284.977  311.77073     93.804     0.0647     0.0403     0.1450 1.0000e-12      27818          7  0.000e+00
    100.380   59.84444 -149.46796    101.359     5.3837     5.4058     5.3761    31.8762    31.8820  1025.6274    25.1578    292.264    284.980  311.78364     93.739     0.0647     0.0403     0.1450 8.4714e-06      27819          7  0.000e+00
    100.419   59.84444 -149.46796    101.398     5.3839     5.4057     5.3762    31.8768    31.8819  1025.6280    25.1582    292.235    284.986  311.78129     93.731     0.0647     0.0403     0.1450 1.0000e-12      27820          7  0.000e+00
    100.419   59.84444 -149.46796    101.398     5.3858     5.4048     5.3782    31.8758    31.8824  1025.6270    25.1572    292.195    284.993  311.76947     93.721     0.0647     0.0403     0.1450 8.4714e-06      27821          7  0.000e+00
    100.419   59.84444 -149.46796    101.398     5.3890     5.4039     5.3813    31.8736    31.8842  1025.6249    25.1551    292.147    284.996  311.75100     93.712     0.0647     0.0403     0.1450 1.0000e-12      27822          7  0.000e+00
    100.365   59.84444 -149.46796    101.343     5.3898     5.4062     5.3821    31.8739    31.8837  1025.6248    25.1553    292.111    284.956  311.74454     93.702     0.0659     0.0476     0.1450 8.4714e-06      27823          7  0.000e+00
    100.419   59.84444 -149.46796    101.398     5.3898     5.4085     5.3821    31.8744    31.8825  1025.6254    25.1557    292.084    284.939  311.74344     93.694     0.0647     0.0403     0.1450 8.4714e-06      27824          7  0.000e+00
    100.365   59.84444 -149.46796    101.344     5.3907     5.4101     5.3831    31.8738    31.8807  1025.6246    25.1551    292.048    285.107  311.73770     93.684     0.0659     0.0476     0.1450 1.0000e-12      27825          7  0.000e+00
    100.419   59.84442 -149.46796    101.398     5.3907     5.4099     5.3831    31.8732    31.8805  1025.6243    25.1546    292.024    284.939  311.73909     93.676     0.0647     0.0403     0.1450 1.0000e-12      27826          7  0.000e+00
    100.365   59.84442 -149.46796    101.344     5.3909     5.4096     5.3833    31.8733    31.8808  1025.6242    25.1547    291.993    284.929  311.73770     93.666     0.0659     0.0476     0.1450 8.4714e-06      27827          7  0.000e+00
    100.380   59.84442 -149.46796    101.359     5.3942     5.4097     5.3866    31.8709    31.8810  1025.6219    25.1524    291.945    285.100  311.71863     93.657     0.0647     0.0403     0.1450 8.4714e-06      27828          7  0.000e+00
    100.419   59.84442 -149.46796    101.398     5.3968     5.4103     5.3891    31.8710    31.8814  1025.6219    25.1522    291.931    285.102  311.69975     93.658     0.0659     0.0476     0.1450 1.0000e-12      27829          7  0.000e+00
    100.419   59.84442 -149.46796    101.398     5.3990     5.4113     5.3914    31.8714    31.8811  1025.6220    25.1523    291.917    285.098  311.68198     93.659     0.0647     0.0403     0.1450 8.4714e-06      27830          7  0.000e+00
    100.365   59.84442 -149.46796    101.344     5.4000     5.4126     5.3923    31.8717    31.8806  1025.6219    25.1524    291.882    285.089  311.67446     93.650     0.0659     0.0476     0.1450 1.0000e-12      27831          7  0.000e+00
    100.419   59.84442 -149.46796    101.398     5.3997     5.4127     5.3920    31.8725    31.8811  1025.6228    25.1531    291.860    285.087  311.67487     93.642     0.0647     0.0403     0.1450 8.4714e-06      27832          7  0.000e+00
    100.365   59.84442 -149.46796    101.344     5.4005     5.4119     5.3928    31.8729    31.8821  1025.6228    25.1533    291.825    284.922  311.66788     93.633     0.0647     0.0403     0.1450 8.4714e-06      27833          7  0.000e+00
    100.365   59.84442 -149.46796    101.344     5.4016     5.4105     5.3939    31.8743    31.8831  1025.6238    25.1543    291.820    284.926  311.65668     93.635     0.0635     0.0330     0.1385 1.0000e-12      27834          7  0.000e+00
    100.419   59.84442 -149.46796    101.398     5.4032     5.4097     5.3955    31.8752    31.8838  1025.6245    25.1547    291.988    285.111  311.64298     93.693     0.0659     0.0476     0.1364 8.4714e-06      27835          7  0.000e+00
    100.419   59.84442 -149.46796    101.398     5.4057     5.4091     5.3981    31.8751    31.8851  1025.6242    25.1544    291.801    285.126  311.62406     93.639     0.0647     0.0403     0.1364 1.0000e-12      27836          7  0.000e+00
    100.419   59.84442 -149.46796    101.398     5.4083     5.4081     5.4006    31.8753    31.8859  1025.6240    25.1543    291.788    285.123  311.60515     93.640     0.0659     0.0476     0.1364 8.4714e-06      27837          7  0.000e+00
    100.326   59.84442 -149.46796    101.305     5.4105     5.4071     5.4028    31.8753    31.8877  1025.6233    25.1540    291.776    285.132  311.58872     93.642     0.0647     0.0403     0.1364 1.0000e-12      27838          7  0.000e+00
    100.419   59.84442 -149.46796    101.398     5.4116     5.4069     5.4040    31.8745    31.8878  1025.6230    25.1532    291.783    285.144  311.58235     93.646     0.0647     0.0403     0.1364 8.4714e-06      27839          7  0.000e+00
    100.419   59.84442 -149.46796    101.398     5.4115     5.4074     5.4038    31.8741    31.8881  1025.6227    25.1530    291.734    285.145  311.58430     93.629     0.0647     0.0403     0.1364 8.4714e-06      27840          7  0.000e+00
    100.419   59.84442 -149.46796    101.399     5.4108     5.4082     5.4032    31.8732    31.8876  1025.6220    25.1523    291.719    285.145  311.59105     93.622     0.0635     0.0330     0.1364 8.4714e-06      27841          7  0.000e+00
    100.365   59.84442 -149.46796    101.344     5.4103     5.4090     5.4027    31.8713    31.8865  1025.6203    25.1509    291.908    285.141  311.59926     93.680     0.0623     0.0256     0.1364 8.4714e-06      27842          7  0.000e+00
    100.419   59.84442 -149.46796    101.399     5.4080     5.4096     5.4003    31.8701    31.8859  1025.6199    25.1502    291.531    284.957  311.61939     93.553     0.0611     0.0183     0.1364 8.4714e-06      27843          7  0.000e+00
    100.419   59.84442 -149.46796    101.399     5.4040     5.4097     5.3963    31.8711    31.8855  1025.6212    25.1514    291.743    285.121  311.64637     93.613     0.0623     0.0256     0.1364 8.4714e-06      27844          7  0.000e+00
    100.419   59.84442 -149.46796    101.399     5.4017     5.4097     5.3941    31.8713    31.8849  1025.6216    25.1519    291.740    284.937  311.66244     93.608     0.0611     0.0183     0.1364 1.0000e-12      27845          7  0.000e+00
