merge_samples_with_btl/SKQ202309T/ctd/skq202309t_005svp.cnv
* Sea-Bird SBE 9 Data File:
* FileName = D:\CTD\SKQ202309T\SKQ202309T_005.hex
* Software Version Seasave V 7.26.7.121
* Temperature SN = 6177
* Conductivity SN = 0369
* Number of Bytes Per Scan = 38
* Number of Voltage Words = 3
* Number of Scans Averaged by the Deck Unit = 1
* NMEA Latitude = 62 38.25 N
* NMEA Longitude = 165 42.28 W
* NMEA UTC (Time) = Jun 12 2023  01:37:43
* NMEA baud rate = 4800
** Ship: R/V Sikuliaq
** Station Number: 005
** Station Name: STN 008
** Bottom Depth: 12
** Operator: Kay McMonigal
# nquan = 7
# nvalues = 3288                                  
# units = specified
# name 0 = depSM: Depth [salt water, m]
# name 1 = latitude: Latitude [deg]
# name 2 = longitude: Longitude [deg]
# name 3 = t090C: Temperature [ITS-90, deg C]
# name 4 = sal00: Salinity, Practical [PSU]
# name 5 = svCM: Sound Velocity [Chen-Millero, m/s]
# name 6 = flag:  0.000e+00
# span 0 =      1.229,      5.785                 
# span 1 =   62.63746,   62.63748                 
# span 2 = -165.70490, -165.70482                 
# span 3 =     3.0533,    13.0234                 
# span 4 =     3.2223,    27.9448                 
# span 5 =    1453.38,    1464.56                 
# span 6 = 0.0000e+00, 0.0000e+00                 
# interval = seconds: 0.0416667
# start_time = Jun 12 2023 01:40:04 [NMEA time, first data scan]
# bad_flag = -9.990e-29
*END*
[from data line 206]
      1.293   62.63746 -165.70482    13.0118     3.2428    1462.75  0.000e+00
      1.293   62.63746 -165.70482    13.0126     3.2418    1462.75  0.000e+00
      1.347   62.63746 -165.70482    13.0130     3.2408    1462.75  0.000e+00
      1.231   62.63746 -165.70482    13.0138     3.2399    1462.75  0.000e+00
      1.347   62.63746 -165.70482    13.0140     3.2390    1462.75  0.000e+00
      1.293   62.63746 -165.70482    13.0146     3.2383    1462.75  0.000e+00
      1.347   62.63746 -165.70482    13.0149     3.2382    1462.75  0.000e+00
      1.293   62.63746 -165.70482    13.0149     3.2385    1462.75  0.000e+00
      1.293   62.63746 -165.70482    13.0147     3.2394    1462.75  0.000e+00
      1.347   62.63746 -165.70482    13.0141     3.2410    1462.76  0.000e+00
      1.347   62.63746 -165.70482    13.0137     3.2421    1462.75  0.000e+00
      1.347   62.63746 -165.70482    13.0128     3.2429    1462.75  0.000e+00
      1.347   62.63746 -165.70482    13.0131     3.2440    1462.76  0.000e+00
      1.347   62.63746 -165.70482    13.0122     3.2462    1462.75  0.000e+00
      1.347   62.63746 -165.70482    13.0107     3.2479    1462.75  0.000e+00
      1.401   62.63746 -165.70482    13.0102     3.2489    1462.75  0.000e+00
      1.401   62.63746 -165.70482    13.0094     3.2502    1462.75  0.000e+00
      1.401   62.63746 -165.70482    13.0087     3.2507    1462.75  0.000e+00
      1.401   62.63746 -165.70482    13.0086     3.2499    1462.75  0.000e+00
      1.401   62.63746 -165.70482    13.0090     3.2492    1462.75  0.000e+00
      1.401   62.63746 -165.70482    13.0091     3.2488    1462.75  0.000e+00
      1.462   62.63746 -165.70482    13.0097     3.2480    1462.75  0.000e+00
      1.462   62.63746 -165.70482    13.0096     3.2477    1462.75  0.000e+00
      1.462   62.63746 -165.70482    13.0097     3.2485    1462.75  0.000e+00
      1.462   62.63746 -165.70482    13.0086     3.2507    1462.75  0.000e+00
      1.516   62.63746 -165.70482    13.0080     3.2516    1462.75  0.000e+00
      1.516   62.63746 -165.70482    13.0078     3.2512    1462.75  0.000e+00
      1.462   62.63746 -165.70482    13.0081     3.2503    1462.75  0.000e+00
      1.516   62.63746 -165.70482    13.0083     3.2496    1462.75  0.000e+00
      1.493   62.63746 -165.70482    13.0084     3.2502    1462.75  0.000e+00
      1.516   62.63746 -165.70482    13.0073     3.2532    1462.75  0.000e+00
      1.516   62.63746 -165.70482    13.0066     3.2561    1462.75  0.000e+00
      1.516   62.63746 -165.70482    13.0056     3.2578    1462.75  0.000e+00
      1.516   62.63746 -165.70482    13.0048     3.2593    1462.75  0.000e+00
      1.516   62.63746 -165.70482    13.0048     3.2576    1462.74  0.000e+00
      1.516   62.63746 -165.70482    13.0044     3.2561    1462.74  0.000e+00
      1.516   62.63746 -165.70482    13.0043     3.2565    1462.74  0.000e+00
      1.516   62.63746 -165.70482    13.0042     3.2570    1462.74  0.000e+00
      1.516   62.63746 -165.70482    13.0048     3.2566    1462.74  0.000e+00
      1.516   62.63746 -165.70482    13.0051     3.2555    1462.74  0.000e+00
      1.516   62.63746 -165.70482    13.0058     3.2546    1462.74  0.000e+00
      1.516   62.63746 -165.70482    13.0063     3.2543    1462.75  0.000e+00
      1.462   62.63746 -165.70482    13.0064     3.2549    1462.75  0.000e+00
      1.516   62.63746 -165.70482    13.0063     3.2571    1462.75  0.000e+00
      1.516   62.63746 -165.70482    13.0056     3.2595    1462.75  0.000e+00
      1.462   62.63746 -165.70482    13.0051     3.2630    1462.75  0.000e+00
      1.462   62.63746 -165.70482    13.0031     3.2676    1462.75  0.000e+00
      1.516   62.63746 -165.70482    13.0004     3.2720    1462.75  0.000e+00
      1.401   62.63746 -165.70482    12.9986     3.2739    1462.74  0.000e+00
      1.462   62.63746 -165.70482    12.9973     3.2746    1462.74  0.000e+00
      1.462   62.63746 -165.70482    12.9963     3.2755    1462.73  0.000e+00
      1.401   62.63746 -165.70482    12.9958     3.2756    1462.73  0.000e+00
      1.401   62.63746 -165.70482    12.9959     3.2746    1462.73  0.000e+00
      1.462   62.63746 -165.70482    12.9964     3.2733    1462.73  0.000e+00
      1.401   62.63746 -165.70482    12.9971     3.2722    1462.73  0.000e+00
      1.401   62.63746 -165.70482    12.9975     3.2720    1462.73  0.000e+00
      1.401   62.63746 -165.70482    12.9971     3.2733    1462.73  0.000e+00
      1.347   62.63746 -165.70482    12.9971     3.2741    1462.73  0.000e+00
      1.401   62.63746 -165.70482    12.9970     3.2742    1462.73  0.000e+00
      1.347   62.63746 -165.70482    12.9968     3.2744    1462.73  0.000e+00
      1.401   62.63746 -165.70482    12.9966     3.2743    1462.73  0.000e+00
      1.347   62.63746 -165.70482    12.9971     3.2735    1462.73  0.000e+00
      1.347   62.63746 -165.70482    12.9970     3.2708    1462.73  0.000e+00
      1.347   62.63746 -165.70482    12.9973     3.2705    1462.73  0.000e+00
      1.347   62.63746 -165.70482    12.9983     3.2698    1462.73  0.000e+00
      1.293   62.63746 -165.70482    12.9990     3.2693    1462.73  0.000e+00
      1.347   62.63746 -165.70482    12.9996     3.2673    1462.73  0.000e+00
      1.347   62.63746 -165.70482    13.0011     3.2651    1462.74  0.000e+00
      1.293   62.63746 -165.70482    13.0016     3.2663    1462.74  0.000e+00
      1.231   62.63746 -165.70482    13.0014     3.2677    1462.74  0.000e+00
      1.377   62.63746 -165.70482    13.0014     3.2684    1462.74  0.000e+00
      1.347   62.63746 -165.70482    13.0009     3.2688    1462.74  0.000e+00
      1.293   62.63746 -165.70482    13.0009     3.2688    1462.74  0.000e+00
      1.293   62.63746 -165.70482    13.0009     3.2689    1462.74  0.000e+00
      1.347   62.63746 -165.70482    13.0006     3.2696    1462.74  0.000e+00
      1.293   62.63746 -165.70482    12.9999     3.2711    1462.74  0.000e+00
      1.293   62.63746 -165.70482    12.9998     3.2718    1462.74  0.000e+00
      1.292   62.63746 -165.70482    12.9999     3.2709    1462.74  0.000e+00
      1.292   62.63746 -165.70482    13.0003     3.2711    1462.74  0.000e+00
      1.292   62.63746 -165.70482    12.9989     3.2763    1462.74  0.000e+00
      1.346   62.63746 -165.70482    12.9971     3.2823    1462.74  0.000e+00
      1.292   62.63746 -165.70482    12.9949     3.2868    1462.74  0.000e+00
      1.292   62.63746 -165.70482    12.9930     3.2916    1462.74  0.000e+00
      1.292   62.63746 -165.70482    12.9911     3.2962    1462.74  0.000e+00
      1.346   62.63746 -165.70482    12.9896     3.2995    1462.74  0.000e+00
      1.292   62.63746 -165.70482    12.9886     3.2987    1462.73  0.000e+00
      1.292   62.63746 -165.70482    12.9909     3.2885    1462.73  0.000e+00
      1.292   62.63746 -165.70482    12.9961     3.2743    1462.73  0.000e+00
      1.292   62.63746 -165.70482    13.0006     3.2643    1462.73  0.000e+00
      1.346   62.63746 -165.70482    13.0031     3.2608    1462.74  0.000e+00
      1.292   62.63746 -165.70482    13.0043     3.2603    1462.74  0.000e+00
      1.292   62.63746 -165.70482    13.0046     3.2588    1462.74  0.000e+00
      1.292   62.63746 -165.70482    13.0056     3.2559    1462.74  0.000e+00
      1.292   62.63746 -165.70482    13.0071     3.2548    1462.75  0.000e+00
      1.292   62.63746 -165.70482    13.0077     3.2557    1462.75  0.000e+00
      1.346   62.63746 -165.70482    13.0076     3.2568    1462.75  0.000e+00
      1.292   62.63746 -165.70482    13.0077     3.2574    1462.75  0.000e+00
      1.292   62.63746 -165.70482    13.0070     3.2584    1462.75  0.000e+00
      1.292   62.63746 -165.70482    13.0063     3.2580    1462.75  0.000e+00
      1.292   62.63746 -165.70482    13.0070     3.2551    1462.75  0.000e+00
      1.292   62.63746 -165.70482    13.0079     3.2533    1462.75  0.000e+00
      1.292   62.63746 -165.70482    13.0082     3.2525    1462.75  0.000e+00
      1.292   62.63746 -165.70482    13.0089     3.2496    1462.75  0.000e+00
      1.346   62.63746 -165.70482    13.0107     3.2455    1462.75  0.000e+00
      1.292   62.63746 -165.70482    13.0121     3.2426    1462.75  0.000e+00
      1.292   62.63746 -165.70482    13.0132     3.2407    1462.75  0.000e+00
      1.292   62.63746 -165.70482    13.0133     3.2409    1462.75  0.000e+00
      1.346   62.63746 -165.70482    13.0122     3.2423    1462.75  0.000e+00
      1.292   62.63746 -165.70482    13.0128     3.2405    1462.75  0.000e+00
      1.346   62.63746 -165.70482    13.0143     3.2380    1462.75  0.000e+00
      1.346   62.63746 -165.70482    13.0152     3.2365    1462.75  0.000e+00
      1.346   62.63746 -165.70482    13.0160     3.2355    1462.76  0.000e+00
      1.292   62.63746 -165.70482    13.0165     3.2347    1462.76  0.000e+00
      1.346   62.63746 -165.70482    13.0169     3.2342    1462.76  0.000e+00
      1.346   62.63746 -165.70482    13.0174     3.2338    1462.76  0.000e+00
      1.377   62.63746 -165.70482    13.0174     3.2338    1462.76  0.000e+00
      1.400   62.63746 -165.70482    13.0175     3.2359    1462.76  0.000e+00
      1.346   62.63746 -165.70482    13.0171     3.2414    1462.77  0.000e+00
      1.400   62.63746 -165.70482    13.0128     3.2552    1462.77  0.000e+00
      1.400   62.63746 -165.70482    13.0074     3.2648    1462.76  0.000e+00
      1.400   62.63746 -165.70482    13.0065     3.2588    1462.75  0.000e+00
      1.400   62.63746 -165.70482    13.0089     3.2483    1462.75  0.000e+00
      1.462   62.63746 -165.70482    13.0112     3.2442    1462.75  0.000e+00
      1.462   62.63746 -165.70482    13.0103     3.2529    1462.76  0.000e+00
      1.462   62.63746 -165.70482    13.0060     3.2683    1462.76  0.000e+00
      1.462   62.63746 -165.70482    13.0006     3.2883    1462.76  0.000e+00
      1.516   62.63746 -165.70482    12.9909     3.3102    1462.76  0.000e+00
      1.462   62.63746 -165.70484    12.9856     3.3144    1462.74  0.000e+00
      1.578   62.63746 -165.70484    12.9860     3.3034    1462.73  0.000e+00
      1.516   62.63746 -165.70484    12.9892     3.2901    1462.73  0.000e+00
      1.516   62.63746 -165.70484    12.9921     3.2826    1462.73  0.000e+00
      1.578   62.63746 -165.70484    12.9914     3.2914    1462.74  0.000e+00
      1.578   62.63746 -165.70484    12.9897     3.2992    1462.74  0.000e+00
      1.577   62.63746 -165.70484    12.9928     3.2875    1462.74  0.000e+00
      1.577   62.63746 -165.70484    12.9971     3.2731    1462.74  0.000e+00
      1.631   62.63746 -165.70484    12.9966     3.2796    1462.74  0.000e+00
      1.577   62.63746 -165.70484    12.9879     3.2946    1462.73  0.000e+00
      1.577   62.63746 -165.70484    12.9856     3.2934    1462.72  0.000e+00
      1.631   62.63746 -165.70484    12.9856     3.2935    1462.72  0.000e+00
      1.577   62.63746 -165.70484    12.9827     3.3048    1462.72  0.000e+00
      1.577   62.63746 -165.70484    12.9809     3.3147    1462.73  0.000e+00
      1.577   62.63746 -165.70484    12.9800     3.3196    1462.73  0.000e+00
      1.577   62.63746 -165.70484    12.9779     3.3241    1462.73  0.000e+00
      1.577   62.63746 -165.70484    12.9770     3.3248    1462.72  0.000e+00
      1.577   62.63746 -165.70484    12.9770     3.3216    1462.72  0.000e+00
      1.516   62.63746 -165.70484    12.9782     3.3132    1462.71  0.000e+00
      1.577   62.63746 -165.70484    12.9824     3.3001    1462.71  0.000e+00
      1.577   62.63746 -165.70484    12.9879     3.2877    1462.72  0.000e+00
      1.516   62.63746 -165.70484    12.9921     3.2805    1462.72  0.000e+00
      1.516   62.63746 -165.70484    12.9946     3.2782    1462.73  0.000e+00
      1.516   62.63746 -165.70484    12.9933     3.2927    1462.74  0.000e+00
      1.462   62.63746 -165.70484    12.9866     3.3229    1462.75  0.000e+00
      1.462   62.63746 -165.70484    12.9787     3.3507    1462.76  0.000e+00
      1.554   62.63746 -165.70484    12.9732     3.3611    1462.75  0.000e+00
      1.462   62.63746 -165.70484    12.9706     3.3615    1462.74  0.000e+00
      1.462   62.63746 -165.70484    12.9699     3.3576    1462.74  0.000e+00
      1.462   62.63746 -165.70484    12.9712     3.3512    1462.73  0.000e+00
      1.462   62.63746 -165.70484    12.9730     3.3467    1462.73  0.000e+00
      1.400   62.63746 -165.70484    12.9732     3.3484    1462.74  0.000e+00
      1.462   62.63746 -165.70484    12.9737     3.3509    1462.74  0.000e+00
      1.400   62.63746 -165.70484    12.9741     3.3498    1462.74  0.000e+00
      1.400   62.63746 -165.70484    12.9737     3.3498    1462.74  0.000e+00
      1.400   62.63746 -165.70484    12.9740     3.3495    1462.74  0.000e+00
      1.400   62.63746 -165.70484    12.9740     3.3489    1462.74  0.000e+00
      1.346   62.63746 -165.70484    12.9723     3.3528    1462.74  0.000e+00
      1.400   62.63746 -165.70484    12.9692     3.3589    1462.73  0.000e+00
      1.400   62.63746 -165.70484    12.9667     3.3626    1462.73  0.000e+00
      1.346   62.63746 -165.70484    12.9655     3.3622    1462.72  0.000e+00
      1.346   62.63746 -165.70484    12.9671     3.3554    1462.72  0.000e+00
      1.400   62.63746 -165.70484    12.9694     3.3481    1462.72  0.000e+00
      1.346   62.63746 -165.70484    12.9718     3.3386    1462.72  0.000e+00
      1.346   62.63746 -165.70484    12.9742     3.3334    1462.72  0.000e+00
      1.346   62.63746 -165.70484    12.9760     3.3298    1462.72  0.000e+00
      1.400   62.63746 -165.70484    12.9803     3.3212    1462.73  0.000e+00
      1.346   62.63746 -165.70484    12.9832     3.3210    1462.74  0.000e+00
      1.346   62.63746 -165.70484    12.9836     3.3279    1462.75  0.000e+00
      1.346   62.63746 -165.70484    12.9837     3.3217    1462.74  0.000e+00
      1.346   62.63746 -165.70484    12.9863     3.3063    1462.73  0.000e+00
      1.346   62.63746 -165.70484    12.9899     3.2924    1462.73  0.000e+00
      1.400   62.63746 -165.70484    12.9936     3.2849    1462.73  0.000e+00
      1.346   62.63746 -165.70484    12.9948     3.2872    1462.74  0.000e+00
      1.400   62.63746 -165.70484    12.9939     3.2982    1462.75  0.000e+00
      1.346   62.63746 -165.70484    12.9891     3.3257    1462.77  0.000e+00
      1.400   62.63746 -165.70484    12.9800     3.3586    1462.77  0.000e+00
      1.400   62.63746 -165.70484    12.9694     3.3920    1462.77  0.000e+00
      1.400   62.63746 -165.70484    12.9593     3.4270    1462.78  0.000e+00
      1.400   62.63746 -165.70484    12.9484     3.4596    1462.78  0.000e+00
      1.400   62.63746 -165.70484    12.9388     3.4811    1462.77  0.000e+00
      1.400   62.63746 -165.70484    12.9322     3.4927    1462.76  0.000e+00
      1.400   62.63746 -165.70484    12.9277     3.5000    1462.75  0.000e+00
      1.461   62.63746 -165.70484    12.9239     3.5081    1462.75  0.000e+00
      1.400   62.63746 -165.70484    12.9206     3.5147    1462.74  0.000e+00
      1.400   62.63746 -165.70484    12.9185     3.5155    1462.74  0.000e+00
      1.461   62.63746 -165.70484    12.9187     3.5100    1462.73  0.000e+00
      1.438   62.63746 -165.70484    12.9204     3.5053    1462.73  0.000e+00
      1.399   62.63746 -165.70484    12.9214     3.5045    1462.73  0.000e+00
      1.399   62.63746 -165.70484    12.9217     3.5052    1462.74  0.000e+00
      1.461   62.63746 -165.70484    12.9225     3.5048    1462.74  0.000e+00
      1.399   62.63746 -165.70484    12.9230     3.5026    1462.74  0.000e+00
      1.461   62.63746 -165.70484    12.9232     3.5029    1462.74  0.000e+00
      1.399   62.63746 -165.70484    12.9227     3.5101    1462.74  0.000e+00
      1.461   62.63746 -165.70484    12.9211     3.5183    1462.75  0.000e+00
      1.399   62.63746 -165.70484    12.9190     3.5312    1462.76  0.000e+00
      1.461   62.63746 -165.70484    12.9167     3.5354    1462.75  0.000e+00
