merge_samples_with_btl/SKQ202309T/ctd/skq202309t_001avg.cnv
* Sea-Bird SBE 9 Data File:
* FileName = D:\CTD\SKQ202309T\SKQ202309T_001.hex
* Software Version Seasave V 7.26.7.121
* Temperature SN = 6177
* Conductivity SN = 0369
* Number of Bytes Per Scan = 38
* Number of Voltage Words = 3
* Number of Scans Averaged by the Deck Unit = 1
* NMEA Latitude = 59 50.67 N
* NMEA Longitude = 149 28.05 W
* NMEA UTC (Time) = Jun 06 2023  18:49:21
* NMEA baud rate = 4800
** Ship: R/V Sikuliaq
** Station Number: 001
** Station Name: GAK1
** Bottom Depth: 272
** Operator: AP
# nquan = 25
# nvalues = 261                         
# units = specified
# name 0 = depSM: Depth [salt water, m]
# name 1 = latitude: Latitude [deg]
# name 2 = longitude: Longitude [deg]
# name 3 = prDM: Pressure, Digiquartz [db]
# name 4 = t090C: Temperature [ITS-90, deg C]
# name 5 = t190C: Temperature, 2 [ITS-90, deg C]
# name 6 = potemp090C: Potential Temperature [ITS-90, deg C]
# name 7 = sal00: Salinity, Practical [PSU]
# name 8 = sal11: Salinity, Practical, 2 [PSU]
# name 9 = density00: Density [density, kg/m^3]
# name 10 = sigma-é00: Density [sigma-theta, kg/m^3]
# name 11 = sbox0Mm/Kg: Oxygen, SBE 43 [umol/kg]
# name 12 = sbox1Mm/Kg: Oxygen, SBE 43, 2 [umol/kg]
# name 13 = oxsolMm/Kg: Oxygen Saturation, Garcia & Gordon [umol/kg]
# name 14 = sbeox0PS: Oxygen, SBE 43 [% saturation]
# name 15 = sbeox1PS: Oxygen, SBE 43, 2 [% saturation]
# name 16 = v0: Voltage 0
# name 17 = flECO-AFL: Fluorescence, WET Labs ECO-AFL/FL [mg/m^3]
# name 18 = v1: Voltage 1
# name 19 = CStarAt0: Beam Attenuation, WET Labs C-Star [1/m]
# name 20 = par: PAR/Irradiance, Biospherical/Licor
# name 21 = scan: Scan Count
# name 22 = timeM: Time, Elapsed [minutes]
# name 23 = nbin: number of scans per bin
# name 24 = flag: flag
# span 0 =      1.981,    259.368       
# span 1 =   59.84414,   59.84444       
# span 2 = -149.46843, -149.46794       
# span 3 =      2.000,    262.000       
# span 4 =     4.8658,     8.5183       
# span 5 =     4.8656,     8.5031       
# span 6 =     4.8599,     8.5181       
# span 7 =    30.0935,    33.1950       
# span 8 =    30.1193,    33.2047       
# span 9 =  1023.3589,  1027.3431       
# span 10 =    23.3498,    26.1389      
# span 11 =    138.768,    350.884      
# span 12 =    134.077,    342.131      
# span 13 =  293.91283,  316.35143      
# span 14 =     45.515,    119.384      
# span 15 =     43.981,    116.388      
# span 16 =     0.0582,     0.6660      
# span 17 =     0.0011,     3.6481      
# span 18 =     3.5013,     4.6542      
# span 19 =     0.0496,     1.1890      
# span 20 = -9.835e-06, 1.4646e+02      
# span 21 =        384,      15340      
# span 22 =     0.2657,    10.6517      
# span 23 =         15,        487      
# span 24 = 0.0000e+00, 0.0000e+00      
# interval = decibars: 1                
# start_time = Jun 06 2023 18:55:03 [NMEA time, first data scan]
# bad_flag = -9.990e-29
*END*
[from data line 58]
     59.426   59.84438 -149.46800     60.000     5.6526     5.6533     5.6480    31.4488    31.4618  1025.0667    24.7888    311.568    303.155  310.79764    100.248     97.552     0.0638     0.0351     4.6423     0.0599 6.3327e-04       4781     3.3197         68 0.0000e+00
     60.417   59.84440 -149.46800     61.000     5.5912     5.5899     5.5865    31.4532    31.4669  1025.0819    24.7993    312.081    303.849  311.23818    100.271     97.633     0.0625     0.0270     4.6485     0.0545 3.8085e-04       4840     3.3605         51 0.0000e+00
     61.407   59.84440 -149.46800     62.000     5.5417     5.5411     5.5370    31.4615    31.4752  1025.0989    24.8116    311.157    303.239  311.58179     99.864     97.331     0.0632     0.0314     4.6489     0.0542 4.4895e-04       4892     3.3965         46 0.0000e+00
     62.397   59.84440 -149.46800     63.000     5.4925     5.4917     5.4877    31.4787    31.4916  1025.1227    24.8307    311.820    303.486  311.90456     99.973     97.308     0.0636     0.0338     4.6483     0.0547 -9.835e-06       4930     3.4232         31 0.0000e+00
     63.388   59.84440 -149.46800     64.000     5.4914     5.4902     5.4866    31.4815    31.4943  1025.1297    24.8331    311.779    303.433  311.90624     99.959     97.290     0.0646     0.0396     4.6456     0.0570 7.3090e-06       4964     3.4464         38 0.0000e+00
     64.378   59.84440 -149.46799     65.000     5.4525     5.4513     5.4476    31.4820    31.4955  1025.1392    24.8379    311.713    302.816  312.19216     99.847     97.004     0.0648     0.0407     4.6458     0.0568 7.1579e-06       5013     3.4807         58 0.0000e+00
     65.368   59.84440 -149.46798     66.000     5.3870     5.3866     5.3821    31.4862    31.5006  1025.1547    24.8486    311.621    303.584  312.66570     99.666     97.105     0.0644     0.0384     4.6449     0.0576 7.2099e-06       5067     3.5182         47 0.0000e+00
     66.358   59.84440 -149.46798     67.000     5.2654     5.2645     5.2604    31.4839    31.4985  1025.1712    24.8603    311.393    302.853  313.57381     99.305     96.590     0.0648     0.0409     4.6298     0.0706 7.0608e-06       5123     3.5569         66 0.0000e+00
     67.349   59.84440 -149.46798     68.000     5.2429     5.2426     5.2379    31.4868    31.4999  1025.1807    24.8650    310.642    301.967  313.73406     99.014     96.258     0.0635     0.0332     4.6186     0.0803 6.9961e-06       5183     3.5989         46 0.0000e+00
     68.339   59.84440 -149.46798     69.000     5.2521     5.2519     5.2470    31.4936    31.5059  1025.1897    24.8694    309.671    302.034  313.64978     98.732     96.305     0.0627     0.0283     4.6246     0.0751 7.3582e-06       5224     3.6269         38 0.0000e+00
     69.329   59.84441 -149.46798     70.000     5.2357     5.2355     5.2306    31.4987    31.5122  1025.2002    24.8753    310.225    301.319  313.75988     98.873     96.044     0.0635     0.0328     4.6279     0.0723 7.1318e-06       5263     3.6540         38 0.0000e+00
     70.319   59.84442 -149.46798     71.000     5.2040     5.2039     5.1988    31.4995    31.5128  1025.2090    24.8794    310.392    302.483  313.99428     98.853     96.343     0.0634     0.0324     4.6247     0.0751 6.9499e-06       5301     3.6807         39 0.0000e+00
     71.310   59.84441 -149.46798     72.000     5.1957     5.1958     5.1904    31.5044    31.5169  1025.2185    24.8843    309.855    301.843  314.04492     98.666     96.124     0.0637     0.0344     4.6243     0.0753 6.6821e-06       5342     3.7090         47 0.0000e+00
     72.300   59.84440 -149.46796     73.000     5.2294     5.2305     5.2241    31.5173    31.5300  1025.2295    24.8907    309.006    301.360  313.76315     98.484     96.058     0.0632     0.0309     4.5403     0.1488 6.6548e-06       5417     3.7613         84 0.0000e+00
     73.290   59.84442 -149.46796     74.000     5.1515     5.1510     5.1462    31.5229    31.5372  1025.2473    24.9037    308.093    300.262  314.33111     98.015     95.533     0.0626     0.0276     4.5255     0.1618 7.6263e-05       5472     3.7992         35 0.0000e+00
     74.280   59.84442 -149.46796     75.000     5.1197     5.1198     5.1143    31.5307    31.5439  1025.2617    24.9134    307.245    299.021  314.55100     97.677     95.072     0.0637     0.0344     4.5859     0.1087 6.7668e-06       5505     3.8220         35 0.0000e+00
     75.271   59.84442 -149.46796     76.000     5.0682     5.0679     5.0627    31.5383    31.5518  1025.2780    24.9250    307.208    299.279  314.91869     97.552     95.043     0.0650     0.0424     4.5495     0.1407 5.7723e-06       5546     3.8509         53 0.0000e+00
     76.261   59.84442 -149.46796     77.000     5.0190     5.0175     5.0135    31.5445    31.5580  1025.2930    24.9353    306.460    297.466  315.27346     97.205     94.358     0.0636     0.0336     4.5408     0.1483 6.6495e-06       5608     3.8941         54 0.0000e+00
     77.251   59.84442 -149.46796     78.000     4.9738     4.9736     4.9682    31.5539    31.5673  1025.3100    24.9475    305.909    298.025  315.59121     96.932     94.443     0.0629     0.0293     4.5666     0.1256 6.4141e-06       5649     3.9222         33 0.0000e+00
     78.241   59.84442 -149.46796     79.000     4.9176     4.9178     4.9120    31.5579    31.5717  1025.3240    24.9567    305.403    297.633  316.00570     96.645     94.196     0.0636     0.0333     4.5750     0.1183 6.5832e-06       5686     3.9477         45 0.0000e+00
     79.231   59.84442 -149.46795     80.000     4.8931     4.8928     4.8874    31.5621    31.5752  1025.3346    24.9627    303.610    295.791  316.18035     96.024     93.560     0.0614     0.0206     4.6132     0.0850 7.6151e-06       5747     3.9900         67 0.0000e+00
     80.222   59.84442 -149.46794     81.000     4.8871     4.8868     4.8813    31.5636    31.5768  1025.3412    24.9645    303.200    295.296  316.22221     95.882     93.391     0.0618     0.0226     4.6184     0.0804 7.5696e-06       5805     4.0307         47 0.0000e+00
     81.212   59.84442 -149.46796     82.000     4.8714     4.8713     4.8657    31.5658    31.5785  1025.3492    24.9679    302.563    295.050  316.33521     95.646     93.280     0.0635     0.0329     4.6190     0.0799 6.8894e-06       5847     4.0596         38 0.0000e+00
     82.202   59.84442 -149.46795     83.000     4.8658     4.8656     4.8599    31.5771    31.5897  1025.3634    24.9775    302.523    294.870  316.35143     95.629     93.218     0.0623     0.0255     4.6190     0.0800 7.4193e-06       5885     4.0861         40 0.0000e+00
     83.192   59.84442 -149.46794     84.000     4.8894     4.8872     4.8834    31.5938    31.6051  1025.3787    24.9882    301.397    294.059  316.13367     95.338     93.020     0.0628     0.0289     4.6020     0.0948 6.7906e-06       5924     4.1130         40 0.0000e+00
     84.182   59.84442 -149.46794     85.000     4.9333     4.9328     4.9273    31.6088    31.6207  1025.3905    24.9955    300.462    292.749  315.76663     95.153     92.717     0.0625     0.0266     4.5958     0.1001 7.3610e-06       5981     4.1525         80 0.0000e+00
     85.172   59.84442 -149.46794     86.000     4.9429     4.9427     4.9367    31.6158    31.6276  1025.3996    24.9999    299.079    292.343  315.67831     94.742     92.616     0.0628     0.0288     4.5984     0.0978 7.1472e-06       6058     4.2064         52 0.0000e+00
     86.163   59.84442 -149.46794     87.000     4.9508     4.9504     4.9445    31.6189    31.6310  1025.4059    25.0016    298.985    291.842  315.61157     94.732     92.476     0.0615     0.0208     4.6025     0.0942 7.3410e-06       6093     4.2308         30 0.0000e+00
     87.153   59.84442 -149.46794     88.000     4.9268     4.9264     4.9205    31.6237    31.6360  1025.4169    25.0079    299.175    291.560  315.78104     94.741     92.337     0.0615     0.0205     4.5936     0.1020 7.2960e-06       6126     4.2533         36 0.0000e+00
     88.143   59.84442 -149.46794     89.000     4.9074     4.9070     4.9011    31.6328    31.6455  1025.4309    25.0173    298.924    291.893  315.90523     94.625     92.407     0.0613     0.0195     4.5823     0.1118 7.0265e-06       6168     4.2830         47 0.0000e+00
     89.133   59.84442 -149.46794     90.000     4.8710     4.8707     4.8646    31.6355    31.6480  1025.4416    25.0232    297.843    290.438  316.17368     94.203     91.868     0.0606     0.0155     4.5811     0.1129 7.5617e-06       6216     4.3163         46 0.0000e+00
     90.123   59.84442 -149.46794     91.000     4.8886     4.8898     4.8821    31.6440    31.6560  1025.4511    25.0281    296.161    287.850  316.02090     93.716     91.097     0.0628     0.0289     4.5792     0.1146 7.1285e-06       6277     4.3580         81 0.0000e+00
     91.113   59.84443 -149.46794     92.000     4.9082     4.9078     4.9017    31.6509    31.6630  1025.4591    25.0316    294.903    287.510  315.85619     93.366     91.033     0.0620     0.0238     4.5777     0.1159 6.1130e-06       6342     4.4037         37 0.0000e+00
     92.104   59.84444 -149.46794     93.000     4.9536     4.9550     4.9470    31.6676    31.6775  1025.4720    25.0399    294.838    287.452  315.47530     93.458     91.127     0.0627     0.0283     4.5739     0.1193 6.7315e-06       6373     4.4248         29 0.0000e+00
     93.094   59.84444 -149.46794     94.000     5.0173     5.0165     5.0106    31.6870    31.6975  1025.4850    25.0485    294.491    286.566  314.95066     93.504     90.993     0.0621     0.0243     4.5863     0.1084 6.1542e-06       6403     4.4461         33 0.0000e+00
     94.084   59.84443 -149.46794     95.000     5.0541     5.0532     5.0472    31.7033    31.7141  1025.4985    25.0574    294.860    287.371  314.63686     93.714     91.339     0.0618     0.0225     4.6025     0.0943 5.7655e-06       6450     4.4787         68 0.0000e+00
     95.074   59.84443 -149.46794     96.000     5.0500     5.0496     5.0431    31.7113    31.7231  1025.5099    25.0642    295.128    287.573  314.64855     93.796     91.402     0.0638     0.0346     4.5819     0.1123 6.1439e-06       6530     4.5341         72 0.0000e+00
     96.064   59.84444 -149.46794     97.000     5.0348     5.0268     5.0277    31.7131    31.7236  1025.5177    25.0672    293.203    286.092  314.75879     93.152     90.883     0.0607     0.0163     4.5708     0.1220 6.7822e-06       6582     4.5701         40 0.0000e+00
     97.054   59.84444 -149.46794     98.000     5.1522     5.1485     5.1450    31.7431    31.7521  1025.5330    25.0782    291.606    283.563  313.81010     92.924     90.359     0.0619     0.0234     4.5760     0.1174 6.0811e-06       6618     4.5951         32 0.0000e+00
     98.044   59.84444 -149.46794     99.000     5.2509     5.2525     5.2435    31.7711    31.7797  1025.5485    25.0894    291.511    283.043  313.01164     93.131     90.435     0.0613     0.0199     4.5962     0.0998 6.4137e-06       6650     4.6171         33 0.0000e+00
     99.035   59.84444 -149.46794    100.000     5.2914     5.2914     5.2840    31.7885    31.7986  1025.5623    25.0987    293.721    285.742  312.67008     93.940     91.395     0.0633     0.0318     4.5876     0.1073 6.2611e-06       6687     4.6427         42 0.0000e+00
    100.024   59.84444 -149.46794    101.000     5.2884     5.2909     5.2808    31.8022    31.8128  1025.5781    25.1099    295.236    287.910  312.66068     94.427     92.097     0.0639     0.0356     4.5176     0.1688 6.7107e-06       6748     4.6852         83 0.0000e+00
    101.015   59.84444 -149.46794    102.000     5.2992     5.2994     5.2916    31.8174    31.8290  1025.5936    25.1208    293.591    285.867  312.54511     93.936     91.473     0.0622     0.0253     4.5199     0.1667 5.3883e-06       6821     4.7358         40 0.0000e+00
    102.005   59.84444 -149.46794    103.000     5.2705     5.2699     5.2629    31.8227    31.8342  1025.6057    25.1282    293.335    286.344  312.74505     93.794     91.565     0.0614     0.0201     4.5207     0.1660 7.2515e-06       6849     4.7553         27 0.0000e+00
    102.995   59.84444 -149.46794    104.000     5.2603     5.2605     5.2526    31.8284    31.8394  1025.6160    25.1338    292.553    286.250  312.80739     93.525     91.518     0.0625     0.0266     4.5559     0.1350 5.7949e-06       6873     4.7725         25 0.0000e+00
    103.985   59.84444 -149.46794    105.000     5.2726     5.2733     5.2648    31.8355    31.8468  1025.6249    25.1381    292.211    285.561  312.69950     93.448     91.330     0.0629     0.0294     4.5641     0.1278 6.4241e-06       6898     4.7899         25 0.0000e+00
    104.975   59.84444 -149.46794    106.000     5.2686     5.2637     5.2607    31.8424    31.8516  1025.6354    25.1440    292.490    284.833  312.71362     93.533     91.080     0.0627     0.0283     4.5578     0.1334 5.9247e-06       6927     4.8096         30 0.0000e+00
    105.965   59.84444 -149.46794    107.000     5.3131     5.3094     5.3051    31.8494    31.8596  1025.6405    25.1445    292.108    283.923  312.36734     93.514     90.893     0.0639     0.0352     4.5512     0.1391 6.2902e-06       6958     4.8315         31 0.0000e+00
    106.955   59.84444 -149.46794    108.000     5.3234     5.3226     5.3154    31.8533    31.8620  1025.6470    25.1465    292.226    283.632  312.28210     93.578     90.830     0.0635     0.0332     4.5396     0.1493 5.6356e-06       6988     4.8518         27 0.0000e+00
    107.945   59.84444 -149.46794    109.000     5.4931     5.4953     5.4848    31.8816    31.8862  1025.6543    25.1497    290.663    282.716  310.96669     93.471     90.923     0.0616     0.0212     4.5340     0.1543 6.0063e-06       7013     4.8694         24 0.0000e+00
    108.935   59.84444 -149.46794    110.000     5.6050     5.6004     5.5965    31.8982    31.9040  1025.6589    25.1500    290.326    282.585  310.10979     93.620     91.118     0.0628     0.0286     4.5526     0.1379 5.5209e-06       7036     4.8856         23 0.0000e+00
    109.925   59.84444 -149.46794    111.000     5.6006     5.6040     5.5921    31.8996    31.9112  1025.6652    25.1516    291.796    283.679  310.13806     94.086     91.483     0.0652     0.0432     4.5719     0.1209 6.7739e-06       7060     4.9020         25 0.0000e+00
    110.915   59.84444 -149.46794    112.000     5.4249     5.4282     5.4165    31.8843    31.8983  1025.6783    25.1596    294.017    286.048  311.46210     94.399     91.857     0.0639     0.0356     4.5646     0.1273 6.5867e-06       7086     4.9204         27 0.0000e+00
    111.905   59.84444 -149.46794    113.000     5.4205     5.4391     5.4119    31.8945    31.9063  1025.6915    25.1682    292.746    285.291  311.47097     93.988     91.643     0.0638     0.0350     4.5417     0.1475 6.7186e-06       7115     4.9402         29 0.0000e+00
    112.895   59.84444 -149.46794    114.000     5.5021     5.4991     5.4934    31.9125    31.9212  1025.7009    25.1731    291.266    283.394  310.82915     93.706     91.173     0.0634     0.0321     4.5529     0.1376 6.1916e-06       7142     4.9593         26 0.0000e+00
    113.885   59.84444 -149.46794    115.000     5.6216     5.6160     5.6127    31.9468    31.9503  1025.7185    25.1865    291.216    282.888  309.87652     93.978     91.281     0.0651     0.0427     4.5699     0.1227 6.6366e-06       7167     4.9767         23 0.0000e+00
    114.875   59.84444 -149.46794    116.000     5.6773     5.6772     5.6683    31.9555    31.9659  1025.7233    25.1869    290.980    283.325  309.45053     94.031     91.564     0.0651     0.0425     4.5948     0.1010 4.6172e-06       7189     4.9916         20 0.0000e+00
