merge_samples_with_btl/SKQ202309T/ctd/skq202309t_003svp.cnv
* Sea-Bird SBE 9 Data File:
* FileName = D:\CTD\SKQ202309T\SKQ202309T_003.hex
* Software Version Seasave V 7.26.7.121
* Temperature SN = 6177
* Conductivity SN = 0369
* Number of Bytes Per Scan = 38
* Number of Voltage Words = 3
* Number of Scans Averaged by the Deck Unit = 1
* NMEA Latitude = 56 26.56 N
* NMEA Longitude = 166 33.22 W
* NMEA UTC (Time) = Jun 10 2023  04:39:46
* NMEA baud rate = 4800
** Ship: R/V Sikuliaq
** Station Number: 003
** Station Name: STN 004
** Bottom Depth: 101
** Operator: Julia Moriarty
# nquan = 7
# nvalues = 9701                                  
# units = specified
# name 0 = depSM: Depth [salt water, m]
# name 1 = latitude: Latitude [deg]
# name 2 = longitude: Longitude [deg]
# name 3 = t090C: Temperature [ITS-90, deg C]
# name 4 = sal00: Salinity, Practical [PSU]
# name 5 = svCM: Sound Velocity [Chen-Millero, m/s]
# name 6 = flag:  0.000e+00
# span 0 =      1.756,     95.786                 
# span 1 =   56.44268,   56.44276                 
# span 2 = -166.55362, -166.55346                 
# span 3 =     3.6067,     6.8002                 
# span 4 =    31.7989,    32.3667                 
# span 5 =    1462.10,    1474.00                 
# span 6 = 0.0000e+00, 0.0000e+00                 
# interval = seconds: 0.0416667
# start_time = Jun 10 2023 04:44:02 [NMEA time, first data scan]
# bad_flag = -9.990e-29
*END*
[from data line 4103]
     46.613   56.44270 -166.55358     3.9219    31.9800    1463.18  0.000e+00
     46.613   56.44270 -166.55358     3.9216    31.9800    1463.17  0.000e+00
     46.667   56.44270 -166.55358     3.9212    31.9794    1463.17  0.000e+00
     46.667   56.44270 -166.55358     3.9208    31.9794    1463.17  0.000e+00
     46.667   56.44270 -166.55358     3.9201    31.9799    1463.17  0.000e+00
     46.667   56.44270 -166.55358     3.9192    31.9796    1463.16  0.000e+00
     46.667   56.44270 -166.55358     3.9189    31.9797    1463.16  0.000e+00
     46.729   56.44270 -166.55358     3.9182    31.9797    1463.16  0.000e+00
     46.729   56.44270 -166.55358     3.9178    31.9793    1463.16  0.000e+00
     46.729   56.44270 -166.55358     3.9168    31.9799    1463.16  0.000e+00
     46.729   56.44270 -166.55358     3.9163    31.9797    1463.15  0.000e+00
     46.729   56.44270 -166.55358     3.9159    31.9796    1463.15  0.000e+00
     46.729   56.44270 -166.55358     3.9157    31.9795    1463.15  0.000e+00
     46.783   56.44270 -166.55358     3.9160    31.9795    1463.15  0.000e+00
     46.783   56.44270 -166.55358     3.9164    31.9794    1463.15  0.000e+00
     46.783   56.44270 -166.55358     3.9159    31.9788    1463.15  0.000e+00
     46.729   56.44270 -166.55358     3.9152    31.9793    1463.15  0.000e+00
     46.783   56.44270 -166.55358     3.9145    31.9792    1463.15  0.000e+00
     46.837   56.44270 -166.55358     3.9143    31.9791    1463.15  0.000e+00
     46.783   56.44270 -166.55358     3.9136    31.9800    1463.14  0.000e+00
     46.837   56.44270 -166.55358     3.9140    31.9798    1463.15  0.000e+00
     46.837   56.44270 -166.55358     3.9136    31.9795    1463.14  0.000e+00
     46.837   56.44270 -166.55358     3.9132    31.9797    1463.14  0.000e+00
     46.837   56.44270 -166.55358     3.9131    31.9793    1463.14  0.000e+00
     46.899   56.44270 -166.55358     3.9130    31.9792    1463.14  0.000e+00
     46.899   56.44270 -166.55358     3.9129    31.9793    1463.14  0.000e+00
     46.899   56.44270 -166.55358     3.9126    31.9794    1463.14  0.000e+00
     46.899   56.44270 -166.55358     3.9125    31.9786    1463.14  0.000e+00
     46.953   56.44270 -166.55358     3.9122    31.9795    1463.14  0.000e+00
     46.899   56.44270 -166.55358     3.9121    31.9794    1463.14  0.000e+00
     46.953   56.44270 -166.55358     3.9119    31.9798    1463.14  0.000e+00
     46.953   56.44270 -166.55358     3.9119    31.9802    1463.14  0.000e+00
     46.953   56.44270 -166.55358     3.9120    31.9800    1463.14  0.000e+00
     46.953   56.44270 -166.55358     3.9121    31.9796    1463.14  0.000e+00
     47.015   56.44270 -166.55358     3.9125    31.9795    1463.14  0.000e+00
     47.015   56.44270 -166.55358     3.9124    31.9801    1463.14  0.000e+00
     46.953   56.44270 -166.55358     3.9125    31.9796    1463.14  0.000e+00
     47.069   56.44270 -166.55358     3.9129    31.9794    1463.14  0.000e+00
     47.015   56.44270 -166.55358     3.9129    31.9795    1463.14  0.000e+00
     47.069   56.44270 -166.55358     3.9132    31.9788    1463.14  0.000e+00
     47.015   56.44270 -166.55358     3.9132    31.9793    1463.14  0.000e+00
     47.069   56.44270 -166.55358     3.9131    31.9798    1463.15  0.000e+00
     47.131   56.44270 -166.55358     3.9135    31.9793    1463.15  0.000e+00
     47.069   56.44270 -166.55358     3.9136    31.9795    1463.15  0.000e+00
     47.131   56.44270 -166.55358     3.9137    31.9793    1463.15  0.000e+00
     47.131   56.44270 -166.55358     3.9140    31.9794    1463.15  0.000e+00
     47.131   56.44270 -166.55358     3.9143    31.9793    1463.15  0.000e+00
     47.131   56.44270 -166.55358     3.9143    31.9796    1463.15  0.000e+00
     47.131   56.44270 -166.55358     3.9146    31.9793    1463.15  0.000e+00
     47.185   56.44270 -166.55358     3.9148    31.9791    1463.15  0.000e+00
     47.185   56.44270 -166.55358     3.9148    31.9794    1463.15  0.000e+00
     47.185   56.44270 -166.55358     3.9148    31.9796    1463.15  0.000e+00
     47.185   56.44270 -166.55358     3.9149    31.9792    1463.15  0.000e+00
     47.239   56.44270 -166.55358     3.9151    31.9793    1463.16  0.000e+00
     47.239   56.44270 -166.55358     3.9152    31.9790    1463.16  0.000e+00
     47.185   56.44270 -166.55358     3.9151    31.9794    1463.16  0.000e+00
     47.239   56.44270 -166.55358     3.9151    31.9793    1463.16  0.000e+00
     47.301   56.44270 -166.55358     3.9151    31.9792    1463.16  0.000e+00
     47.239   56.44270 -166.55358     3.9151    31.9793    1463.16  0.000e+00
     47.301   56.44270 -166.55358     3.9150    31.9795    1463.16  0.000e+00
     47.301   56.44270 -166.55358     3.9149    31.9795    1463.16  0.000e+00
     47.301   56.44270 -166.55358     3.9149    31.9794    1463.16  0.000e+00
     47.301   56.44270 -166.55358     3.9146    31.9794    1463.16  0.000e+00
     47.355   56.44270 -166.55358     3.9146    31.9790    1463.16  0.000e+00
     47.355   56.44270 -166.55358     3.9144    31.9792    1463.15  0.000e+00
     47.355   56.44270 -166.55358     3.9145    31.9792    1463.16  0.000e+00
     47.355   56.44270 -166.55358     3.9143    31.9795    1463.15  0.000e+00
     47.355   56.44270 -166.55358     3.9141    31.9791    1463.15  0.000e+00
     47.417   56.44270 -166.55358     3.9139    31.9797    1463.15  0.000e+00
     47.417   56.44270 -166.55358     3.9135    31.9797    1463.15  0.000e+00
     47.417   56.44270 -166.55358     3.9129    31.9794    1463.15  0.000e+00
     47.417   56.44270 -166.55358     3.9126    31.9792    1463.15  0.000e+00
     47.471   56.44270 -166.55358     3.9124    31.9794    1463.15  0.000e+00
     47.417   56.44270 -166.55358     3.9122    31.9791    1463.15  0.000e+00
     47.471   56.44270 -166.55358     3.9118    31.9794    1463.15  0.000e+00
     47.471   56.44270 -166.55358     3.9119    31.9792    1463.15  0.000e+00
     47.471   56.44270 -166.55358     3.9116    31.9793    1463.14  0.000e+00
     47.533   56.44270 -166.55358     3.9113    31.9794    1463.14  0.000e+00
     47.471   56.44270 -166.55358     3.9111    31.9790    1463.14  0.000e+00
     47.533   56.44270 -166.55358     3.9102    31.9792    1463.14  0.000e+00
     47.533   56.44270 -166.55358     3.9095    31.9794    1463.14  0.000e+00
     47.533   56.44270 -166.55358     3.9095    31.9792    1463.14  0.000e+00
     47.587   56.44270 -166.55358     3.9091    31.9794    1463.14  0.000e+00
     47.533   56.44270 -166.55358     3.9090    31.9788    1463.13  0.000e+00
     47.587   56.44270 -166.55358     3.9079    31.9795    1463.13  0.000e+00
     47.587   56.44270 -166.55358     3.9068    31.9796    1463.13  0.000e+00
     47.587   56.44270 -166.55358     3.9067    31.9790    1463.13  0.000e+00
     47.641   56.44270 -166.55358     3.9063    31.9791    1463.13  0.000e+00
     47.587   56.44270 -166.55358     3.9062    31.9787    1463.12  0.000e+00
     47.641   56.44270 -166.55358     3.9053    31.9785    1463.12  0.000e+00
     47.641   56.44270 -166.55358     3.9043    31.9782    1463.12  0.000e+00
     47.641   56.44270 -166.55358     3.9034    31.9783    1463.11  0.000e+00
     47.641   56.44270 -166.55358     3.9022    31.9784    1463.11  0.000e+00
     47.703   56.44270 -166.55358     3.9016    31.9781    1463.11  0.000e+00
     47.703   56.44270 -166.55358     3.9016    31.9777    1463.10  0.000e+00
     47.641   56.44270 -166.55358     3.9002    31.9775    1463.10  0.000e+00
     47.757   56.44270 -166.55358     3.8978    31.9774    1463.09  0.000e+00
     47.703   56.44270 -166.55358     3.8955    31.9780    1463.08  0.000e+00
     47.703   56.44270 -166.55358     3.8940    31.9776    1463.07  0.000e+00
     47.703   56.44270 -166.55358     3.8931    31.9778    1463.07  0.000e+00
     47.818   56.44270 -166.55358     3.8930    31.9784    1463.07  0.000e+00
     47.703   56.44270 -166.55358     3.8932    31.9787    1463.07  0.000e+00
     47.757   56.44270 -166.55358     3.8934    31.9786    1463.07  0.000e+00
     47.757   56.44270 -166.55358     3.8920    31.9793    1463.07  0.000e+00
     47.818   56.44270 -166.55358     3.8907    31.9788    1463.06  0.000e+00
     47.757   56.44270 -166.55358     3.8889    31.9786    1463.05  0.000e+00
     47.818   56.44270 -166.55358     3.8863    31.9782    1463.04  0.000e+00
     47.872   56.44270 -166.55358     3.8825    31.9793    1463.03  0.000e+00
     47.818   56.44270 -166.55358     3.8825    31.9794    1463.03  0.000e+00
     47.818   56.44270 -166.55358     3.8834    31.9800    1463.03  0.000e+00
     47.873   56.44270 -166.55358     3.8836    31.9792    1463.03  0.000e+00
     47.873   56.44270 -166.55358     3.8829    31.9780    1463.03  0.000e+00
     47.873   56.44270 -166.55358     3.8810    31.9777    1463.02  0.000e+00
     47.873   56.44270 -166.55358     3.8792    31.9764    1463.01  0.000e+00
     47.934   56.44270 -166.55358     3.8768    31.9763    1463.00  0.000e+00
     47.873   56.44270 -166.55358     3.8755    31.9771    1463.00  0.000e+00
     47.934   56.44270 -166.55358     3.8751    31.9776    1463.00  0.000e+00
     47.934   56.44270 -166.55358     3.8743    31.9769    1462.99  0.000e+00
     47.934   56.44270 -166.55358     3.8721    31.9764    1462.98  0.000e+00
     47.988   56.44270 -166.55358     3.8684    31.9757    1462.97  0.000e+00
     47.934   56.44270 -166.55358     3.8621    31.9760    1462.94  0.000e+00
     47.988   56.44270 -166.55358     3.8568    31.9766    1462.92  0.000e+00
     48.042   56.44270 -166.55358     3.8538    31.9767    1462.91  0.000e+00
     47.988   56.44270 -166.55358     3.8520    31.9757    1462.90  0.000e+00
     47.934   56.44270 -166.55358     3.8487    31.9735    1462.88  0.000e+00
     48.104   56.44270 -166.55358     3.8430    31.9725    1462.86  0.000e+00
     48.042   56.44270 -166.55358     3.8365    31.9714    1462.83  0.000e+00
     48.104   56.44270 -166.55358     3.8294    31.9699    1462.80  0.000e+00
     48.043   56.44270 -166.55358     3.8240    31.9713    1462.77  0.000e+00
     48.104   56.44270 -166.55358     3.8211    31.9734    1462.77  0.000e+00
     48.104   56.44270 -166.55358     3.8202    31.9754    1462.77  0.000e+00
     48.158   56.44270 -166.55358     3.8213    31.9772    1462.77  0.000e+00
     48.104   56.44270 -166.55358     3.8226    31.9769    1462.78  0.000e+00
     48.158   56.44270 -166.55358     3.8205    31.9750    1462.77  0.000e+00
     48.158   56.44270 -166.55358     3.8169    31.9735    1462.75  0.000e+00
     48.104   56.44270 -166.55358     3.8134    31.9733    1462.73  0.000e+00
     48.220   56.44270 -166.55358     3.8114    31.9726    1462.73  0.000e+00
     48.220   56.44270 -166.55358     3.8084    31.9709    1462.71  0.000e+00
     48.158   56.44270 -166.55358     3.8027    31.9667    1462.68  0.000e+00
     48.220   56.44270 -166.55358     3.7940    31.9646    1462.64  0.000e+00
     48.274   56.44270 -166.55358     3.7841    31.9647    1462.60  0.000e+00
     48.220   56.44270 -166.55358     3.7754    31.9628    1462.56  0.000e+00
     48.274   56.44270 -166.55358     3.7670    31.9629    1462.53  0.000e+00
     48.274   56.44270 -166.55358     3.7610    31.9657    1462.51  0.000e+00
     48.274   56.44270 -166.55358     3.7585    31.9685    1462.50  0.000e+00
     48.336   56.44270 -166.55358     3.7573    31.9686    1462.49  0.000e+00
     48.390   56.44270 -166.55358     3.7555    31.9688    1462.49  0.000e+00
     48.336   56.44270 -166.55358     3.7538    31.9663    1462.48  0.000e+00
     48.336   56.44270 -166.55358     3.7472    31.9623    1462.44  0.000e+00
     48.390   56.44270 -166.55358     3.7379    31.9616    1462.40  0.000e+00
     48.390   56.44270 -166.55358     3.7303    31.9601    1462.37  0.000e+00
     48.390   56.44270 -166.55358     3.7237    31.9600    1462.34  0.000e+00
     48.444   56.44270 -166.55358     3.7179    31.9612    1462.32  0.000e+00
     48.444   56.44270 -166.55358     3.7127    31.9627    1462.30  0.000e+00
     48.506   56.44270 -166.55358     3.7084    31.9639    1462.28  0.000e+00
     48.444   56.44270 -166.55358     3.7061    31.9648    1462.28  0.000e+00
     48.506   56.44270 -166.55358     3.7050    31.9643    1462.27  0.000e+00
     48.506   56.44270 -166.55358     3.7021    31.9633    1462.26  0.000e+00
     48.506   56.44270 -166.55358     3.6991    31.9632    1462.24  0.000e+00
     48.560   56.44270 -166.55358     3.6965    31.9631    1462.23  0.000e+00
     48.560   56.44270 -166.55358     3.6933    31.9635    1462.22  0.000e+00
     48.560   56.44270 -166.55358     3.6911    31.9637    1462.21  0.000e+00
     48.560   56.44270 -166.55358     3.6891    31.9640    1462.20  0.000e+00
     48.622   56.44270 -166.55358     3.6866    31.9639    1462.19  0.000e+00
     48.560   56.44270 -166.55358     3.6847    31.9636    1462.19  0.000e+00
     48.676   56.44270 -166.55358     3.6836    31.9631    1462.18  0.000e+00
     48.622   56.44270 -166.55358     3.6830    31.9629    1462.18  0.000e+00
     48.676   56.44270 -166.55358     3.6823    31.9628    1462.18  0.000e+00
     48.676   56.44270 -166.55358     3.6809    31.9629    1462.17  0.000e+00
     48.676   56.44270 -166.55358     3.6801    31.9631    1462.17  0.000e+00
     48.738   56.44270 -166.55358     3.6792    31.9624    1462.16  0.000e+00
     48.738   56.44270 -166.55358     3.6782    31.9627    1462.16  0.000e+00
     48.738   56.44270 -166.55358     3.6773    31.9627    1462.16  0.000e+00
     48.730   56.44270 -166.55358     3.6763    31.9627    1462.15  0.000e+00
     48.792   56.44270 -166.55358     3.6754    31.9626    1462.15  0.000e+00
     48.792   56.44270 -166.55358     3.6743    31.9627    1462.14  0.000e+00
     48.792   56.44270 -166.55358     3.6730    31.9629    1462.14  0.000e+00
     48.846   56.44270 -166.55358     3.6722    31.9625    1462.14  0.000e+00
     48.792   56.44270 -166.55358     3.6714    31.9628    1462.13  0.000e+00
     48.846   56.44270 -166.55358     3.6710    31.9626    1462.13  0.000e+00
     48.846   56.44270 -166.55358     3.6707    31.9626    1462.13  0.000e+00
     48.908   56.44270 -166.55358     3.6705    31.9628    1462.13  0.000e+00
     48.908   56.44270 -166.55358     3.6702    31.9631    1462.13  0.000e+00
     48.846   56.44270 -166.55358     3.6699    31.9630    1462.13  0.000e+00
     48.962   56.44270 -166.55358     3.6695    31.9629    1462.13  0.000e+00
     48.908   56.44270 -166.55358     3.6694    31.9633    1462.13  0.000e+00
     48.962   56.44270 -166.55358     3.6694    31.9631    1462.13  0.000e+00
     48.962   56.44270 -166.55358     3.6691    31.9629    1462.12  0.000e+00
     48.962   56.44270 -166.55358     3.6687    31.9631    1462.12  0.000e+00
     48.962   56.44270 -166.55358     3.6686    31.9629    1462.12  0.000e+00
     49.023   56.44270 -166.55358     3.6686    31.9633    1462.12  0.000e+00
     49.023   56.44270 -166.55358     3.6686    31.9633    1462.12  0.000e+00
     49.023   56.44270 -166.55358     3.6686    31.9629    1462.12  0.000e+00
     49.077   56.44270 -166.55358     3.6684    31.9635    1462.12  0.000e+00
     49.023   56.44270 -166.55358     3.6686    31.9639    1462.13  0.000e+00
     49.078   56.44270 -166.55358     3.6689    31.9637    1462.13  0.000e+00
     49.078   56.44270 -166.55358     3.6686    31.9634    1462.13  0.000e+00
     49.078   56.44270 -166.55358     3.6683    31.9632    1462.12  0.000e+00
     49.078   56.44270 -166.55358     3.6679    31.9633    1462.12  0.000e+00
     49.139   56.44270 -166.55358     3.6672    31.9633    1462.12  0.000e+00
     49.132   56.44270 -166.55358     3.6670    31.9633    1462.12  0.000e+00
     49.078   56.44270 -166.55358     3.6666    31.9633    1462.12  0.000e+00
     49.193   56.44270 -166.55358     3.6662    31.9635    1462.12  0.000e+00
     49.139   56.44270 -166.55358     3.6659    31.9636    1462.11  0.000e+00
