merge_samples_with_btl/SKQ202309T/ctd/skq202309t_006.cnv
* Sea-Bird SBE 9 Data File:
* FileName = D:\CTD\SKQ202309T\SKQ202309T_006.hex
* Software Version Seasave V 7.26.7.121
* Temperature SN = 6177
* Conductivity SN = 0369
* Number of Bytes Per Scan = 38
* Number of Voltage Words = 3
* Number of Scans Averaged by the Deck Unit = 1
* NMEA Latitude = 63 13.86 N
* NMEA Longitude = 165 38.62 W
* NMEA UTC (Time) = Jun 12 2023  07:50:19
* NMEA baud rate = 4800
** Ship: R/V Sikuliaq
** Station Number: 006
** Station Name: STN 009
** Bottom Depth: 23
** Operator: Seth Zippel
# nquan = 23
# nvalues = 4827                                  
# units = specified
# name 0 = depSM: Depth [salt water, m]
# name 1 = latitude: Latitude [deg]
# name 2 = longitude: Longitude [deg]
# name 3 = prDM: Pressure, Digiquartz [db]
# name 4 = t090C: Temperature [ITS-90, deg C]
# name 5 = t190C: Temperature, 2 [ITS-90, deg C]
# name 6 = potemp090C: Potential Temperature [ITS-90, deg C]
# name 7 = sal00: Salinity, Practical [PSU]
# name 8 = sal11: Salinity, Practical, 2 [PSU]
# name 9 = density00: Density [density, kg/m^3]
# name 10 = sigma-é00: Density [sigma-theta, kg/m^3]
# name 11 = sbox0Mm/Kg: Oxygen, SBE 43 [umol/kg]
# name 12 = sbox1Mm/Kg: Oxygen, SBE 43, 2 [umol/kg]
# name 13 = oxsolMm/Kg: Oxygen Saturation, Garcia & Gordon [umol/kg]
# name 14 = sbeox0PS: Oxygen, SBE 43 [% saturation]
# name 15 = sbeox1PS: Oxygen, SBE 43, 2 [% saturation]
# name 16 = v0: Voltage 0
# name 17 = flECO-AFL: Fluorescence, WET Labs ECO-AFL/FL [mg/m^3]
# name 18 = v1: Voltage 1
# name 19 = CStarAt0: Beam Attenuation, WET Labs C-Star [1/m]
# name 20 = scan: Scan Count
# name 21 = timeM: Time, Elapsed [minutes]
# name 22 = flag:  0.000e+00
# span 0 =      1.097,     14.739                 
# span 1 =   63.23124,   63.23136                 
# span 2 = -165.64270, -165.64250                 
# span 3 =      1.108,     14.884                 
# span 4 =    -1.0156,    12.3016                 
# span 5 =    -1.0150,    12.3850                 
# span 6 =    -1.0159,    12.3015                 
# span 7 =     9.2773,    30.5974                 
# span 8 =     9.1550,    30.6135                 
# span 9 =  1006.6546,  1024.6491                 
# span 10 =     6.6493,    24.5865                
# span 11 =    297.757,    398.098                
# span 12 =    295.620,    386.848                
# span 13 =  311.05047,  369.98031                
# span 14 =     91.607,    109.943                
# span 15 =     90.308,    105.614                
# span 16 =     0.1245,     0.4261                
# span 17 =     0.3993,     2.2088                
# span 18 =     0.3602,     4.2869                
# span 19 =     0.3785,    10.2974                
# span 20 =          1,       4827                
# span 21 =     0.0000,     3.3514                
# span 22 = 0.0000e+00, 0.0000e+00                
# interval = seconds: 0.0416667
# start_time = Jun 12 2023 07:55:11 [NMEA time, first data scan]
# bad_flag = -9.990e-29
*END*
[from data line 3465]
     14.640   63.23132 -165.64254     14.784    -1.0129    -1.0130    -1.0131    30.5831    30.5952  1024.6463    24.5749    387.360    376.347  369.96625    104.701    101.734     0.3236     1.5934     3.4237     1.2782       3466     2.4063  0.000e+00
     14.617   63.23132 -165.64254     14.760    -1.0131    -1.0128    -1.0134    30.5833    30.5952  1024.6464    24.5750    387.133    376.359  369.96856    104.639    101.738     0.3223     1.5861     3.4249     1.2767       3467     2.4069  0.000e+00
     14.617   63.23132 -165.64254     14.760    -1.0130    -1.0129    -1.0132    30.5828    30.5951  1024.6460    24.5747    387.321    376.374  369.96809    104.690    101.741     0.3223     1.5861     3.4237     1.2782       3468     2.4076  0.000e+00
     14.563   63.23132 -165.64254     14.706    -1.0131    -1.0130    -1.0134    30.5829    30.5954  1024.6458    24.5747    387.348    376.386  369.96967    104.697    101.745     0.3236     1.5934     3.4237     1.2782       3469     2.4083  0.000e+00
     14.640   63.23132 -165.64254     14.784    -1.0136    -1.0130    -1.0139    30.5834    30.5949  1024.6466    24.5751    387.127    376.405  369.97274    104.637    101.750     0.3223     1.5861     3.4151     1.2882       3470     2.4090  0.000e+00
     14.617   63.23132 -165.64254     14.760    -1.0134    -1.0129    -1.0137    30.5814    30.5948  1024.6449    24.5735    387.369    376.385  369.97681    104.701    101.744     0.3236     1.5934     3.4017     1.3039       3471     2.4097  0.000e+00
     14.617   63.23132 -165.64254     14.760    -1.0134    -1.0130    -1.0137    30.5826    30.5949  1024.6459    24.5745    387.395    376.399  369.97320    104.709    101.748     0.3223     1.5861     3.3968     1.3097       3472     2.4104  0.000e+00
     14.640   63.23132 -165.64254     14.784    -1.0138    -1.0127    -1.0140    30.5836    30.5950  1024.6468    24.5753    387.171    376.377  369.97382    104.648    101.743     0.3223     1.5861     3.3993     1.3068       3473     2.4111  0.000e+00
     14.617   63.23132 -165.64254     14.760    -1.0134    -1.0129    -1.0137    30.5833    30.5948  1024.6464    24.5750    387.151    376.617  369.97139    104.643    101.807     0.3248     1.6007     3.3993     1.3068       3474     2.4118  0.000e+00
     14.617   63.23132 -165.64254     14.760    -1.0138    -1.0128    -1.0140    30.5833    30.5946  1024.6464    24.5751    387.397    376.431  369.97474    104.709    101.757     0.3297     1.6300     3.3993     1.3068       3475     2.4125  0.000e+00
     14.640   63.23132 -165.64254     14.784    -1.0138    -1.0127    -1.0140    30.5835    30.5942  1024.6467    24.5752    387.382    376.638  369.97418    104.705    101.813     0.3297     1.6300     3.3993     1.3068       3476     2.4132  0.000e+00
     14.617   63.23132 -165.64254     14.760    -1.0134    -1.0127    -1.0137    30.5835    30.5944  1024.6465    24.5752    387.408    376.643  369.97079    104.713    101.814     0.3309     1.6373     3.3993     1.3068       3477     2.4139  0.000e+00
     14.617   63.23132 -165.64254     14.760    -1.0133    -1.0128    -1.0135    30.5836    30.5946  1024.6466    24.5753    387.438    376.452  369.96875    104.722    101.762     0.3297     1.6300     3.3993     1.3068       3478     2.4146  0.000e+00
     14.640   63.23132 -165.64254     14.784    -1.0130    -1.0127    -1.0133    30.5837    30.5950  1024.6468    24.5754    387.417    376.424  369.96548    104.717    101.755     0.3297     1.6300     3.3980     1.3083       3479     2.4153  0.000e+00
     14.617   63.23132 -165.64254     14.760    -1.0125    -1.0128    -1.0128    30.5838    30.5953  1024.6468    24.5755    387.184    376.654  369.96069    104.655    101.818     0.3284     1.6227     3.3993     1.3068       3480     2.4160  0.000e+00
     14.617   63.23132 -165.64254     14.760    -1.0130    -1.0127    -1.0132    30.5837    30.5946  1024.6467    24.5754    387.124    376.461  369.96556    104.638    101.765     0.3297     1.6300     3.3993     1.3068       3481     2.4167  0.000e+00
     14.679   63.23132 -165.64254     14.823    -1.0133    -1.0129    -1.0135    30.5838    30.5944  1024.6471    24.5755    387.370    376.469  369.96802    104.704    101.767     0.3309     1.6373     3.3993     1.3068       3482     2.4174  0.000e+00
     14.586   63.23132 -165.64254     14.729    -1.0136    -1.0128    -1.0139    30.5841    30.5947  1024.6469    24.5757    387.145    376.466  369.97073    104.642    101.766     0.3297     1.6300     3.3993     1.3068       3483     2.4181  0.000e+00
     14.617   63.23132 -165.64254     14.760    -1.0136    -1.0128    -1.0139    30.5840    30.5947  1024.6470    24.5757    386.932    376.470  369.97090    104.585    101.767     0.3309     1.6373     3.3993     1.3068       3484     2.4188  0.000e+00
     14.679   63.23132 -165.64254     14.823    -1.0139    -1.0130    -1.0142    30.5846    30.5950  1024.6478    24.5762    387.174    376.477  369.97191    104.649    101.769     0.3297     1.6300     3.3993     1.3068       3485     2.4194  0.000e+00
     14.640   63.23132 -165.64254     14.784    -1.0134    -1.0127    -1.0137    30.5847    30.5948  1024.6476    24.5762    387.194    376.442  369.96734    104.656    101.760     0.3297     1.6300     3.3993     1.3068       3486     2.4201  0.000e+00
     14.617   63.23132 -165.64254     14.760    -1.0125    -1.0130    -1.0128    30.5844    30.5953  1024.6472    24.5759    387.261    376.412  369.95913    104.677    101.752     0.3297     1.6300     3.3993     1.3068       3487     2.4208  0.000e+00
     14.617   63.23132 -165.64254     14.760    -1.0121    -1.0132    -1.0123    30.5844    30.5956  1024.6473    24.5760    387.235    376.381  369.95438    104.671    101.743     0.3309     1.6373     3.3993     1.3068       3488     2.4215  0.000e+00
     14.702   63.23132 -165.64254     14.846    -1.0122    -1.0128    -1.0125    30.5845    30.5957  1024.6477    24.5760    387.269    376.347  369.95544    104.680    101.735     0.3297     1.6300     3.3993     1.3068       3489     2.4222  0.000e+00
     14.617   63.23132 -165.64254     14.760    -1.0122    -1.0132    -1.0125    30.5837    30.5958  1024.6466    24.5753    387.039    376.344  369.95834    104.617    101.733     0.3297     1.6300     3.4054     1.2996       3490     2.4229  0.000e+00
     14.617   63.23132 -165.64254     14.760    -1.0124    -1.0130    -1.0127    30.5836    30.5957  1024.6466    24.5753    387.280    376.340  369.96026    104.681    101.732     0.3284     1.6227     3.4249     1.2767       3491     2.4236  0.000e+00
     14.679   63.23132 -165.64254     14.823    -1.0130    -1.0130    -1.0133    30.5837    30.5952  1024.6470    24.5754    387.319    376.114  369.96554    104.691    101.671     0.3297     1.6300     3.4310     1.2696       3492     2.4243  0.000e+00
     14.640   63.23132 -165.64254     14.784    -1.0130    -1.0130    -1.0133    30.5833    30.5955  1024.6465    24.5750    387.349    376.274  369.96680    104.698    101.715     0.3309     1.6373     3.4310     1.2696       3493     2.4250  0.000e+00
     14.617   63.23132 -165.64254     14.760    -1.0131    -1.0132    -1.0134    30.5837    30.5957  1024.6467    24.5754    387.635    376.272  369.96736    104.775    101.714     0.3297     1.6300     3.4298     1.2710       3494     2.4257  0.000e+00
     14.679   63.23132 -165.64254     14.823    -1.0133    -1.0130    -1.0136    30.5841    30.5954  1024.6474    24.5758    387.458    376.271  369.96769    104.728    101.714     0.3297     1.6300     3.4298     1.2710       3495     2.4264  0.000e+00
     14.640   63.23132 -165.64254     14.784    -1.0133    -1.0130    -1.0135    30.5839    30.5955  1024.6470    24.5756    387.484    376.266  369.96771    104.735    101.712     0.3297     1.6300     3.4298     1.2710       3496     2.4271  0.000e+00
     14.679   63.23132 -165.64254     14.823    -1.0134    -1.0132    -1.0137    30.5843    30.5953  1024.6475    24.5759    387.515    376.268  369.96849    104.743    101.712     0.3309     1.6373     3.4298     1.2710       3497     2.4278  0.000e+00
     14.617   63.23132 -165.64254     14.760    -1.0130    -1.0128    -1.0132    30.5840    30.5952  1024.6469    24.5756    387.585    376.032  369.96472    104.763    101.649     0.3297     1.6300     3.4298     1.2710       3498     2.4285  0.000e+00
     14.640   63.23132 -165.64254     14.784    -1.0130    -1.0130    -1.0133    30.5843    30.5952  1024.6473    24.5759    388.128    376.230  369.96380    104.910    101.702     0.3309     1.6373     3.4298     1.2710       3499     2.4292  0.000e+00
     14.617   63.23132 -165.64254     14.761    -1.0129    -1.0130    -1.0131    30.5837    30.5951  1024.6467    24.5754    387.737    376.227  369.96440    104.804    101.702     0.3333     1.6520     3.4298     1.2710       3500     2.4299  0.000e+00
     14.679   63.23132 -165.64254     14.823    -1.0134    -1.0128    -1.0137    30.5839    30.5946  1024.6471    24.5755    387.979    376.229  369.96969    104.868    101.702     0.3370     1.6740     3.4298     1.2710       3501     2.4306  0.000e+00
     14.640   63.23132 -165.64254     14.784    -1.0130    -1.0129    -1.0133    30.5831    30.5946  1024.6463    24.5749    388.043    376.226  369.96728    104.886    101.701     0.3358     1.6667     3.4310     1.2696       3502     2.4312  0.000e+00
     14.617   63.23132 -165.64254     14.761    -1.0134    -1.0128    -1.0137    30.5833    30.5949  1024.6464    24.5751    387.602    376.222  369.97127    104.765    101.701     0.3358     1.6667     3.4298     1.2710       3503     2.4319  0.000e+00
     14.679   63.23132 -165.64254     14.823    -1.0134    -1.0128    -1.0137    30.5835    30.5946  1024.6469    24.5753    387.785    375.997  369.97065    104.815    101.640     0.3358     1.6667     3.4298     1.2710       3504     2.4326  0.000e+00
     14.617   63.23132 -165.64254     14.761    -1.0131    -1.0125    -1.0134    30.5839    30.5943  1024.6469    24.5755    387.747    376.188  369.96676    104.806    101.692     0.3358     1.6667     3.4298     1.2710       3505     2.4333  0.000e+00
     14.702   63.23132 -165.64254     14.846    -1.0127    -1.0130    -1.0130    30.5840    30.5950  1024.6473    24.5756    388.021    376.196  369.96203    104.881    101.693     0.3370     1.6740     3.4298     1.2710       3506     2.4340  0.000e+00
     14.617   63.23134 -165.64254     14.761    -1.0117    -1.0129    -1.0120    30.5844    30.5954  1024.6472    24.5759    388.017    376.189  369.95103    104.883    101.692     0.3358     1.6667     3.4298     1.2710       3507     2.4347  0.000e+00
     14.617   63.23134 -165.64254     14.761    -1.0111    -1.0130    -1.0114    30.5842    30.5950  1024.6471    24.5758    387.814    375.964  369.94585    104.830    101.630     0.3370     1.6740     3.4298     1.2710       3508     2.4354  0.000e+00
     14.702   63.23134 -165.64254     14.846    -1.0113    -1.0128    -1.0116    30.5841    30.5947  1024.6474    24.5757    387.833    375.937  369.94791    104.834    101.623     0.3358     1.6667     3.4298     1.2710       3509     2.4361  0.000e+00
     14.617   63.23134 -165.64254     14.761    -1.0113    -1.0127    -1.0115    30.5833    30.5948  1024.6464    24.5750    388.049    375.903  369.94965    104.892    101.614     0.3370     1.6740     3.4286     1.2725       3510     2.4368  0.000e+00
     14.679   63.23134 -165.64254     14.823    -1.0113    -1.0130    -1.0116    30.5834    30.5953  1024.6467    24.5751    388.108    375.881  369.94991    104.908    101.608     0.3358     1.6667     3.4188     1.2839       3511     2.4375  0.000e+00
     14.640   63.23134 -165.64254     14.784    -1.0107    -1.0128    -1.0110    30.5833    30.5952  1024.6464    24.5750    387.590    375.851  369.94403    104.770    101.601     0.3370     1.6740     3.4139     1.2896       3512     2.4382  0.000e+00
     14.679   63.23134 -165.64254     14.823    -1.0107    -1.0129    -1.0110    30.5835    30.5945  1024.6467    24.5751    387.756    375.831  369.94361    104.815    101.594     0.3358     1.6667     3.4127     1.2910       3513     2.4389  0.000e+00
     14.617   63.23134 -165.64254     14.761    -1.0101    -1.0127    -1.0103    30.5826    30.5949  1024.6457    24.5744    387.752    375.770  369.93985    104.815    101.578     0.3358     1.6667     3.4139     1.2896       3514     2.4396  0.000e+00
     14.679   63.23134 -165.64254     14.823    -1.0107    -1.0127    -1.0110    30.5823    30.5952  1024.6458    24.5742    388.024    375.749  369.94686    104.886    101.573     0.3358     1.6667     3.4139     1.2896       3515     2.4403  0.000e+00
     14.586   63.23134 -165.64254     14.729    -1.0116    -1.0127    -1.0119    30.5825    30.5946  1024.6456    24.5744    388.030    375.724  369.95536    104.886    101.566     0.3358     1.6667     3.4139     1.2896       3516     2.4410  0.000e+00
     14.679   63.23134 -165.64254     14.823    -1.0123    -1.0128    -1.0126    30.5828    30.5945  1024.6462    24.5746    388.089    375.709  369.96201    104.900    101.562     0.3370     1.6740     3.4139     1.2896       3517     2.4417  0.000e+00
     14.679   63.23134 -165.64254     14.823    -1.0121    -1.0125    -1.0123    30.5828    30.5943  1024.6462    24.5746    388.129    375.687  369.95918    104.911    101.556     0.3358     1.6667     3.4139     1.2896       3518     2.4424  0.000e+00
     14.640   63.23134 -165.64254     14.784    -1.0113    -1.0127    -1.0116    30.5818    30.5947  1024.6452    24.5738    388.113    375.895  369.95466    104.908    101.612     0.3358     1.6667     3.4139     1.2896       3519     2.4431  0.000e+00
     14.617   63.23134 -165.64254     14.761    -1.0113    -1.0125    -1.0116    30.5817    30.5946  1024.6450    24.5737    387.637    375.905  369.95498    104.780    101.615     0.3358     1.6667     3.4139     1.2896       3520     2.4438  0.000e+00
     14.679   63.23134 -165.64254     14.823    -1.0119    -1.0127    -1.0122    30.5824    30.5946  1024.6459    24.5743    388.102    375.924  369.95858    104.904    101.620     0.3370     1.6740     3.4139     1.2896       3521     2.4444  0.000e+00
     14.640   63.23134 -165.64254     14.784    -1.0121    -1.0125    -1.0123    30.5826    30.5946  1024.6459    24.5744    388.090    375.933  369.95983    104.901    101.623     0.3346     1.6593     3.4139     1.2896       3522     2.4451  0.000e+00
     14.617   63.23134 -165.64254     14.761    -1.0125    -1.0125    -1.0128    30.5831    30.5944  1024.6462    24.5749    387.820    375.750  369.96274    104.827    101.573     0.3370     1.6740     3.4139     1.2896       3523     2.4458  0.000e+00
     14.679   63.23134 -165.64254     14.823    -1.0125    -1.0127    -1.0128    30.5831    30.5949  1024.6465    24.5749    388.064    375.738  369.96272    104.893    101.570     0.3358     1.6667     3.4139     1.2896       3524     2.4465  0.000e+00
     14.641   63.23134 -165.64254     14.784    -1.0130    -1.0127    -1.0133    30.5834    30.5944  1024.6466    24.5751    388.096    375.756  369.96644    104.900    101.574     0.3346     1.6593     3.4139     1.2896       3525     2.4472  0.000e+00
     14.617   63.23134 -165.64254     14.761    -1.0130    -1.0125    -1.0132    30.5831    30.5947  1024.6462    24.5749    388.124    375.772  369.96725    104.908    101.579     0.3309     1.6373     3.4127     1.2910       3526     2.4479  0.000e+00
     14.679   63.23134 -165.64254     14.823    -1.0133    -1.0129    -1.0136    30.5832    30.5948  1024.6466    24.5750    388.157    375.770  369.97058    104.916    101.578     0.3321     1.6447     3.4139     1.2896       3527     2.4486  0.000e+00
