merge_samples_with_btl/SKQ202309T/ctd/skq202309t_004.ros
* Sea-Bird SBE 9 Data File:
* FileName = D:\CTD\SKQ202309T\SKQ202309T_004.hex
* Software Version Seasave V 7.26.7.121
* Temperature SN = 6177
* Conductivity SN = 0369
* Number of Bytes Per Scan = 38
* Number of Voltage Words = 3
* Number of Scans Averaged by the Deck Unit = 1
* NMEA Latitude = 60 30.69 N
* NMEA Longitude = 168 26.21 W
* NMEA UTC (Time) = Jun 11 2023  07:16:30
* NMEA baud rate = 4800
** Ship: R/V Sikuliaq
** Station Number: 004
** Station Name: STN 006
** Bottom Depth: 35
** Operator: Emelia Chamberlain
# nquan = 21
# nvalues = 980                                   
# units = specified
# name 0 = depSM: Depth [salt water, m]
# name 1 = latitude: Latitude [deg]
# name 2 = longitude: Longitude [deg]
# name 3 = prDM: Pressure, Digiquartz [db]
# name 4 = t090C: Temperature [ITS-90, deg C]
# name 5 = t190C: Temperature, 2 [ITS-90, deg C]
# name 6 = potemp090C: Potential Temperature [ITS-90, deg C]
# name 7 = sal00: Salinity, Practical [PSU]
# name 8 = sal11: Salinity, Practical, 2 [PSU]
# name 9 = density00: Density [density, kg/m^3]
# name 10 = sigma-é00: Density [sigma-theta, kg/m^3]
# name 11 = sbox0Mm/Kg: Oxygen, SBE 43 [umol/kg]
# name 12 = sbox1Mm/Kg: Oxygen, SBE 43, 2 [umol/kg]
# name 13 = oxsolMm/Kg: Oxygen Saturation, Garcia & Gordon [umol/kg]
# name 14 = sbeox0PS: Oxygen, SBE 43 [% saturation]
# name 15 = v0: Voltage 0
# name 16 = flECO-AFL: Fluorescence, WET Labs ECO-AFL/FL [mg/m^3]
# name 17 = CStarAt0: Beam Attenuation, WET Labs C-Star [1/m]
# name 18 = scan: Scan Count
# name 19 = nbf: Bottles Fired
# name 20 = flag:  0.000e+00
# interval = seconds: 0.0416667
# start_time = Jun 11 2023 07:21:43 [NMEA time, first data scan]
# bad_flag = -9.990e-29
*END*
[from data line 414]
     20.300   60.51266 -168.43870     20.495     0.7996     0.7985     0.7989    29.9139    29.9252  1024.0655    23.9676    376.707    363.135  354.52902    106.256     0.3040     1.4762     0.7571      12438          9  0.000e+00
     20.284   60.51266 -168.43870     20.479     0.7998     0.7986     0.7991    29.9139    29.9248  1024.0655    23.9676    376.473    363.144  354.52747    106.190     0.3028     1.4688     0.7571      12439          9  0.000e+00
     20.300   60.51266 -168.43870     20.495     0.7998     0.7985     0.7991    29.9141    29.9250  1024.0657    23.9677    376.438    363.154  354.52706    106.180     0.3028     1.4688     0.7571      12440          9  0.000e+00
     20.223   60.51266 -168.43870     20.417     0.7998     0.7985     0.7991    29.9139    29.9251  1024.0652    23.9675    376.398    363.159  354.52749    106.169     0.3028     1.4688     0.7571      12441          9  0.000e+00
     20.284   60.51266 -168.43870     20.479     0.7998     0.7984     0.7991    29.9139    29.9252  1024.0654    23.9675    376.603    363.173  354.52769    106.227     0.3028     1.4688     0.7571      12442          9  0.000e+00
     20.300   60.51266 -168.43870     20.495     0.7998     0.7984     0.7991    29.9140    29.9249  1024.0656    23.9676    376.363    362.969  354.52717    106.159     0.3028     1.4688     0.7571      12443          9  0.000e+00
     20.284   60.51266 -168.43870     20.479     0.7996     0.7985     0.7989    29.9141    29.9249  1024.0656    23.9677    376.364    363.164  354.52867    106.159     0.3004     1.4542     0.7571      12444          9  0.000e+00
     20.300   60.51266 -168.43870     20.495     0.7994     0.7982     0.7987    29.9144    29.9253  1024.0659    23.9679    376.278    362.963  354.52935    106.135     0.3016     1.4615     0.7396      12445          9  0.000e+00
     20.284   60.51266 -168.43870     20.479     0.7996     0.7984     0.7989    29.9141    29.9250  1024.0656    23.9677    376.273    363.160  354.52867    106.133     0.3004     1.4542     0.7247      12446          9  0.000e+00
     20.246   60.51266 -168.43870     20.440     0.7993     0.7984     0.7986    29.9143    29.9254  1024.0656    23.9679    376.270    362.954  354.53054    106.132     0.3016     1.4615     0.7234      12447          9  0.000e+00
     20.285   60.51266 -168.43870     20.479     0.7994     0.7986     0.7987    29.9144    29.9248  1024.0658    23.9679    376.267    362.940  354.52932    106.131     0.3004     1.4542     0.7234      12448          9  0.000e+00
     20.285   60.51266 -168.43870     20.479     0.7992     0.7982     0.7985    29.9147    29.9255  1024.0661    23.9682    376.222    363.143  354.53103    106.118     0.3004     1.4542     0.7247      12449          9  0.000e+00
     20.300   60.51266 -168.43870     20.495     0.7993     0.7984     0.7986    29.9141    29.9255  1024.0657    23.9677    376.458    362.942  354.53105    106.185     0.3004     1.4542     0.7247      12450          9  0.000e+00
     20.285   60.51266 -168.43870     20.480     0.7996     0.7984     0.7989    29.9139    29.9253  1024.0655    23.9676    376.249    362.929  354.52900    106.126     0.3004     1.4542     0.7247      12451          9  0.000e+00
     20.300   60.51266 -168.43870     20.495     0.7994     0.7985     0.7987    29.9142    29.9250  1024.0657    23.9678    376.725    362.917  354.52989    106.260     0.3016     1.4615     0.7247      12452          9  0.000e+00
     20.285   60.51266 -168.43870     20.480     0.7998     0.7985     0.7991    29.9139    29.9250  1024.0654    23.9675    376.314    362.906  354.52769    106.145     0.3004     1.4542     0.7247      12453          9  0.000e+00
     20.246   60.51266 -168.43870     20.441     0.7996     0.7984     0.7989    29.9140    29.9252  1024.0654    23.9676    376.303    362.897  354.52872    106.142     0.3016     1.4615     0.7247      12454          9  0.000e+00
     20.285   60.51266 -168.43872     20.480     0.7998     0.7986     0.7991    29.9134    29.9254  1024.0650    23.9671    376.294    362.887  354.52889    106.139     0.3004     1.4542     0.7247      12455          9  0.000e+00
     20.285   60.51266 -168.43872     20.480     0.7996     0.7985     0.7989    29.9137    29.9252  1024.0653    23.9674    376.525    362.882  354.52965    106.204     0.3016     1.4615     0.7247      12456          9  0.000e+00
     20.300   60.51266 -168.43872     20.495     0.7998     0.7984     0.7991    29.9138    29.9254  1024.0654    23.9674    376.313    362.878  354.52793    106.145     0.3004     1.4542     0.7247      12457          9  0.000e+00
     20.223   60.51266 -168.43872     20.417     0.7998     0.7985     0.7991    29.9137    29.9251  1024.0649    23.9673    376.538    362.869  354.52825    106.208     0.3004     1.4542     0.7247      12458          9  0.000e+00
     20.300   60.51266 -168.43872     20.495     0.7996     0.7986     0.7989    29.9141    29.9250  1024.0657    23.9677    376.570    362.869  354.52847    106.217     0.3004     1.4542     0.7247      12459          9  0.000e+00
     20.285   60.51266 -168.43872     20.480     0.7998     0.7984     0.7991    29.9139    29.9252  1024.0654    23.9675    376.354    362.868  354.52758    106.156     0.3004     1.4542     0.7247      12460          9  0.000e+00
     20.246   60.51266 -168.43872     20.441     0.7996     0.7986     0.7989    29.9138    29.9247  1024.0652    23.9675    376.579    362.863  354.52927    106.219     0.3016     1.4615     0.7247      12461          9  0.000e+00
     20.285   60.51266 -168.43872     20.480     0.7998     0.7984     0.7991    29.9138    29.9253  1024.0653    23.9674    376.363    362.838  354.52791    106.159     0.3004     1.4542     0.7247      12462          9  0.000e+00
     20.285   60.51266 -168.43872     20.480     0.7994     0.7985     0.7987    29.9142    29.9251  1024.0657    23.9678    376.348    362.809  354.52987    106.154     0.3016     1.4615     0.7247      12463          9  0.000e+00
     20.246   60.51266 -168.43872     20.441     0.7994     0.7985     0.7988    29.9140    29.9253  1024.0653    23.9676    376.570    362.778  354.53036    106.216     0.3004     1.4542     0.7247      12464          9  0.000e+00
     20.343   60.51268 -168.43874     20.538     0.7982     0.7990     0.7975    29.9139    29.9248  1024.0658    23.9676    376.386    363.694  354.54177    106.161     0.2686     1.2637     0.7197      12697         10  0.000e+00
     20.366   60.51268 -168.43874     20.562     0.7980     0.7990     0.7974    29.9141    29.9251  1024.0661    23.9678    376.651    363.861  354.54278    106.236     0.2796     1.3297     0.7184      12698         10  0.000e+00
     20.289   60.51268 -168.43874     20.484     0.7980     0.7988     0.7974    29.9144    29.9247  1024.0659    23.9680    376.427    364.082  354.54213    106.173     0.2882     1.3809     0.7197      12699         10  0.000e+00
     20.304   60.51268 -168.43874     20.499     0.7980     0.7990     0.7974    29.9144    29.9250  1024.0660    23.9680    376.451    364.116  354.54193    106.179     0.2906     1.3956     0.7184      12700         10  0.000e+00
     20.343   60.51268 -168.43874     20.538     0.7982     0.7991     0.7975    29.9138    29.9251  1024.0657    23.9675    376.433    364.065  354.54209    106.174     0.2906     1.3956     0.7197      12701         10  0.000e+00
     20.289   60.51268 -168.43874     20.484     0.7980     0.7991     0.7974    29.9141    29.9248  1024.0657    23.9678    376.412    364.039  354.54278    106.168     0.2906     1.3956     0.7197      12702         10  0.000e+00
     20.366   60.51268 -168.43874     20.562     0.7980     0.7991     0.7974    29.9139    29.9249  1024.0659    23.9676    376.397    364.072  354.54333    106.164     0.2906     1.3956     0.7197      12703         10  0.000e+00
     20.289   60.51268 -168.43874     20.484     0.7980     0.7990     0.7974    29.9141    29.9250  1024.0657    23.9678    376.418    364.099  354.54289    106.170     0.2894     1.3883     0.7197      12704         10  0.000e+00
     20.366   60.51268 -168.43874     20.562     0.7980     0.7991     0.7974    29.9139    29.9248  1024.0659    23.9676    376.885    364.131  354.54333    106.302     0.2906     1.3956     0.7197      12705         10  0.000e+00
     20.289   60.51268 -168.43874     20.484     0.7979     0.7991     0.7973    29.9142    29.9248  1024.0658    23.9678    376.464    363.514  354.54362    106.183     0.2894     1.3883     0.7197      12706         10  0.000e+00
     20.304   60.51268 -168.43874     20.500     0.7979     0.7990     0.7973    29.9145    29.9252  1024.0661    23.9681    376.487    363.838  354.54287    106.189     0.2906     1.3956     0.7209      12707         10  0.000e+00
     20.343   60.51268 -168.43874     20.539     0.7979     0.7991     0.7973    29.9143    29.9251  1024.0661    23.9679    376.666    364.001  354.54326    106.240     0.2894     1.3883     0.7371      12708         10  0.000e+00
     20.289   60.51268 -168.43874     20.484     0.7976     0.7988     0.7969    29.9144    29.9252  1024.0660    23.9680    376.490    364.003  354.54612    106.189     0.2906     1.3956     0.7446      12709         10  0.000e+00
     20.305   60.51268 -168.43874     20.500     0.7977     0.7990     0.7970    29.9144    29.9250  1024.0661    23.9681    376.468    363.602  354.54498    106.184     0.2894     1.3883     0.7458      12710         10  0.000e+00
     20.343   60.51268 -168.43874     20.539     0.7978     0.7986     0.7971    29.9144    29.9253  1024.0662    23.9680    376.449    363.583  354.54457    106.178     0.2906     1.3956     0.7446      12711         10  0.000e+00
     20.305   60.51268 -168.43874     20.500     0.7978     0.7991     0.7971    29.9146    29.9250  1024.0662    23.9682    376.469    363.741  354.54397    106.184     0.2906     1.3956     0.7446      12712         10  0.000e+00
     20.289   60.51268 -168.43874     20.484     0.7978     0.7996     0.7971    29.9145    29.9242  1024.0660    23.9681    376.449    363.901  354.54427    106.178     0.2894     1.3883     0.7446      12713         10  0.000e+00
     20.305   60.51268 -168.43874     20.500     0.7979     0.7997     0.7973    29.9145    29.9243  1024.0661    23.9681    376.429    363.902  354.54288    106.173     0.2906     1.3956     0.7446      12714         10  0.000e+00
     20.343   60.51268 -168.43874     20.539     0.7978     0.7996     0.7971    29.9144    29.9246  1024.0662    23.9681    376.414    363.720  354.54446    106.168     0.2906     1.3956     0.7446      12715         10  0.000e+00
     20.289   60.51268 -168.43874     20.484     0.7978     0.7995     0.7971    29.9148    29.9243  1024.0663    23.9684    376.391    363.937  354.54340    106.162     0.2906     1.3956     0.7446      12716         10  0.000e+00
     20.305   60.51268 -168.43874     20.500     0.7980     0.7990     0.7974    29.9143    29.9246  1024.0659    23.9679    376.371    363.544  354.54237    106.157     0.2894     1.3883     0.7446      12717         10  0.000e+00
     20.289   60.51268 -168.43874     20.484     0.7982     0.7986     0.7975    29.9146    29.9254  1024.0661    23.9682    376.348    363.495  354.53995    106.151     0.2906     1.3956     0.7446      12718         10  0.000e+00
     20.305   60.51268 -168.43874     20.500     0.7982     0.7985     0.7975    29.9142    29.9254  1024.0658    23.9678    376.330    363.606  354.54106    106.146     0.2894     1.3883     0.7446      12719         10  0.000e+00
     20.289   60.51268 -168.43874     20.484     0.7985     0.7986     0.7979    29.9139    29.9252  1024.0655    23.9676    376.395    363.366  354.53885    106.165     0.2906     1.3956     0.7446      12720         10  0.000e+00
     20.305   60.51268 -168.43874     20.500     0.7987     0.7986     0.7980    29.9140    29.9253  1024.0657    23.9676    376.378    363.559  354.53702    106.160     0.2906     1.3956     0.7446      12721         10  0.000e+00
     20.289   60.51268 -168.43874     20.484     0.7987     0.7985     0.7980    29.9140    29.9254  1024.0656    23.9677    376.361    363.781  354.53689    106.156     0.2894     1.3883     0.7446      12722         10  0.000e+00
     20.289   60.51268 -168.43874     20.484     0.7988     0.7985     0.7981    29.9137    29.9254  1024.0654    23.9674    376.345    363.572  354.53671    106.151     0.2943     1.4176     0.7446      12723         10  0.000e+00
     20.305   60.51268 -168.43874     20.500     0.7985     0.7986     0.7979    29.9141    29.9252  1024.0658    23.9678    376.332    363.365  354.53811    106.147     0.3089     1.5055     0.7446      12724         10  0.000e+00
     20.289   60.51268 -168.43874     20.484     0.7988     0.7984     0.7981    29.9135    29.9255  1024.0652    23.9673    376.314    363.562  354.53725    106.142     0.3162     1.5494     0.7446      12725         10  0.000e+00
     20.305   60.51268 -168.43874     20.500     0.7985     0.7985     0.7979    29.9139    29.9254  1024.0656    23.9676    376.301    363.758  354.53888    106.138     0.3162     1.5494     0.7446      12726         10  0.000e+00
     20.290   60.51268 -168.43874     20.484     0.7985     0.7986     0.7979    29.9138    29.9253  1024.0654    23.9675    376.285    363.792  354.53918    106.134     0.3150     1.5421     0.7446      12727         10  0.000e+00
     20.251   60.51268 -168.43874     20.446     0.7984     0.7988     0.7977    29.9139    29.9254  1024.0653    23.9676    376.225    363.610  354.54043    106.116     0.3138     1.5348     0.7359      12728         10  0.000e+00
     20.290   60.51268 -168.43874     20.485     0.7982     0.7986     0.7975    29.9142    29.9254  1024.0658    23.9678    376.211    363.353  354.54104    106.112     0.3150     1.5421     0.7296      12729         10  0.000e+00
     20.290   60.51268 -168.43874     20.485     0.7980     0.7988     0.7974    29.9148    29.9255  1024.0663    23.9684    376.434    363.492  354.54082    106.175     0.3162     1.5494     0.7284      12730         10  0.000e+00
     20.305   60.51268 -168.43874     20.500     0.7980     0.7991     0.7974    29.9148    29.9252  1024.0663    23.9683    376.217    363.713  354.54106    106.114     0.3150     1.5421     0.7296      12731         10  0.000e+00
     20.290   60.51268 -168.43874     20.485     0.7982     0.7991     0.7975    29.9145    29.9251  1024.0660    23.9681    376.196    363.749  354.54016    106.108     0.3162     1.5494     0.7296      12732         10  0.000e+00
     20.251   60.51268 -168.43874     20.446     0.7980     0.7991     0.7974    29.9143    29.9251  1024.0657    23.9679    376.221    363.783  354.54229    106.114     0.3150     1.5421     0.7296      12733         10  0.000e+00
     20.290   60.51268 -168.43874     20.485     0.7982     0.7995     0.7975    29.9142    29.9246  1024.0658    23.9678    376.247    363.177  354.54104    106.122     0.3150     1.5421     0.7296      12734         10  0.000e+00
     20.251   60.51268 -168.43874     20.446     0.7982     0.7993     0.7975    29.9145    29.9247  1024.0658    23.9681    376.273    363.349  354.54022    106.130     0.3150     1.5421     0.7296      12735         10  0.000e+00
     20.290   60.51268 -168.43874     20.485     0.7984     0.7993     0.7977    29.9144    29.9246  1024.0659    23.9680    376.259    363.552  354.53907    106.126     0.3150     1.5421     0.7296      12736         10  0.000e+00
     20.228   60.51268 -168.43874     20.422     0.7985     0.7995     0.7979    29.9142    29.9245  1024.0655    23.9678    376.481    363.350  354.53789    106.189     0.3138     1.5348     0.7296      12737         10  0.000e+00
