merge_samples_with_btl/SKQ202309T/ctd/skq202309t_002avg.cnv
* Sea-Bird SBE 9 Data File:
* FileName = D:\CTD\SKQ202309T\SKQ202309T_002.hex
* Software Version Seasave V 7.26.7.121
* Temperature SN = 6177
* Conductivity SN = 0369
* Number of Bytes Per Scan = 38
* Number of Voltage Words = 3
* Number of Scans Averaged by the Deck Unit = 1
* NMEA Latitude = 54 25.07 N
* NMEA Longitude = 165 12.78 W
* NMEA UTC (Time) = Jun 09 2023  15:02:10
* NMEA baud rate = 4800
** Ship: R/V Sikuliaq
** Station Number: 002
** Station Name: STN002
** Bottom Depth: 177
** Operator: SZ
# nquan = 24
# nvalues = 169                         
# units = specified
# name 0 = depSM: Depth [salt water, m]
# name 1 = latitude: Latitude [deg]
# name 2 = longitude: Longitude [deg]
# name 3 = prDM: Pressure, Digiquartz [db]
# name 4 = t090C: Temperature [ITS-90, deg C]
# name 5 = t190C: Temperature, 2 [ITS-90, deg C]
# name 6 = potemp090C: Potential Temperature [ITS-90, deg C]
# name 7 = sal00: Salinity, Practical [PSU]
# name 8 = sal11: Salinity, Practical, 2 [PSU]
# name 9 = density00: Density [density, kg/m^3]
# name 10 = sigma-é00: Density [sigma-theta, kg/m^3]
# name 11 = sbox0Mm/Kg: Oxygen, SBE 43 [umol/kg]
# name 12 = sbox1Mm/Kg: Oxygen, SBE 43, 2 [umol/kg]
# name 13 = oxsolMm/Kg: Oxygen Saturation, Garcia & Gordon [umol/kg]
# name 14 = sbeox0PS: Oxygen, SBE 43 [% saturation]
# name 15 = sbeox1PS: Oxygen, SBE 43, 2 [% saturation]
# name 16 = v0: Voltage 0
# name 17 = flECO-AFL: Fluorescence, WET Labs ECO-AFL/FL [mg/m^3]
# name 18 = v1: Voltage 1
# name 19 = CStarAt0: Beam Attenuation, WET Labs C-Star [1/m]
# name 20 = scan: Scan Count
# name 21 = timeM: Time, Elapsed [minutes]
# name 22 = nbin: number of scans per bin
# name 23 = flag: flag
# span 0 =      1.982,    168.407       
# span 1 =   54.41784,   54.41805       
# span 2 = -165.21339, -165.21313       
# span 3 =      2.000,    170.000       
# span 4 =     4.4403,     5.3959       
# span 5 =     4.4401,     5.3992       
# span 6 =     4.4284,     5.3951       
# span 7 =    32.2327,    33.0745       
# span 8 =    32.2435,    33.0852       
# span 9 =  1025.4507,  1026.9987       
# span 10 =    25.4403,    26.2108      
# span 11 =    233.073,    303.301      
# span 12 =    226.277,    295.738      
# span 13 =  310.79909,  316.02722      
# span 14 =     73.753,     97.511      
# span 15 =     71.608,     95.086      
# span 16 =     0.0842,     0.2326      
# span 17 =     0.1574,     1.0475      
# span 18 =     4.4279,     4.6024      
# span 19 =     0.0944,     0.2498      
# span 20 =        952,      15667      
# span 21 =     0.6603,    10.8794      
# span 22 =         37,       1533      
# span 23 = 0.0000e+00, 0.0000e+00      
# interval = decibars: 1                
# start_time = Jun 09 2023 15:06:35 [NMEA time, first data scan]
# bad_flag = -9.990e-29
*END*
[from data line 61]
     62.426   54.41786 -165.21316     63.000     5.1538     5.1536     5.1492    32.3347    32.3456  1025.8383    25.5462    293.453    285.704  312.41725     93.930     91.456     0.2083     0.9020     4.4694     0.2118       5753     3.9944         47 0.0000e+00
     63.416   54.41786 -165.21316     64.000     5.1436     5.1455     5.1388    32.3447    32.3534  1025.8520    25.5552    293.299    284.594  312.46993     93.865     91.089     0.1909     0.7972     4.4760     0.2058       5800     4.0268         44 0.0000e+00
     64.407   54.41786 -165.21316     65.000     5.1302     5.1324     5.1254    32.3587    32.3667  1025.8693    25.5678    293.181    285.467  312.53671     93.807     91.349     0.1880     0.7796     4.4737     0.2078       5849     4.0614         53 0.0000e+00
     65.398   54.41786 -165.21316     66.000     5.1238     5.1240     5.1189    32.3662    32.3769  1025.8805    25.5745    291.612    285.033  312.56622     93.296     91.199     0.1903     0.7938     4.4770     0.2049       5904     4.0991         54 0.0000e+00
     66.389   54.41786 -165.21316     67.000     5.1171     5.1187     5.1122    32.3733    32.3825  1025.8915    25.5808    291.372    284.191  312.59929     93.209     90.922     0.1898     0.7904     4.4830     0.1995       5953     4.1333         43 0.0000e+00
     67.379   54.41786 -165.21316     68.000     5.1196     5.1193     5.1146    32.3707    32.3817  1025.8939    25.5785    291.142    282.619  312.58709     93.139     90.420     0.1950     0.8220     4.4892     0.1940       5999     4.1652         45 0.0000e+00
     68.370   54.41786 -165.21316     69.000     5.1141     5.1143     5.1090    32.3775    32.3879  1025.9045    25.5845    290.398    282.542  312.61188     92.894     90.388     0.2326     1.0475     4.4826     0.2000       6044     4.1968         44 0.0000e+00
     69.361   54.41786 -165.21316     70.000     5.1133     5.1129     5.1081    32.3781    32.3895  1025.9097    25.5851    290.854    282.663  312.61674     93.039     90.425     0.1864     0.7703     4.4812     0.2011       6090     4.2284         47 0.0000e+00
     70.351   54.41786 -165.21316     71.000     5.1051     5.1062     5.0998    32.3894    32.3985  1025.9242    25.5950    290.509    281.857  312.65129     92.918     90.159     0.2112     0.9195     4.4761     0.2058       6144     4.2659         55 0.0000e+00
     71.342   54.41786 -165.21315     72.000     5.0897     5.0892     5.0844    32.4090    32.4204  1025.9461    25.6122    290.235    282.379  312.71940     92.810     90.305     0.1836     0.7533     4.4878     0.1953       6197     4.3029         50 0.0000e+00
     72.333   54.41786 -165.21314     73.000     5.0893     5.0898     5.0839    32.4092    32.4194  1025.9510    25.6125    289.208    281.948  312.72183     92.481     90.167     0.1763     0.7098     4.4874     0.1956       6243     4.3347         42 0.0000e+00
     73.324   54.41786 -165.21314     74.000     5.0856     5.0855     5.0802    32.4142    32.4249  1025.9600    25.6168    288.309    280.434  312.73791     92.189     89.677     0.1812     0.7390     4.4913     0.1921       6291     4.3677         53 0.0000e+00
     74.314   54.41786 -165.21314     75.000     5.0770     5.0767     5.0715    32.4279    32.4380  1025.9765    25.6286    288.848    280.403  312.76971     92.352     89.658     0.1823     0.7459     4.4866     0.1963       6345     4.4055         49 0.0000e+00
     75.305   54.41786 -165.21314     76.000     5.0710     5.0700     5.0654    32.4390    32.4517  1025.9906    25.6381    288.228    279.513  312.78809     92.148     89.368     0.1688     0.6645     4.4925     0.1910       6389     4.4364         41 0.0000e+00
     76.295   54.41786 -165.21314     77.000     5.0579     5.0577     5.0523    32.4628    32.4739  1026.0155    25.6584    287.641    279.878  312.83000     91.948     89.473     0.1593     0.6078     4.4980     0.1862       6433     4.4669         50 0.0000e+00
     77.286   54.41786 -165.21314     78.000     5.0493     5.0509     5.0436    32.4788    32.4865  1026.0338    25.6720    286.208    278.781  312.85677     91.482     89.117     0.1625     0.6271     4.5109     0.1748       6486     4.5035         53 0.0000e+00
     78.277   54.41786 -165.21314     79.000     5.0393     5.0395     5.0335    32.4970    32.5074  1026.0540    25.6876    285.266    278.075  312.88835     91.172     88.881     0.1626     0.6275     4.5084     0.1769       6539     4.5404         50 0.0000e+00
     79.268   54.41786 -165.21314     80.000     5.0392     5.0385     5.0333    32.4998    32.5123  1026.0608    25.6898    284.066    276.268  312.88303     90.790     88.304     0.1894     0.7883     4.5153     0.1708       6588     4.5745         49 0.0000e+00
     80.258   54.41785 -165.21314     81.000     5.0378     5.0378     5.0318    32.5014    32.5123  1026.0669    25.6912    283.549    275.928  312.88959     90.623     88.194     0.1630     0.6300     4.5194     0.1671       6636     4.6078         48 0.0000e+00
     81.249   54.41784 -165.21314     82.000     5.0372     5.0373     5.0311    32.5034    32.5139  1026.0732    25.6929    283.685    275.413  312.88972     90.666     88.030     0.1678     0.6587     4.5145     0.1715       6682     4.6395         44 0.0000e+00
     82.240   54.41784 -165.21314     83.000     5.0375     5.0375     5.0313    32.5037    32.5146  1026.0781    25.6931    284.081    276.280  312.88660     90.794     88.307     0.1529     0.5694     4.5172     0.1691       6730     4.6731         51 0.0000e+00
     83.230   54.41784 -165.21314     84.000     5.0365     5.0360     5.0303    32.5046    32.5160  1026.0835    25.6939    283.612    276.024  312.89193     90.642     88.223     0.1554     0.5844     4.5050     0.1799       6789     4.7142         60 0.0000e+00
     84.221   54.41784 -165.21314     85.000     5.0299     5.0299     5.0236    32.5118    32.5228  1026.0946    25.7004    283.549    275.834  312.92432     90.613     88.155     0.1774     0.7162     4.5066     0.1785       6840     4.7492         43 0.0000e+00
     85.211   54.41784 -165.21314     86.000     5.0258     5.0257     5.0195    32.5189    32.5294  1026.1053    25.7065    283.240    275.033  312.93743     90.510     87.894     0.1636     0.6339     4.5187     0.1678       6882     4.7785         39 0.0000e+00
     86.202   54.41784 -165.21314     87.000     5.0289     5.0293     5.0225    32.5205    32.5313  1026.1109    25.7074    283.497    274.928  312.91116     90.600     87.869     0.1506     0.5556     4.5155     0.1707       6928     4.8103         53 0.0000e+00
     87.193   54.41784 -165.21314     88.000     5.0296     5.0291     5.0231    32.5206    32.5312  1026.1155    25.7074    282.455    275.268  312.90557     90.269     87.978     0.1548     0.5807     4.5200     0.1667       6983     4.8489         53 0.0000e+00
     88.183   54.41784 -165.21314     89.000     5.0311     5.0311     5.0246    32.5208    32.5315  1026.1201    25.7074    282.634    274.049  312.89369     90.329     87.592     0.1452     0.5230     4.5191     0.1675       7034     4.8842         50 0.0000e+00
     89.174   54.41784 -165.21314     90.000     5.0324     5.0322     5.0258    32.5212    32.5319  1026.1250    25.7076    282.604    275.165  312.88356     90.322     87.951     0.1430     0.5101     4.5195     0.1671       7082     4.9173         46 0.0000e+00
     90.165   54.41784 -165.21314     91.000     5.0338     5.0341     5.0271    32.5212    32.5318  1026.1295    25.7075    283.128    273.787  312.87320     90.493     87.515     0.1504     0.5545     4.4279     0.2498       7127     4.9488         43 0.0000e+00
     91.155   54.41784 -165.21314     92.000     5.0307     5.0312     5.0239    32.5259    32.5359  1026.1382    25.7116    282.918    274.421  312.88514     90.422     87.714     0.1701     0.6723     4.5115     0.1742       7173     4.9807         50 0.0000e+00
     92.146   54.41784 -165.21314     93.000     4.9680     4.9704     4.9611    32.6035    32.6114  1026.2113    25.7799    281.997    274.928  313.17064     90.046     87.799     0.1578     0.5988     4.5224     0.1645       7226     5.0177         55 0.0000e+00
     93.136   54.41784 -165.21314     94.000     4.9576     4.9524     4.9508    32.6170    32.6343  1026.2278    25.7918    280.228    272.801  313.21590     89.468     87.097     0.1361     0.4682     4.5312     0.1568       7277     5.0527         45 0.0000e+00
     94.127   54.41784 -165.21314     95.000     4.9331     4.9328     4.9262    32.6474    32.6596  1026.2592    25.8185    278.443    270.450  313.32743     88.866     86.322     0.1381     0.4802     4.5433     0.1461       7322     5.0843         45 0.0000e+00
     95.117   54.41784 -165.21314     96.000     4.9232     4.9231     4.9162    32.6668    32.6779  1026.2804    25.8350    277.699    269.283  313.35594     88.621     85.942     0.1415     0.5010     4.5447     0.1448       7366     5.1149         43 0.0000e+00
     96.108   54.41784 -165.21314     97.000     4.9198     4.9195     4.9127    32.6716    32.6827  1026.2892    25.8392    276.843    269.207  313.37038     88.344     85.913     0.1383     0.4814     4.5435     0.1459       7411     5.1459         49 0.0000e+00
     97.098   54.41784 -165.21314     98.000     4.9160     4.9152     4.9089    32.6753    32.6876  1026.2971    25.8425    276.510    268.826  313.38994     88.232     85.786     0.1295     0.4288     4.5432     0.1461       7463     5.1819         55 0.0000e+00
     98.089   54.41784 -165.21314     99.000     4.9183     4.9189     4.9110    32.6767    32.6875  1026.3027    25.8435    276.162    268.180  313.36967     88.127     85.588     0.1313     0.4396     4.5442     0.1453       7516     5.2188         49 0.0000e+00
     99.079   54.41784 -165.21314    100.000     4.9194     4.9194     4.9121    32.6825    32.6933  1026.3117    25.8479    275.969    267.831  313.34780     88.071     85.481     0.1329     0.4493     4.5485     0.1415       7563     5.2513         44 0.0000e+00
    100.070   54.41784 -165.21314    101.000     4.9174     4.9166     4.9100    32.6843    32.6971  1026.3181    25.8496    276.687    268.678  313.35844     88.297     85.748     0.1334     0.4524     4.5517     0.1387       7610     5.2841         48 0.0000e+00
    101.060   54.41784 -165.21314    102.000     4.9171     4.9174     4.9097    32.6855    32.6985  1026.3237    25.8505    276.731    268.516  313.35756     88.312     85.699     0.1315     0.4412     4.5572     0.1339       7653     5.3137         40 0.0000e+00
    102.051   54.41784 -165.21314    103.000     4.9180     4.9176     4.9105    32.6908    32.7031  1026.3325    25.8547    276.175    268.224  313.33875     88.139     85.609     0.1295     0.4293     4.5520     0.1384       7695     5.3431         46 0.0000e+00
    103.042   54.41784 -165.21314    104.000     4.9196     4.9193     4.9120    32.6938    32.7043  1026.3393    25.8569    276.237    268.879  313.31973     88.164     85.822     0.1313     0.4396     4.5511     0.1393       7751     5.3819         60 0.0000e+00
    104.032   54.41784 -165.21314    105.000     4.9204     4.9204     4.9127    32.6958    32.7065  1026.3454    25.8584    277.136    269.457  313.30920     88.455     86.010     0.1320     0.4437     4.5477     0.1422       7807     5.4210         47 0.0000e+00
    105.023   54.41784 -165.21314    106.000     4.9218     4.9220     4.9140    32.6961    32.7067  1026.3502    25.8585    276.835    269.350  313.29784     88.362     85.980     0.1230     0.3899     4.5567     0.1343       7849     5.4500         39 0.0000e+00
    106.014   54.41784 -165.21314    107.000     4.9289     4.9297     4.9211    32.6970    32.7074  1026.3547    25.8584    276.856    268.885  313.24282     88.384     85.847     0.1321     0.4444     4.5545     0.1362       7888     5.4773         40 0.0000e+00
    107.004   54.41784 -165.21314    108.000     4.9301     4.9310     4.9222    32.6976    32.7084  1026.3597    25.8588    277.132    268.718  313.23250     88.475     85.798     0.1248     0.4009     4.5521     0.1384       7934     5.5088         51 0.0000e+00
    107.994   54.41784 -165.21314    109.000     4.9307     4.9304     4.9227    32.6999    32.7104  1026.3661    25.8606    278.005    269.701  313.22261     88.757     86.111     0.1261     0.4087     4.5492     0.1409       7994     5.5505         61 0.0000e+00
    108.985   54.41784 -165.21314    110.000     4.9254     4.9267     4.9174    32.7103    32.7196  1026.3795    25.8694    278.030    269.655  313.23782     88.760     86.095     0.1207     0.3765     4.5551     0.1357       8045     5.5863         44 0.0000e+00
    109.975   54.41784 -165.21314    111.000     4.9198     4.9204     4.9116    32.7177    32.7278  1026.3907    25.8759    277.695    269.922  313.26249     88.646     86.173     0.1248     0.4008     4.5509     0.1394       8085     5.6138         39 0.0000e+00
    110.966   54.41784 -165.21314    112.000     4.9103     4.9111     4.9021    32.7246    32.7348  1026.4018    25.8823    277.574    270.640  313.31738     88.592     86.387     0.1229     0.3891     4.5619     0.1297       8126     5.6424         43 0.0000e+00
    111.956   54.41784 -165.21314    113.000     4.8846     4.8852     4.8763    32.7367    32.7476  1026.4190    25.8948    277.232    269.988  313.48047     88.437     86.134     0.1212     0.3793     4.5526     0.1379       8175     5.6764         49 0.0000e+00
    112.947   54.41784 -165.21314    114.000     4.8451     4.8461     4.8368    32.7617    32.7719  1026.4478    25.9189    275.123    267.289  313.71709     87.698     85.209     0.1238     0.3947     4.5554     0.1354       8240     5.7215         74 0.0000e+00
    113.937   54.41784 -165.21314    115.000     4.8256     4.8267     4.8173    32.7724    32.7828  1026.4631    25.9296    271.479    264.381  313.83772     86.503     84.250     0.1280     0.4199     4.5626     0.1292       8309     5.7691         57 0.0000e+00
    114.928   54.41784 -165.21314    116.000     4.7959     4.8037     4.7876    32.7892    32.7958  1026.4843    25.9461    270.909    263.369  314.02032     86.271     83.890     0.1241     0.3964     4.5601     0.1313       8357     5.8026         46 0.0000e+00
    115.918   54.41784 -165.21314    117.000     4.7702     4.7719     4.7617    32.8040    32.8141  1026.5036    25.9606    268.988    262.324  314.17884     85.616     83.505     0.1222     0.3853     4.5632     0.1286       8406     5.8368         58 0.0000e+00
    116.909   54.41784 -165.21314    118.000     4.7599     4.7598     4.7514    32.8094    32.8206  1026.5136    25.9660    264.845    257.186  314.24321     84.280     81.850     0.1223     0.3860     4.5653     0.1267       8496     5.8993        109 0.0000e+00
    117.899   54.41784 -165.21313    119.000     4.7491     4.7490     4.7405    32.8154    32.8218  1026.5242    25.9720    264.889    257.473  314.30983     84.276     81.921     0.1215     0.3809     4.5487     0.1414       8579     5.9571         52 0.0000e+00
    118.890   54.41784 -165.21313    120.000     4.7315     4.7328     4.7229    32.8261    32.8361  1026.5393    25.9823    264.708    255.840  314.41689     84.190     81.378     0.1181     0.3607     4.5678     0.1245       8632     5.9940         68 0.0000e+00
    119.880   54.41784 -165.21314    121.000     4.7048     4.7083     4.6962    32.8415    32.8508  1026.5591    25.9975    260.918    253.872  314.58084     82.941     80.714     0.1160     0.3483     4.5721     0.1208       8772     6.0913        152 0.0000e+00
