merge_samples_with_btl/SKQ202309T/ctd/skq202309t_002svp.cnv
* Sea-Bird SBE 9 Data File:
* FileName = D:\CTD\SKQ202309T\SKQ202309T_002.hex
* Software Version Seasave V 7.26.7.121
* Temperature SN = 6177
* Conductivity SN = 0369
* Number of Bytes Per Scan = 38
* Number of Voltage Words = 3
* Number of Scans Averaged by the Deck Unit = 1
* NMEA Latitude = 54 25.07 N
* NMEA Longitude = 165 12.78 W
* NMEA UTC (Time) = Jun 09 2023  15:02:10
* NMEA baud rate = 4800
** Ship: R/V Sikuliaq
** Station Number: 002
** Station Name: STN002
** Bottom Depth: 177
** Operator: SZ
# nquan = 7
# nvalues = 18024                                 
# units = specified
# name 0 = depSM: Depth [salt water, m]
# name 1 = latitude: Latitude [deg]
# name 2 = longitude: Longitude [deg]
# name 3 = t090C: Temperature [ITS-90, deg C]
# name 4 = sal00: Salinity, Practical [PSU]
# name 5 = svCM: Sound Velocity [Chen-Millero, m/s]
# name 6 = flag:  0.000e+00
# span 0 =      1.482,    168.265                 
# span 1 =   54.41784,   54.41820                 
# span 2 = -165.21356, -165.21312                 
# span 3 =     4.4396,     5.4025                 
# span 4 =    32.2285,    33.0757                 
# span 5 =    1468.38,    1469.32                 
# span 6 = 0.0000e+00, 0.0000e+00                 
# interval = seconds: 0.0416667
# start_time = Jun 09 2023 15:06:35 [NMEA time, first data scan]
# bad_flag = -9.990e-29
*END*
[from data line 16616]
    167.912   54.41812 -165.21346     4.4421    33.0715    1468.75  0.000e+00
    167.935   54.41812 -165.21346     4.4421    33.0717    1468.75  0.000e+00
    167.912   54.41812 -165.21346     4.4423    33.0715    1468.75  0.000e+00
    167.935   54.41812 -165.21346     4.4421    33.0717    1468.75  0.000e+00
    167.912   54.41812 -165.21346     4.4424    33.0717    1468.75  0.000e+00
    167.935   54.41812 -165.21346     4.4421    33.0716    1468.75  0.000e+00
    167.966   54.41812 -165.21346     4.4423    33.0718    1468.75  0.000e+00
    167.935   54.41812 -165.21346     4.4421    33.0719    1468.75  0.000e+00
    167.912   54.41812 -165.21346     4.4421    33.0718    1468.75  0.000e+00
    167.935   54.41812 -165.21346     4.4423    33.0717    1468.75  0.000e+00
    167.912   54.41812 -165.21346     4.4420    33.0719    1468.75  0.000e+00
    167.997   54.41812 -165.21346     4.4421    33.0717    1468.75  0.000e+00
    167.912   54.41812 -165.21346     4.4420    33.0720    1468.75  0.000e+00
    167.935   54.41812 -165.21346     4.4420    33.0719    1468.75  0.000e+00
    167.935   54.41812 -165.21346     4.4421    33.0715    1468.75  0.000e+00
    167.966   54.41812 -165.21346     4.4421    33.0718    1468.75  0.000e+00
    167.935   54.41812 -165.21346     4.4420    33.0724    1468.75  0.000e+00
    167.966   54.41812 -165.21346     4.4417    33.0724    1468.75  0.000e+00
    167.935   54.41812 -165.21346     4.4417    33.0723    1468.75  0.000e+00
    167.966   54.41812 -165.21346     4.4418    33.0723    1468.75  0.000e+00
    167.935   54.41812 -165.21346     4.4415    33.0727    1468.75  0.000e+00
    167.966   54.41812 -165.21346     4.4415    33.0725    1468.75  0.000e+00
    167.935   54.41812 -165.21346     4.4417    33.0725    1468.75  0.000e+00
    167.966   54.41812 -165.21346     4.4415    33.0727    1468.75  0.000e+00
    167.935   54.41812 -165.21346     4.4415    33.0728    1468.75  0.000e+00
    167.966   54.41812 -165.21346     4.4415    33.0729    1468.75  0.000e+00
    167.935   54.41812 -165.21346     4.4415    33.0728    1468.75  0.000e+00
    167.966   54.41812 -165.21346     4.4415    33.0729    1468.75  0.000e+00
    167.997   54.41812 -165.21346     4.4417    33.0726    1468.75  0.000e+00
    167.912   54.41812 -165.21346     4.4415    33.0723    1468.75  0.000e+00
    167.997   54.41812 -165.21346     4.4418    33.0721    1468.75  0.000e+00
    167.936   54.41812 -165.21346     4.4418    33.0721    1468.75  0.000e+00
    167.966   54.41812 -165.21346     4.4418    33.0723    1468.75  0.000e+00
    167.997   54.41812 -165.21346     4.4418    33.0720    1468.75  0.000e+00
    167.966   54.41812 -165.21346     4.4418    33.0722    1468.75  0.000e+00
    167.997   54.41812 -165.21346     4.4418    33.0721    1468.75  0.000e+00
    167.966   54.41812 -165.21346     4.4417    33.0727    1468.75  0.000e+00
    167.936   54.41812 -165.21346     4.4417    33.0724    1468.75  0.000e+00
    167.967   54.41812 -165.21346     4.4417    33.0725    1468.75  0.000e+00
    167.997   54.41812 -165.21346     4.4417    33.0721    1468.75  0.000e+00
    168.021   54.41812 -165.21346     4.4417    33.0721    1468.75  0.000e+00
    167.936   54.41812 -165.21346     4.4415    33.0726    1468.75  0.000e+00
    167.967   54.41812 -165.21346     4.4414    33.0727    1468.75  0.000e+00
    167.998   54.41812 -165.21346     4.4415    33.0724    1468.75  0.000e+00
    167.967   54.41812 -165.21346     4.4417    33.0729    1468.75  0.000e+00
    167.998   54.41812 -165.21346     4.4415    33.0728    1468.75  0.000e+00
    167.998   54.41812 -165.21346     4.4414    33.0729    1468.75  0.000e+00
    167.967   54.41812 -165.21346     4.4417    33.0721    1468.75  0.000e+00
    167.998   54.41812 -165.21346     4.4414    33.0729    1468.75  0.000e+00
    167.967   54.41812 -165.21346     4.4414    33.0730    1468.75  0.000e+00
    167.998   54.41812 -165.21346     4.4417    33.0723    1468.75  0.000e+00
    167.967   54.41812 -165.21346     4.4414    33.0725    1468.75  0.000e+00
    168.052   54.41812 -165.21346     4.4415    33.0728    1468.75  0.000e+00
    167.967   54.41812 -165.21346     4.4414    33.0729    1468.75  0.000e+00
    167.998   54.41812 -165.21346     4.4417    33.0727    1468.75  0.000e+00
    167.967   54.41812 -165.21346     4.4415    33.0728    1468.75  0.000e+00
    167.998   54.41812 -165.21346     4.4417    33.0725    1468.75  0.000e+00
    168.021   54.41812 -165.21346     4.4414    33.0726    1468.75  0.000e+00
    167.998   54.41812 -165.21346     4.4415    33.0728    1468.75  0.000e+00
    167.967   54.41812 -165.21346     4.4417    33.0726    1468.75  0.000e+00
    167.998   54.41812 -165.21346     4.4415    33.0725    1468.75  0.000e+00
    167.967   54.41812 -165.21346     4.4415    33.0725    1468.75  0.000e+00
    167.998   54.41812 -165.21346     4.4415    33.0728    1468.75  0.000e+00
    168.052   54.41812 -165.21346     4.4414    33.0726    1468.75  0.000e+00
    167.967   54.41812 -165.21346     4.4415    33.0731    1468.75  0.000e+00
    167.998   54.41812 -165.21346     4.4415    33.0728    1468.75  0.000e+00
    168.021   54.41812 -165.21346     4.4417    33.0725    1468.75  0.000e+00
    167.998   54.41812 -165.21346     4.4415    33.0725    1468.75  0.000e+00
    167.967   54.41812 -165.21346     4.4417    33.0725    1468.75  0.000e+00
    167.998   54.41812 -165.21346     4.4418    33.0721    1468.75  0.000e+00
    168.021   54.41812 -165.21346     4.4417    33.0725    1468.75  0.000e+00
    167.998   54.41812 -165.21346     4.4417    33.0723    1468.75  0.000e+00
    168.021   54.41812 -165.21346     4.4415    33.0726    1468.75  0.000e+00
    167.998   54.41812 -165.21346     4.4416    33.0727    1468.75  0.000e+00
    168.021   54.41812 -165.21346     4.4417    33.0725    1468.75  0.000e+00
    167.998   54.41812 -165.21346     4.4417    33.0725    1468.75  0.000e+00
    167.967   54.41812 -165.21346     4.4415    33.0723    1468.75  0.000e+00
    168.052   54.41812 -165.21346     4.4415    33.0723    1468.75  0.000e+00
    167.913   54.41812 -165.21346     4.4415    33.0727    1468.75  0.000e+00
    168.052   54.41812 -165.21346     4.4417    33.0725    1468.75  0.000e+00
    167.998   54.41812 -165.21346     4.4417    33.0725    1468.75  0.000e+00
    168.021   54.41812 -165.21346     4.4418    33.0724    1468.75  0.000e+00
    167.998   54.41812 -165.21346     4.4415    33.0727    1468.75  0.000e+00
    168.021   54.41812 -165.21346     4.4417    33.0723    1468.75  0.000e+00
    167.998   54.41812 -165.21346     4.4417    33.0727    1468.75  0.000e+00
    167.967   54.41812 -165.21346     4.4417    33.0725    1468.75  0.000e+00
    168.052   54.41812 -165.21346     4.4417    33.0722    1468.75  0.000e+00
    167.967   54.41812 -165.21346     4.4417    33.0727    1468.75  0.000e+00
    167.998   54.41812 -165.21346     4.4417    33.0723    1468.75  0.000e+00
    168.021   54.41812 -165.21346     4.4417    33.0725    1468.75  0.000e+00
    167.998   54.41812 -165.21346     4.4417    33.0725    1468.75  0.000e+00
    167.967   54.41812 -165.21346     4.4420    33.0720    1468.75  0.000e+00
    167.998   54.41812 -165.21346     4.4418    33.0725    1468.75  0.000e+00
    168.021   54.41812 -165.21346     4.4418    33.0724    1468.75  0.000e+00
    167.998   54.41812 -165.21346     4.4420    33.0720    1468.75  0.000e+00
    167.936   54.41812 -165.21346     4.4418    33.0724    1468.75  0.000e+00
    168.083   54.41812 -165.21346     4.4417    33.0721    1468.75  0.000e+00
    167.998   54.41812 -165.21346     4.4418    33.0722    1468.75  0.000e+00
    167.967   54.41812 -165.21346     4.4418    33.0724    1468.75  0.000e+00
    167.998   54.41812 -165.21346     4.4417    33.0723    1468.75  0.000e+00
    167.967   54.41812 -165.21346     4.4418    33.0721    1468.75  0.000e+00
    167.998   54.41812 -165.21346     4.4418    33.0723    1468.75  0.000e+00
    168.021   54.41812 -165.21346     4.4420    33.0720    1468.75  0.000e+00
    167.998   54.41812 -165.21346     4.4418    33.0723    1468.75  0.000e+00
    167.967   54.41812 -165.21346     4.4419    33.0722    1468.75  0.000e+00
    167.998   54.41812 -165.21346     4.4418    33.0723    1468.75  0.000e+00
    167.967   54.41812 -165.21346     4.4420    33.0720    1468.75  0.000e+00
    167.998   54.41812 -165.21346     4.4417    33.0725    1468.75  0.000e+00
    167.967   54.41812 -165.21346     4.4420    33.0722    1468.75  0.000e+00
    167.998   54.41812 -165.21346     4.4418    33.0721    1468.75  0.000e+00
    167.913   54.41812 -165.21346     4.4421    33.0719    1468.75  0.000e+00
    168.052   54.41812 -165.21346     4.4417    33.0722    1468.75  0.000e+00
    167.936   54.41812 -165.21346     4.4421    33.0718    1468.75  0.000e+00
    168.021   54.41812 -165.21346     4.4420    33.0722    1468.75  0.000e+00
    167.936   54.41812 -165.21346     4.4420    33.0723    1468.75  0.000e+00
    167.967   54.41812 -165.21346     4.4420    33.0722    1468.75  0.000e+00
    167.998   54.41812 -165.21346     4.4420    33.0723    1468.75  0.000e+00
    167.967   54.41812 -165.21346     4.4421    33.0721    1468.75  0.000e+00
    167.936   54.41812 -165.21346     4.4420    33.0720    1468.75  0.000e+00
    167.967   54.41812 -165.21346     4.4418    33.0722    1468.75  0.000e+00
    167.998   54.41812 -165.21346     4.4420    33.0721    1468.75  0.000e+00
    167.913   54.41812 -165.21346     4.4420    33.0723    1468.75  0.000e+00
    167.998   54.41812 -165.21346     4.4418    33.0726    1468.75  0.000e+00
    167.967   54.41812 -165.21346     4.4421    33.0722    1468.75  0.000e+00
    167.937   54.41812 -165.21346     4.4420    33.0720    1468.75  0.000e+00
    167.967   54.41812 -165.21346     4.4418    33.0726    1468.75  0.000e+00
    167.937   54.41812 -165.21346     4.4418    33.0725    1468.75  0.000e+00
    167.937   54.41812 -165.21346     4.4421    33.0719    1468.75  0.000e+00
    167.968   54.41812 -165.21346     4.4420    33.0722    1468.75  0.000e+00
    167.937   54.41812 -165.21346     4.4420    33.0724    1468.75  0.000e+00
    167.913   54.41812 -165.21346     4.4420    33.0723    1468.75  0.000e+00
    167.937   54.41812 -165.21346     4.4421    33.0719    1468.75  0.000e+00
    167.968   54.41812 -165.21346     4.4418    33.0722    1468.75  0.000e+00
    167.937   54.41812 -165.21346     4.4420    33.0724    1468.75  0.000e+00
    167.968   54.41812 -165.21346     4.4421    33.0719    1468.75  0.000e+00
    167.883   54.41812 -165.21348     4.4420    33.0727    1468.75  0.000e+00
    167.968   54.41812 -165.21348     4.4420    33.0721    1468.75  0.000e+00
    167.883   54.41812 -165.21348     4.4420    33.0717    1468.75  0.000e+00
    167.968   54.41812 -165.21348     4.4421    33.0718    1468.75  0.000e+00
    167.937   54.41812 -165.21348     4.4421    33.0718    1468.75  0.000e+00
    167.914   54.41812 -165.21348     4.4420    33.0724    1468.75  0.000e+00
    167.883   54.41812 -165.21348     4.4421    33.0722    1468.75  0.000e+00
    167.968   54.41812 -165.21348     4.4421    33.0718    1468.75  0.000e+00
    167.883   54.41812 -165.21348     4.4420    33.0722    1468.75  0.000e+00
    167.937   54.41812 -165.21348     4.4421    33.0721    1468.75  0.000e+00
    167.914   54.41812 -165.21348     4.4421    33.0721    1468.75  0.000e+00
    167.883   54.41812 -165.21348     4.4418    33.0720    1468.75  0.000e+00
    167.914   54.41812 -165.21348     4.4420    33.0719    1468.75  0.000e+00
    167.937   54.41812 -165.21348     4.4420    33.0722    1468.75  0.000e+00
    167.914   54.41812 -165.21348     4.4420    33.0725    1468.75  0.000e+00
    167.883   54.41812 -165.21348     4.4420    33.0722    1468.75  0.000e+00
    167.852   54.41812 -165.21348     4.4421    33.0718    1468.75  0.000e+00
    167.937   54.41812 -165.21348     4.4421    33.0720    1468.75  0.000e+00
    167.914   54.41812 -165.21348     4.4420    33.0723    1468.75  0.000e+00
    167.883   54.41812 -165.21348     4.4418    33.0726    1468.75  0.000e+00
    167.914   54.41812 -165.21348     4.4421    33.0719    1468.75  0.000e+00
    167.821   54.41812 -165.21348     4.4420    33.0718    1468.75  0.000e+00
    167.914   54.41812 -165.21348     4.4420    33.0721    1468.75  0.000e+00
    167.883   54.41812 -165.21348     4.4420    33.0723    1468.75  0.000e+00
    167.914   54.41812 -165.21348     4.4420    33.0723    1468.75  0.000e+00
    167.883   54.41812 -165.21348     4.4420    33.0725    1468.75  0.000e+00
    167.883   54.41812 -165.21348     4.4420    33.0721    1468.75  0.000e+00
    167.852   54.41812 -165.21348     4.4420    33.0721    1468.75  0.000e+00
    167.883   54.41812 -165.21348     4.4418    33.0721    1468.75  0.000e+00
    167.914   54.41812 -165.21348     4.4418    33.0723    1468.75  0.000e+00
    167.883   54.41812 -165.21348     4.4418    33.0718    1468.75  0.000e+00
    167.852   54.41812 -165.21348     4.4420    33.0723    1468.75  0.000e+00
    167.883   54.41812 -165.21348     4.4418    33.0720    1468.75  0.000e+00
    167.852   54.41812 -165.21348     4.4417    33.0720    1468.75  0.000e+00
    167.883   54.41812 -165.21348     4.4420    33.0715    1468.75  0.000e+00
    167.852   54.41812 -165.21348     4.4420    33.0723    1468.75  0.000e+00
    167.883   54.41812 -165.21348     4.4418    33.0718    1468.75  0.000e+00
    167.852   54.41812 -165.21348     4.4420    33.0721    1468.75  0.000e+00
    167.883   54.41812 -165.21348     4.4418    33.0722    1468.75  0.000e+00
    167.852   54.41812 -165.21348     4.4421    33.0721    1468.75  0.000e+00
    167.883   54.41812 -165.21348     4.4420    33.0719    1468.75  0.000e+00
    167.852   54.41812 -165.21348     4.4421    33.0717    1468.75  0.000e+00
    167.883   54.41812 -165.21348     4.4420    33.0717    1468.75  0.000e+00
    167.821   54.41812 -165.21348     4.4420    33.0722    1468.75  0.000e+00
    167.852   54.41812 -165.21348     4.4423    33.0720    1468.75  0.000e+00
    167.883   54.41812 -165.21348     4.4421    33.0719    1468.75  0.000e+00
    167.852   54.41812 -165.21348     4.4421    33.0723    1468.75  0.000e+00
    167.883   54.41812 -165.21348     4.4420    33.0721    1468.75  0.000e+00
    167.852   54.41812 -165.21348     4.4420    33.0722    1468.75  0.000e+00
    167.883   54.41812 -165.21348     4.4418    33.0725    1468.75  0.000e+00
    167.852   54.41812 -165.21348     4.4420    33.0721    1468.75  0.000e+00
    167.883   54.41812 -165.21348     4.4418    33.0719    1468.75  0.000e+00
    167.798   54.41812 -165.21348     4.4417    33.0725    1468.75  0.000e+00
    167.883   54.41812 -165.21348     4.4417    33.0724    1468.75  0.000e+00
    167.853   54.41812 -165.21348     4.4417    33.0725    1468.75  0.000e+00
    167.884   54.41812 -165.21348     4.4417    33.0724    1468.75  0.000e+00
    167.853   54.41812 -165.21348     4.4418    33.0719    1468.75  0.000e+00
    167.822   54.41812 -165.21348     4.4417    33.0727    1468.75  0.000e+00
    167.853   54.41812 -165.21348     4.4417    33.0727    1468.75  0.000e+00
    167.822   54.41812 -165.21348     4.4418    33.0725    1468.75  0.000e+00
    167.915   54.41812 -165.21348     4.4418    33.0722    1468.75  0.000e+00
    167.822   54.41812 -165.21348     4.4417    33.0728    1468.75  0.000e+00
    167.822   54.41812 -165.21348     4.4418    33.0725    1468.75  0.000e+00
    167.853   54.41812 -165.21348     4.4417    33.0724    1468.75  0.000e+00
    167.884   54.41812 -165.21348     4.4417    33.0724    1468.75  0.000e+00
    167.853   54.41812 -165.21348     4.4417    33.0725    1468.75  0.000e+00
    167.822   54.41812 -165.21348     4.4420    33.0721    1468.75  0.000e+00
    167.853   54.41812 -165.21348     4.4420    33.0725    1468.75  0.000e+00
    167.884   54.41812 -165.21348     4.4421    33.0722    1468.75  0.000e+00
