merge_samples_with_btl/SKQ202309T/ctd/skq202309t_006.cnv
* Sea-Bird SBE 9 Data File:
* FileName = D:\CTD\SKQ202309T\SKQ202309T_006.hex
* Software Version Seasave V 7.26.7.121
* Temperature SN = 6177
* Conductivity SN = 0369
* Number of Bytes Per Scan = 38
* Number of Voltage Words = 3
* Number of Scans Averaged by the Deck Unit = 1
* NMEA Latitude = 63 13.86 N
* NMEA Longitude = 165 38.62 W
* NMEA UTC (Time) = Jun 12 2023  07:50:19
* NMEA baud rate = 4800
** Ship: R/V Sikuliaq
** Station Number: 006
** Station Name: STN 009
** Bottom Depth: 23
** Operator: Seth Zippel
# nquan = 23
# nvalues = 4827                                  
# units = specified
# name 0 = depSM: Depth [salt water, m]
# name 1 = latitude: Latitude [deg]
# name 2 = longitude: Longitude [deg]
# name 3 = prDM: Pressure, Digiquartz [db]
# name 4 = t090C: Temperature [ITS-90, deg C]
# name 5 = t190C: Temperature, 2 [ITS-90, deg C]
# name 6 = potemp090C: Potential Temperature [ITS-90, deg C]
# name 7 = sal00: Salinity, Practical [PSU]
# name 8 = sal11: Salinity, Practical, 2 [PSU]
# name 9 = density00: Density [density, kg/m^3]
# name 10 = sigma-é00: Density [sigma-theta, kg/m^3]
# name 11 = sbox0Mm/Kg: Oxygen, SBE 43 [umol/kg]
# name 12 = sbox1Mm/Kg: Oxygen, SBE 43, 2 [umol/kg]
# name 13 = oxsolMm/Kg: Oxygen Saturation, Garcia & Gordon [umol/kg]
# name 14 = sbeox0PS: Oxygen, SBE 43 [% saturation]
# name 15 = sbeox1PS: Oxygen, SBE 43, 2 [% saturation]
# name 16 = v0: Voltage 0
# name 17 = flECO-AFL: Fluorescence, WET Labs ECO-AFL/FL [mg/m^3]
# name 18 = v1: Voltage 1
# name 19 = CStarAt0: Beam Attenuation, WET Labs C-Star [1/m]
# name 20 = scan: Scan Count
# name 21 = timeM: Time, Elapsed [minutes]
# name 22 = flag:  0.000e+00
# span 0 =      1.097,     14.739                 
# span 1 =   63.23124,   63.23136                 
# span 2 = -165.64270, -165.64250                 
# span 3 =      1.108,     14.884                 
# span 4 =    -1.0156,    12.3016                 
# span 5 =    -1.0150,    12.3850                 
# span 6 =    -1.0159,    12.3015                 
# span 7 =     9.2773,    30.5974                 
# span 8 =     9.1550,    30.6135                 
# span 9 =  1006.6546,  1024.6491                 
# span 10 =     6.6493,    24.5865                
# span 11 =    297.757,    398.098                
# span 12 =    295.620,    386.848                
# span 13 =  311.05047,  369.98031                
# span 14 =     91.607,    109.943                
# span 15 =     90.308,    105.614                
# span 16 =     0.1245,     0.4261                
# span 17 =     0.3993,     2.2088                
# span 18 =     0.3602,     4.2869                
# span 19 =     0.3785,    10.2974                
# span 20 =          1,       4827                
# span 21 =     0.0000,     3.3514                
# span 22 = 0.0000e+00, 0.0000e+00                
# interval = seconds: 0.0416667
# start_time = Jun 12 2023 07:55:11 [NMEA time, first data scan]
# bad_flag = -9.990e-29
*END*
[from data line 1827]
      8.885   63.23128 -165.64260      8.972    -0.3851    -0.4521    -0.3853    29.3402    29.3979  1023.5955    23.5522    396.528    386.162  367.37525    107.935    104.974     0.1306     0.4359     4.2491     0.4140       1828     1.2688  0.000e+00
      8.885   63.23128 -165.64260      8.972    -0.3863    -0.4492    -0.3865    29.3416    29.3966  1023.5967    23.5534    396.059    386.258  367.38275    107.805    105.007     0.1306     0.4359     4.2491     0.4140       1829     1.2694  0.000e+00
      8.885   63.23128 -165.64260      8.972    -0.3864    -0.4477    -0.3866    29.3416    29.3955  1023.5967    23.5534    396.231    386.193  367.38349    107.852    104.993     0.1306     0.4359     4.2491     0.4140       1830     1.2701  0.000e+00
      8.854   63.23128 -165.64260      8.941    -0.3894    -0.4459    -0.3896    29.3438    29.3943  1023.5984    23.5553    396.210    386.111  367.40636    107.840    104.974     0.1306     0.4359     4.2491     0.4140       1831     1.2708  0.000e+00
      8.885   63.23128 -165.64260      8.972    -0.3960    -0.4451    -0.3962    29.3492    29.3932  1023.6031    23.5598    396.716    386.063  367.45559    107.963    104.963     0.1306     0.4359     4.2491     0.4140       1832     1.2715  0.000e+00
      8.939   63.23128 -165.64260      9.027    -0.3987    -0.4477    -0.3989    29.3512    29.3953  1023.6050    23.5615    396.298    386.035  367.47640    107.843    104.950     0.1306     0.4359     4.2540     0.4094       1833     1.2722  0.000e+00
      8.885   63.23128 -165.64260      8.972    -0.3989    -0.4508    -0.3991    29.3516    29.3976  1023.6051    23.5619    396.246    385.996  367.47681    107.829    104.932     0.1306     0.4359     4.2601     0.4036       1834     1.2729  0.000e+00
      8.885   63.23128 -165.64260      8.972    -0.3967    -0.4523    -0.3969    29.3542    29.3986  1023.6072    23.5639    396.400    385.934  367.44840    107.879    104.912     0.1294     0.4286     4.2601     0.4036       1835     1.2736  0.000e+00
      8.908   63.23128 -165.64260      8.995    -0.4103    -0.4526    -0.4105    29.3736    29.3990  1023.6233    23.5799    396.525    385.849  367.52544    107.891    104.888     0.1306     0.4359     4.2601     0.4036       1836     1.2743  0.000e+00
      8.939   63.23128 -165.64260      9.027    -0.4288    -0.4509    -0.4290    29.3988    29.3981  1023.6445    23.6009    396.681    385.765  367.63435    107.901    104.869     0.1294     0.4286     4.2601     0.4036       1837     1.2750  0.000e+00
      8.885   63.23128 -165.64260      8.972    -0.4358    -0.4472    -0.4359    29.4128    29.3953  1023.6557    23.6124    396.709    385.648  367.66180    107.901    104.846     0.1306     0.4359     4.2601     0.4036       1838     1.2757  0.000e+00
      8.939   63.23128 -165.64260      9.027    -0.4432    -0.4402    -0.4434    29.4249    29.3903  1023.6659    23.6224    396.790    385.524  367.69956    107.911    104.827     0.1294     0.4286     4.2601     0.4036       1839     1.2764  0.000e+00
      8.939   63.23128 -165.64260      9.027    -0.4512    -0.4336    -0.4514    29.4363    29.3853  1023.6754    23.6319    396.817    385.394  367.74541    107.905    104.806     0.1282     0.4212     4.2601     0.4036       1840     1.2771  0.000e+00
      8.939   63.23128 -165.64260      9.027    -0.4695    -0.4286    -0.4697    29.4543    29.3812  1023.6904    23.6469    396.988    385.271  367.87346    107.914    104.784     0.1282     0.4212     4.2601     0.4036       1841     1.2778  0.000e+00
      8.908   63.23128 -165.64260      8.995    -0.4828    -0.4260    -0.4830    29.4643    29.3785  1023.6988    23.6554    397.613    385.388  367.97442    108.054    104.820     0.1270     0.4139     4.2601     0.4036       1842     1.2785  0.000e+00
      8.939   63.23128 -165.64260      9.027    -0.4869    -0.4263    -0.4871    29.4700    29.3784  1023.7036    23.6601    397.459    385.361  367.99867    108.006    104.812     0.1282     0.4212     4.2601     0.4036       1843     1.2792  0.000e+00
      8.939   63.23128 -165.64260      9.027    -0.4932    -0.4295    -0.4934    29.4798    29.3809  1023.7118    23.6682    397.366    385.351  368.03205    107.970    104.802     0.1270     0.4139     4.2601     0.4036       1844     1.2799  0.000e+00
      8.939   63.23128 -165.64260      9.027    -0.4929    -0.4333    -0.4931    29.4820    29.3823  1023.7135    23.6700    397.340    385.149  368.02299    107.966    104.738     0.1282     0.4212     4.2601     0.4036       1845     1.2806  0.000e+00
      8.993   63.23128 -165.64260      9.081    -0.4954    -0.4361    -0.4956    29.4859    29.3844  1023.7170    23.6732    397.585    385.124  368.03561    108.029    104.725     0.1270     0.4139     4.2601     0.4036       1846     1.2813  0.000e+00
      8.970   63.23128 -165.64260      9.058    -0.4949    -0.4380    -0.4951    29.4857    29.3888  1023.7167    23.6730    397.629    385.296  368.03171    108.042    104.770     0.1282     0.4212     4.2601     0.4036       1847     1.2819  0.000e+00
      8.939   63.23128 -165.64260      9.027    -0.4908    -0.4419    -0.4910    29.4797    29.3993  1023.7117    23.6681    397.631    385.270  368.00826    108.050    104.761     0.1270     0.4139     4.2601     0.4036       1848     1.2826  0.000e+00
      8.993   63.23128 -165.64260      9.081    -0.4861    -0.4443    -0.4863    29.4696    29.4071  1023.7036    23.6597    397.583    385.039  367.99205    108.041    104.698     0.1282     0.4212     4.2601     0.4036       1849     1.2833  0.000e+00
      8.993   63.23128 -165.64260      9.081    -0.4776    -0.4502    -0.4778    29.4537    29.4162  1023.6905    23.6467    397.534    385.033  367.95433    108.039    104.687     0.1270     0.4139     4.2601     0.4036       1850     1.2840  0.000e+00
      8.939   63.23128 -165.64260      9.027    -0.4630    -0.4530    -0.4632    29.4329    29.4200  1023.6730    23.6294    397.408    385.221  367.87126    108.029    104.734     0.1282     0.4212     4.2601     0.4036       1851     1.2847  0.000e+00
      9.024   63.23128 -165.64260      9.112    -0.4569    -0.4559    -0.4571    29.4247    29.4258  1023.6666    23.6226    397.390    385.212  367.83443    108.035    104.728     0.1270     0.4139     4.2601     0.4036       1852     1.2854  0.000e+00
      8.939   63.23128 -165.64260      9.027    -0.4532    -0.4660    -0.4534    29.4215    29.4484  1023.6635    23.6200    397.620    385.191  367.80737    108.105    104.713     0.1282     0.4212     4.2625     0.4013       1853     1.2861  0.000e+00
      9.055   63.23128 -165.64260      9.143    -0.4493    -0.4768    -0.4495    29.4215    29.4785  1023.6639    23.6198    397.628    385.190  367.76974    108.119    104.707     0.1282     0.4212     4.2674     0.3967       1854     1.2868  0.000e+00
      8.993   63.23128 -165.64260      9.081    -0.4529    -0.4875    -0.4531    29.4315    29.5040  1023.6719    23.6280    397.674    385.218  367.77576    108.130    104.706     0.1282     0.4212     4.2698     0.3945       1855     1.2875  0.000e+00
      8.993   63.23128 -165.64260      9.081    -0.4604    -0.4911    -0.4606    29.4409    29.5149  1023.6796    23.6358    397.762    385.203  367.82206    108.140    104.700     0.1282     0.4212     4.2686     0.3956       1856     1.2882  0.000e+00
      8.993   63.23128 -165.64260      9.081    -0.4552    -0.4976    -0.4554    29.4360    29.5244  1023.6755    23.6317    397.722    385.223  367.78514    108.140    104.695     0.1270     0.4139     4.2686     0.3956       1857     1.2889  0.000e+00
      9.024   63.23128 -165.64260      9.112    -0.4561    -0.5090    -0.4563    29.4405    29.5383  1023.6793    23.6353    397.718    385.283  367.78174    108.140    104.691     0.1282     0.4212     4.2686     0.3956       1858     1.2896  0.000e+00
      9.055   63.23128 -165.64260      9.143    -0.4658    -0.5147    -0.4660    29.4523    29.5475  1023.6893    23.6452    397.786    385.254  367.84262    108.140    104.675     0.1270     0.4139     4.2686     0.3956       1859     1.2903  0.000e+00
      9.055   63.23128 -165.64260      9.143    -0.4737    -0.5164    -0.4739    29.4579    29.5516  1023.6941    23.6499    398.089    385.216  367.90351    108.205    104.663     0.1282     0.4212     4.2686     0.3956       1860     1.2910  0.000e+00
      9.055   63.23128 -165.64260      9.143    -0.4740    -0.5199    -0.4742    29.4555    29.5561  1023.6921    23.6480    397.896    385.417  367.91388    108.149    104.712     0.1270     0.4139     4.2686     0.3956       1861     1.2917  0.000e+00
      8.993   63.23128 -165.64260      9.081    -0.4715    -0.5248    -0.4717    29.4478    29.5645  1023.6856    23.6418    398.080    385.451  367.91138    108.200    104.714     0.1282     0.4212     4.2686     0.3956       1862     1.2924  0.000e+00
      9.078   63.23128 -165.64260      9.167    -0.4660    -0.5285    -0.4662    29.4346    29.5716  1023.6751    23.6309    397.826    385.477  367.89562    108.135    104.717     0.1270     0.4139     4.2686     0.3956       1863     1.2931  0.000e+00
      9.055   63.23128 -165.64260      9.143    -0.4609    -0.5298    -0.4611    29.4230    29.5737  1023.6655    23.6214    398.013    385.479  367.87858    108.191    104.715     0.1282     0.4212     4.2686     0.3956       1864     1.2938  0.000e+00
      9.055   63.23128 -165.64260      9.143    -0.4557    -0.5319    -0.4559    29.4127    29.5742  1023.6570    23.6129    397.976    385.490  367.85725    108.188    104.713     0.1331     0.4505     4.2686     0.3956       1865     1.2944  0.000e+00
      9.055   63.23128 -165.64260      9.143    -0.4484    -0.5329    -0.4486    29.4016    29.5724  1023.6478    23.6037    397.903    385.492  367.81818    108.179    104.709     0.1368     0.4725     4.2686     0.3956       1866     1.2951  0.000e+00
      9.109   63.23128 -165.64260      9.198    -0.4394    -0.5323    -0.4396    29.3907    29.5688  1023.6391    23.5947    397.796    385.509  367.76125    108.167    104.713     0.1392     0.4872     4.2686     0.3956       1867     1.2958  0.000e+00
      9.078   63.23128 -165.64260      9.167    -0.4353    -0.5311    -0.4355    29.3832    29.5648  1023.6327    23.5885    397.722    385.511  367.74243    108.152    104.713     0.1380     0.4798     4.2686     0.3956       1868     1.2965  0.000e+00
      9.109   63.23128 -165.64260      9.198    -0.4348    -0.5297    -0.4350    29.3797    29.5611  1023.6300    23.5856    397.671    385.478  367.74808    108.137    104.705     0.1380     0.4798     4.2686     0.3956       1869     1.2972  0.000e+00
      9.055   63.23128 -165.64260      9.143    -0.4330    -0.5289    -0.4332    29.3761    29.5589  1023.6268    23.5827    397.332    385.471  367.74023    108.047    104.703     0.1380     0.4798     4.2686     0.3956       1870     1.2979  0.000e+00
      9.109   63.23128 -165.64260      9.198    -0.4302    -0.5302    -0.4304    29.3712    29.5567  1023.6230    23.5787    397.488    385.713  367.72701    108.093    104.764     0.1380     0.4798     4.2686     0.3956       1871     1.2986  0.000e+00
      9.109   63.23128 -165.64260      9.198    -0.4341    -0.5312    -0.4343    29.3736    29.5557  1023.6250    23.5807    397.482    385.748  367.75800    108.083    104.770     0.1380     0.4798     4.2686     0.3956       1872     1.2993  0.000e+00
      9.109   63.23128 -165.64260      9.198    -0.4393    -0.5313    -0.4395    29.3786    29.5550  1023.6292    23.5849    397.474    385.765  367.79510    108.069    104.774     0.1380     0.4798     4.2637     0.4002       1873     1.3000  0.000e+00
      9.140   63.23128 -165.64260      9.229    -0.4485    -0.5312    -0.4487    29.3880    29.5536  1023.6372    23.5927    397.492    385.779  367.85851    108.056    104.776     0.1380     0.4798     4.2430     0.4197       1874     1.3007  0.000e+00
      9.171   63.23128 -165.64260      9.260    -0.4564    -0.5294    -0.4566    29.3969    29.5497  1023.6449    23.6002    397.483    385.773  367.90976    108.038    104.777     0.1380     0.4798     4.2357     0.4266       1875     1.3014  0.000e+00
      9.109   63.23128 -165.64260      9.198    -0.4570    -0.5273    -0.4572    29.4019    29.5472  1023.6486    23.6042    397.379    385.751  367.90154    108.012    104.775     0.1380     0.4798     4.2369     0.4255       1876     1.3021  0.000e+00
      9.171   63.23128 -165.64260      9.260    -0.4570    -0.5273    -0.4572    29.4046    29.5464  1023.6511    23.6064    397.620    385.751  367.89389    108.080    104.774     0.1380     0.4798     4.2369     0.4255       1877     1.3028  0.000e+00
      9.109   63.23128 -165.64260      9.198    -0.4602    -0.5280    -0.4604    29.4072    29.5465  1023.6530    23.6086    397.327    385.776  367.91740    107.994    104.779     0.1368     0.4725     4.2381     0.4243       1878     1.3035  0.000e+00
      9.140   63.23128 -165.64260      9.229    -0.4647    -0.5277    -0.4649    29.4108    29.5441  1023.6562    23.6116    397.550    386.023  367.95138    108.044    104.845     0.1380     0.4798     4.2381     0.4243       1879     1.3042  0.000e+00
      9.225   63.23128 -165.64260      9.315    -0.4671    -0.5263    -0.4673    29.4158    29.5404  1023.6607    23.6158    397.525    386.063  367.95968    108.035    104.857     0.1392     0.4872     4.2369     0.4255       1880     1.3049  0.000e+00
      9.171   63.23128 -165.64260      9.260    -0.4676    -0.5247    -0.4678    29.4215    29.5365  1023.6650    23.6204    397.300    386.088  367.94836    107.977    104.865     0.1380     0.4798     4.2381     0.4243       1881     1.3056  0.000e+00
      9.171   63.23128 -165.64260      9.260    -0.4732    -0.5222    -0.4734    29.4329    29.5306  1023.6745    23.6298    397.482    385.883  367.97090    108.020    104.811     0.1392     0.4872     4.2369     0.4255       1882     1.3062  0.000e+00
      9.171   63.23128 -165.64260      9.260    -0.4872    -0.5216    -0.4874    29.4512    29.5271  1023.6897    23.6450    397.781    386.109  368.05536    108.076    104.871     0.1380     0.4798     4.2381     0.4243       1883     1.3069  0.000e+00
      9.194   63.23128 -165.64260      9.284    -0.4982    -0.5214    -0.4983    29.4642    29.5236  1023.7006    23.6558    397.634    385.915  368.12517    108.016    104.817     0.1380     0.4798     4.2381     0.4243       1884     1.3076  0.000e+00
      9.225   63.23128 -165.64260      9.315    -0.5026    -0.5215    -0.5028    29.4695    29.5191  1023.7051    23.6601    397.629    385.921  368.15403    108.006    104.814     0.1380     0.4798     4.2381     0.4243       1885     1.3083  0.000e+00
      9.225   63.23128 -165.64260      9.315    -0.5070    -0.5210    -0.5072    29.4748    29.5159  1023.7096    23.6646    397.610    385.910  368.18136    107.993    104.810     0.1380     0.4798     4.2369     0.4255       1886     1.3090  0.000e+00
      9.171   63.23128 -165.64260      9.260    -0.5086    -0.5215    -0.5088    29.4768    29.5162  1023.7109    23.6662    397.556    385.893  368.19186    107.975    104.804     0.1380     0.4798     4.2369     0.4255       1887     1.3097  0.000e+00
      9.286   63.23128 -165.64260      9.377    -0.5093    -0.5251    -0.5095    29.4770    29.5228  1023.7116    23.6664    397.494    385.900  368.19746    107.957    104.801     0.1380     0.4798     4.2381     0.4243       1888     1.3104  0.000e+00
      9.225   63.23128 -165.64260      9.315    -0.5100    -0.5267    -0.5102    29.4772    29.5263  1023.7116    23.6666    397.414    385.878  368.20455    107.933    104.794     0.1368     0.4725     4.2381     0.4243       1889     1.3111  0.000e+00
