merge_samples_with_btl/SKQ202309T/ctd/skq202309t_003svpavg.cnv
* Sea-Bird SBE 9 Data File:
* FileName = D:\CTD\SKQ202309T\SKQ202309T_003.hex
* Software Version Seasave V 7.26.7.121
* Temperature SN = 6177
* Conductivity SN = 0369
* Number of Bytes Per Scan = 38
* Number of Voltage Words = 3
* Number of Scans Averaged by the Deck Unit = 1
* NMEA Latitude = 56 26.56 N
* NMEA Longitude = 166 33.22 W
* NMEA UTC (Time) = Jun 10 2023  04:39:46
* NMEA baud rate = 4800
** Ship: R/V Sikuliaq
** Station Number: 003
** Station Name: STN 004
** Bottom Depth: 101
** Operator: Julia Moriarty
# nquan = 7
# nvalues = 95                          
# units = specified
# name 0 = depSM: Depth [salt water, m]
# name 1 = latitude: Latitude [deg]
# name 2 = longitude: Longitude [deg]
# name 3 = t090C: Temperature [ITS-90, deg C]
# name 4 = sal00: Salinity, Practical [PSU]
# name 5 = svCM: Sound Velocity [Chen-Millero, m/s]
# name 6 = flag: flag
# span 0 =      2.000,     96.000       
# span 1 =   56.44268,   56.44274       
# span 2 = -166.55362, -166.55347       
# span 3 =     3.6133,     6.7868       
# span 4 =    31.8195,    32.3652       
# span 5 =    1462.13,    1473.96       
# span 6 = 0.0000e+00, 0.0000e+00       
# interval = meters: 1                  
# start_time = Jun 10 2023 04:44:02 [NMEA time, first data scan]
# bad_flag = -9.990e-29
*END*
      2.000   56.44268 -166.55362     6.7629    31.8675    1473.84 0.0000e+00
      3.000   56.44268 -166.55362     6.7868    31.8694    1473.96 0.0000e+00
      4.000   56.44268 -166.55360     6.7609    31.8677    1473.87 0.0000e+00
      5.000   56.44268 -166.55361     6.7190    31.8644    1473.72 0.0000e+00
      6.000   56.44268 -166.55360     6.6398    31.8576    1473.41 0.0000e+00
      7.000   56.44268 -166.55361     6.5945    31.8540    1473.25 0.0000e+00
      8.000   56.44268 -166.55360     6.0892    31.8195    1471.21 0.0000e+00
      9.000   56.44268 -166.55360     5.5371    31.8361    1469.04 0.0000e+00
     10.000   56.44268 -166.55360     5.3679    31.8534    1468.39 0.0000e+00
     11.000   56.44268 -166.55360     5.2209    31.8829    1467.84 0.0000e+00
     12.000   56.44268 -166.55360     5.0853    31.8884    1467.31 0.0000e+00
     13.000   56.44268 -166.55360     4.9025    31.8929    1466.59 0.0000e+00
     14.000   56.44268 -166.55360     4.8161    31.9021    1466.26 0.0000e+00
     15.000   56.44268 -166.55360     4.7586    31.9100    1466.05 0.0000e+00
     16.000   56.44268 -166.55360     4.5499    31.9148    1465.21 0.0000e+00
     17.000   56.44268 -166.55360     4.3905    31.9187    1464.57 0.0000e+00
     18.000   56.44268 -166.55360     4.3006    31.9222    1464.22 0.0000e+00
     19.000   56.44268 -166.55360     4.2213    31.9309    1463.91 0.0000e+00
     20.000   56.44268 -166.55360     4.1730    31.9310    1463.73 0.0000e+00
     21.000   56.44268 -166.55360     4.1645    31.9305    1463.71 0.0000e+00
     22.000   56.44268 -166.55360     4.1114    31.9278    1463.50 0.0000e+00
     23.000   56.44268 -166.55360     4.0885    31.9258    1463.42 0.0000e+00
     24.000   56.44268 -166.55360     4.0712    31.9257    1463.36 0.0000e+00
     25.000   56.44268 -166.55360     4.0633    31.9261    1463.34 0.0000e+00
     26.000   56.44268 -166.55360     4.0564    31.9269    1463.33 0.0000e+00
     27.000   56.44268 -166.55360     4.0612    31.9321    1463.38 0.0000e+00
     28.000   56.44268 -166.55360     4.0426    31.9345    1463.32 0.0000e+00
     29.000   56.44268 -166.55360     4.0450    31.9369    1463.35 0.0000e+00
     30.000   56.44268 -166.55360     4.0761    31.9453    1463.50 0.0000e+00
     31.000   56.44268 -166.55360     4.0936    31.9481    1463.60 0.0000e+00
     32.000   56.44268 -166.55360     4.0946    31.9500    1463.62 0.0000e+00
     33.000   56.44268 -166.55360     4.0688    31.9484    1463.53 0.0000e+00
     34.000   56.44270 -166.55360     4.0268    31.9518    1463.37 0.0000e+00
     35.000   56.44270 -166.55360     4.0138    31.9531    1463.34 0.0000e+00
     36.000   56.44269 -166.55359     3.9968    31.9539    1463.28 0.0000e+00
     37.000   56.44268 -166.55359     3.9775    31.9539    1463.22 0.0000e+00
     38.000   56.44269 -166.55360     3.9616    31.9539    1463.17 0.0000e+00
     39.000   56.44270 -166.55358     3.9383    31.9541    1463.08 0.0000e+00
     40.000   56.44270 -166.55358     3.8927    31.9532    1462.91 0.0000e+00
     41.000   56.44270 -166.55358     3.8687    31.9519    1462.82 0.0000e+00
     42.000   56.44270 -166.55358     3.8520    31.9551    1462.77 0.0000e+00
     43.000   56.44270 -166.55358     3.9638    31.9725    1463.28 0.0000e+00
     44.000   56.44270 -166.55358     4.0241    31.9817    1463.56 0.0000e+00
     45.000   56.44270 -166.55358     4.0246    31.9833    1463.59 0.0000e+00
     46.000   56.44270 -166.55358     3.9542    31.9805    1463.30 0.0000e+00
     47.000   56.44270 -166.55358     3.9155    31.9794    1463.15 0.0000e+00
     48.000   56.44270 -166.55358     3.8456    31.9740    1462.87 0.0000e+00
     49.000   56.44270 -166.55358     3.6940    31.9644    1462.23 0.0000e+00
     50.000   56.44270 -166.55358     3.6657    31.9655    1462.13 0.0000e+00
     51.000   56.44270 -166.55356     3.7250    31.9745    1462.41 0.0000e+00
     52.000   56.44270 -166.55356     3.7436    31.9809    1462.51 0.0000e+00
     53.000   56.44270 -166.55356     3.7137    31.9814    1462.40 0.0000e+00
     54.000   56.44270 -166.55356     3.7066    31.9853    1462.40 0.0000e+00
     55.000   56.44270 -166.55354     3.6944    31.9878    1462.36 0.0000e+00
     56.000   56.44272 -166.55354     3.6764    31.9872    1462.30 0.0000e+00
     57.000   56.44272 -166.55354     3.6527    31.9870    1462.22 0.0000e+00
     58.000   56.44272 -166.55354     3.6498    31.9911    1462.23 0.0000e+00
     59.000   56.44272 -166.55354     3.6534    31.9934    1462.26 0.0000e+00
     60.000   56.44272 -166.55354     3.6423    31.9986    1462.24 0.0000e+00
     61.000   56.44272 -166.55354     3.6351    32.0075    1462.24 0.0000e+00
     62.000   56.44272 -166.55354     3.6288    32.0134    1462.23 0.0000e+00
     63.000   56.44272 -166.55354     3.6162    32.0187    1462.20 0.0000e+00
     64.000   56.44272 -166.55354     3.6133    32.0257    1462.22 0.0000e+00
     65.000   56.44272 -166.55354     3.6330    32.0359    1462.33 0.0000e+00
     66.000   56.44272 -166.55354     3.6803    32.0644    1462.58 0.0000e+00
     67.000   56.44272 -166.55354     3.6907    32.0717    1462.65 0.0000e+00
     68.000   56.44272 -166.55354     3.6963    32.0773    1462.70 0.0000e+00
     69.000   56.44272 -166.55354     3.6907    32.0817    1462.70 0.0000e+00
     70.000   56.44272 -166.55354     3.7257    32.1228    1462.92 0.0000e+00
     71.000   56.44272 -166.55354     3.7473    32.1403    1463.05 0.0000e+00
     72.000   56.44272 -166.55353     3.7471    32.1714    1463.10 0.0000e+00
     73.000   56.44272 -166.55352     3.7892    32.2315    1463.37 0.0000e+00
     74.000   56.44272 -166.55352     3.8774    32.2975    1463.85 0.0000e+00
     75.000   56.44272 -166.55352     3.9260    32.3344    1464.12 0.0000e+00
     76.000   56.44272 -166.55352     3.9477    32.3474    1464.24 0.0000e+00
     77.000   56.44272 -166.55352     3.9537    32.3513    1464.29 0.0000e+00
     78.000   56.44272 -166.55352     3.9569    32.3529    1464.32 0.0000e+00
     79.000   56.44272 -166.55352     3.9593    32.3540    1464.35 0.0000e+00
     80.000   56.44272 -166.55352     3.9617    32.3551    1464.37 0.0000e+00
     81.000   56.44272 -166.55352     3.9603    32.3547    1464.39 0.0000e+00
     82.000   56.44272 -166.55352     3.9641    32.3563    1464.42 0.0000e+00
     83.000   56.44272 -166.55352     3.9683    32.3578    1464.46 0.0000e+00
     84.000   56.44272 -166.55352     3.9687    32.3581    1464.47 0.0000e+00
     85.000   56.44272 -166.55352     3.9694    32.3585    1464.49 0.0000e+00
     86.000   56.44272 -166.55352     3.9714    32.3592    1464.52 0.0000e+00
     87.000   56.44272 -166.55352     3.9739    32.3599    1464.55 0.0000e+00
     88.000   56.44272 -166.55350     3.9744    32.3601    1464.57 0.0000e+00
     89.000   56.44272 -166.55350     3.9756    32.3606    1464.59 0.0000e+00
     90.000   56.44272 -166.55350     3.9787    32.3616    1464.62 0.0000e+00
     91.000   56.44274 -166.55350     3.9894    32.3649    1464.68 0.0000e+00
     92.000   56.44274 -166.55350     3.9894    32.3649    1464.70 0.0000e+00
     93.000   56.44274 -166.55350     3.9903    32.3652    1464.72 0.0000e+00
     94.000   56.44274 -166.55350     3.9895    32.3649    1464.74 0.0000e+00
     95.000   56.44274 -166.55349     3.9895    32.3650    1464.75 0.0000e+00
     96.000   56.44274 -166.55347     3.9881    32.3648    1464.76 0.0000e+00
