merge_samples_with_btl/SKQ202309T/ctd/skq202309t_001.ros
* Sea-Bird SBE 9 Data File:
* FileName = D:\CTD\SKQ202309T\SKQ202309T_001.hex
* Software Version Seasave V 7.26.7.121
* Temperature SN = 6177
* Conductivity SN = 0369
* Number of Bytes Per Scan = 38
* Number of Voltage Words = 3
* Number of Scans Averaged by the Deck Unit = 1
* NMEA Latitude = 59 50.67 N
* NMEA Longitude = 149 28.05 W
* NMEA UTC (Time) = Jun 06 2023  18:49:21
* NMEA baud rate = 4800
** Ship: R/V Sikuliaq
** Station Number: 001
** Station Name: GAK1
** Bottom Depth: 272
** Operator: AP
# nquan = 22
# nvalues = 980                                   
# units = specified
# name 0 = depSM: Depth [salt water, m]
# name 1 = latitude: Latitude [deg]
# name 2 = longitude: Longitude [deg]
# name 3 = prDM: Pressure, Digiquartz [db]
# name 4 = t090C: Temperature [ITS-90, deg C]
# name 5 = t190C: Temperature, 2 [ITS-90, deg C]
# name 6 = potemp090C: Potential Temperature [ITS-90, deg C]
# name 7 = sal00: Salinity, Practical [PSU]
# name 8 = sal11: Salinity, Practical, 2 [PSU]
# name 9 = density00: Density [density, kg/m^3]
# name 10 = sigma-é00: Density [sigma-theta, kg/m^3]
# name 11 = sbox0Mm/Kg: Oxygen, SBE 43 [umol/kg]
# name 12 = sbox1Mm/Kg: Oxygen, SBE 43, 2 [umol/kg]
# name 13 = oxsolMm/Kg: Oxygen Saturation, Garcia & Gordon [umol/kg]
# name 14 = sbeox0PS: Oxygen, SBE 43 [% saturation]
# name 15 = v0: Voltage 0
# name 16 = flECO-AFL: Fluorescence, WET Labs ECO-AFL/FL [mg/m^3]
# name 17 = CStarAt0: Beam Attenuation, WET Labs C-Star [1/m]
# name 18 = par: PAR/Irradiance, Biospherical/Licor
# name 19 = scan: Scan Count
# name 20 = nbf: Bottles Fired
# name 21 = flag:  0.000e+00
# interval = seconds: 0.0416667
# start_time = Jun 06 2023 18:55:03 [NMEA time, first data scan]
# bad_flag = -9.990e-29
*END*
[from data line 132]
    199.734   59.84444 -149.46796    201.731     5.6564     5.6586     5.6403    32.8347    32.8492  1026.8160    25.8853    195.727    189.817  307.58763     63.633     0.0623     0.0256     0.2067 8.4714e-06      19946          3  0.000e+00
    199.734   59.84444 -149.46796    201.731     5.6560     5.6587     5.6399    32.8342    32.8492  1026.8157    25.8850    195.731    189.818  307.59207     63.633     0.0623     0.0256     0.2067 8.4714e-06      19947          3  0.000e+00
    199.734   59.84444 -149.46796    201.731     5.6558     5.6586     5.6397    32.8336    32.8492  1026.8152    25.8845    195.732    189.820  307.59461     63.633     0.0635     0.0330     0.2067 8.4714e-06      19948          3  0.000e+00
    199.796   59.84444 -149.46796    201.794     5.6555     5.6586     5.6394    32.8339    32.8489  1026.8157    25.8847    195.699    189.824  307.59622     63.622     0.0623     0.0256     0.2067 8.4714e-06      19949          3  0.000e+00
    199.734   59.84444 -149.46796    201.732     5.6552     5.6584     5.6391    32.8341    32.8490  1026.8156    25.8849    195.691    189.804  307.59761     63.619     0.0623     0.0256     0.2067 8.4714e-06      19950          3  0.000e+00
    199.796   59.84444 -149.46796    201.794     5.6555     5.6583     5.6394    32.8342    32.8488  1026.8160    25.8850    195.681    189.787  307.59551     63.616     0.0635     0.0330     0.2067 8.4714e-06      19951          3  0.000e+00
    199.850   59.84444 -149.46796    201.849     5.6553     5.6584     5.6392    32.8335    32.8483  1026.8157    25.8845    195.703    189.768  307.59821     63.623     0.0635     0.0330     0.2067 1.0000e-12      19952          3  0.000e+00
    199.796   59.84444 -149.46796    201.794     5.6552     5.6583     5.6391    32.8330    32.8484  1026.8151    25.8841    195.689    189.746  307.60042     63.618     0.0635     0.0330     0.2078 8.4714e-06      19953          3  0.000e+00
    199.796   59.84444 -149.46796    201.794     5.6554     5.6583     5.6393    32.8339    32.8486  1026.8158    25.8848    195.670    189.744  307.59691     63.613     0.0623     0.0256     0.2089 8.4714e-06      19954          3  0.000e+00
    199.851   59.84444 -149.46796    201.849     5.6552     5.6584     5.6391    32.8346    32.8488  1026.8166    25.8853    195.653    189.742  307.59684     63.607     0.0623     0.0256     0.2089 8.4714e-06      19955          3  0.000e+00
    199.851   59.84444 -149.46796    201.849     5.6558     5.6584     5.6397    32.8346    32.8489  1026.8165    25.8853    195.628    189.741  307.59226     63.600     0.0623     0.0256     0.2089 8.4714e-06      19956          3  0.000e+00
    199.851   59.84444 -149.46796    201.849     5.6555     5.6584     5.6394    32.8357    32.8492  1026.8174    25.8862    195.604    189.739  307.59211     63.592     0.0635     0.0330     0.2089 8.4714e-06      19957          3  0.000e+00
    199.858   59.84444 -149.46796    201.857     5.6557     5.6586     5.6395    32.8356    32.8491  1026.8174    25.8861    195.577    189.737  307.59117     63.583     0.0623     0.0256     0.2078 1.0000e-12      19958          3  0.000e+00
    199.905   59.84444 -149.46796    201.904     5.6557     5.6587     5.6396    32.8355    32.8493  1026.8175    25.8860    195.581    189.714  307.59097     63.585     0.0635     0.0330     0.2089 8.4714e-06      19959          3  0.000e+00
    199.905   59.84444 -149.46796    201.904     5.6560     5.6586     5.6398    32.8358    32.8497  1026.8177    25.8862    195.580    189.712  307.58853     63.585     0.0623     0.0256     0.2089 8.4714e-06      19960          3  0.000e+00
    199.738   59.84444 -149.46794    201.735     5.6512     5.6548     5.6351    32.8262    32.8435  1026.8100    25.8792    196.306    190.237  307.64477     63.809     0.0611     0.0183     0.2122 1.0000e-12      20168          4  0.000e+00
    199.854   59.84444 -149.46794    201.853     5.6512     5.6549     5.6351    32.8264    32.8434  1026.8106    25.8794    196.112    190.234  307.64437     63.746     0.0623     0.0256     0.2133 8.4714e-06      20169          4  0.000e+00
    199.800   59.84444 -149.46794    201.798     5.6507     5.6549     5.6346    32.8261    32.8436  1026.8102    25.8791    196.060    190.410  307.64848     63.729     0.0611     0.0183     0.2133 8.4714e-06      20170          4  0.000e+00
    199.854   59.84444 -149.46794    201.853     5.6504     5.6551     5.6343    32.8254    32.8438  1026.8100    25.8787    196.247    190.240  307.65255     63.788     0.0623     0.0256     0.2133 1.0000e-12      20171          4  0.000e+00
    199.800   59.84444 -149.46794    201.798     5.6501     5.6551     5.6340    32.8259    32.8439  1026.8101    25.8791    196.051    190.434  307.65377     63.725     0.0611     0.0183     0.2133 1.0000e-12      20172          4  0.000e+00
    199.800   59.84444 -149.46794    201.798     5.6501     5.6554     5.6340    32.8259    32.8434  1026.8101    25.8791    196.203    190.444  307.65377     63.774     0.0623     0.0256     0.2133 8.4714e-06      20173          4  0.000e+00
    199.800   59.84444 -149.46794    201.798     5.6502     5.6551     5.6341    32.8255    32.8440  1026.8098    25.8787    196.212    190.453  307.65362     63.777     0.0611     0.0183     0.2133 8.4714e-06      20174          4  0.000e+00
    199.800   59.84444 -149.46794    201.798     5.6501     5.6552     5.6340    32.8256    32.8443  1026.8099    25.8789    196.190    190.460  307.65395     63.770     0.0623     0.0256     0.2133 1.0000e-12      20175          4  0.000e+00
    199.800   59.84444 -149.46794    201.798     5.6502     5.6552     5.6341    32.8258    32.8441  1026.8101    25.8790    196.196    190.466  307.65273     63.772     0.0611     0.0183     0.2133 8.4714e-06      20176          4  0.000e+00
    199.800   59.84444 -149.46794    201.798     5.6504     5.6554     5.6343    32.8256    32.8441  1026.8098    25.8788    196.204    190.490  307.65223     63.774     0.0611     0.0183     0.2144 8.4714e-06      20177          4  0.000e+00
    199.855   59.84444 -149.46794    201.853     5.6504     5.6552     5.6343    32.8259    32.8446  1026.8103    25.8790    196.212    190.515  307.65158     63.777     0.0611     0.0183     0.2144 8.4714e-06      20178          4  0.000e+00
    199.738   59.84444 -149.46794    201.736     5.6503     5.6554     5.6342    32.8264    32.8444  1026.8102    25.8795    196.248    190.535  307.65107     63.789     0.0611     0.0183     0.2144 1.0000e-12      20179          4  0.000e+00
    199.800   59.84444 -149.46794    201.798     5.6502     5.6554     5.6341    32.8263    32.8445  1026.8104    25.8794    196.259    190.538  307.65166     63.793     0.0611     0.0183     0.2144 1.0000e-12      20180          4  0.000e+00
    199.800   59.84444 -149.46794    201.798     5.6506     5.6558     5.6345    32.8265    32.8445  1026.8105    25.8795    196.266    190.719  307.64872     63.795     0.0611     0.0183     0.2144 8.4714e-06      20181          4  0.000e+00
    199.800   59.84444 -149.46794    201.798     5.6507     5.6555     5.6346    32.8262    32.8445  1026.8102    25.8792    196.039    190.554  307.64830     63.722     0.0611     0.0183     0.2144 8.4714e-06      20182          4  0.000e+00
    199.800   59.84444 -149.46794    201.798     5.6509     5.6554     5.6348    32.8261    32.8446  1026.8102    25.8791    196.017    190.551  307.64735     63.715     0.0611     0.0183     0.2144 8.4714e-06      20183          4  0.000e+00
    199.800   59.84444 -149.46794    201.798     5.6510     5.6555     5.6349    32.8261    32.8447  1026.8102    25.8792    195.996    190.544  307.64614     63.708     0.0611     0.0183     0.2144 1.0000e-12      20184          4  0.000e+00
    199.739   59.84444 -149.46794    201.736     5.6507     5.6554     5.6346    32.8268    32.8445  1026.8105    25.8797    196.179    190.557  307.64681     63.768     0.0611     0.0183     0.2144 1.0000e-12      20185          4  0.000e+00
    199.800   59.84444 -149.46794    201.798     5.6513     5.6552     5.6352    32.8263    32.8447  1026.8103    25.8792    196.190    190.550  307.64354     63.772     0.0611     0.0183     0.2133 8.4714e-06      20186          4  0.000e+00
    199.800   59.84444 -149.46794    201.798     5.6512     5.6555     5.6351    32.8266    32.8439  1026.8106    25.8795    196.201    190.540  307.64352     63.776     0.0611     0.0183     0.2144 8.4714e-06      20187          4  0.000e+00
    199.739   59.84444 -149.46794    201.736     5.6513     5.6554     5.6352    32.8265    32.8442  1026.8102    25.8794    196.211    190.527  307.64302     63.779     0.0611     0.0183     0.2144 8.4714e-06      20188          4  0.000e+00
    199.801   59.84444 -149.46794    201.798     5.6512     5.6552     5.6351    32.8269    32.8444  1026.8108    25.8798    196.224    190.537  307.64324     63.783     0.0598     0.0110     0.2144 8.4714e-06      20189          4  0.000e+00
    199.739   59.84444 -149.46794    201.736     5.6512     5.6554     5.6351    32.8273    32.8440  1026.8108    25.8800    196.030    190.521  307.64246     63.720     0.0611     0.0183     0.2144 1.0000e-12      20190          4  0.000e+00
    199.801   59.84444 -149.46794    201.798     5.6513     5.6552     5.6352    32.8273    32.8438  1026.8110    25.8800    196.013    190.529  307.64132     63.715     0.0598     0.0110     0.2133 8.4714e-06      20191          4  0.000e+00
    199.801   59.84444 -149.46794    201.798     5.6512     5.6554     5.6351    32.8275    32.8436  1026.8113    25.8802    196.200    190.532  307.64148     63.776     0.0611     0.0183     0.2144 8.4714e-06      20192          4  0.000e+00
    199.801   59.84444 -149.46794    201.798     5.6513     5.6552     5.6352    32.8277    32.8437  1026.8114    25.8803    196.213    190.536  307.64043     63.780     0.0598     0.0110     0.2144 8.4714e-06      20193          4  0.000e+00
    199.739   59.84444 -149.46794    201.736     5.6512     5.6552     5.6351    32.8280    32.8438  1026.8114    25.8806    196.226    190.537  307.64069     63.784     0.0611     0.0183     0.2144 8.4714e-06      20194          4  0.000e+00
    199.801   59.84444 -149.46794    201.798     5.6513     5.6552     5.6352    32.8284    32.8442  1026.8119    25.8809    196.036    190.540  307.63874     63.723     0.0598     0.0110     0.2144 1.0000e-12      20195          4  0.000e+00
    199.801   59.84444 -149.46794    201.798     5.6515     5.6552     5.6354    32.8286    32.8437  1026.8121    25.8811    196.224    190.541  307.63674     63.784     0.0611     0.0183     0.2133 8.4714e-06      20196          4  0.000e+00
    199.746   59.84444 -149.46794    201.744     5.6515     5.6552     5.6354    32.8291    32.8435  1026.8122    25.8814    196.237    190.520  307.63605     63.789     0.0598     0.0110     0.2122 8.4714e-06      20197          4  0.000e+00
    199.801   59.84444 -149.46794    201.798     5.6516     5.6554     5.6355    32.8291    32.8440  1026.8125    25.8815    196.049    190.497  307.63481     63.728     0.0598     0.0110     0.2122 8.4714e-06      20198          4  0.000e+00
    199.855   59.84444 -149.46794    201.853     5.6518     5.6549     5.6357    32.8294    32.8441  1026.8129    25.8816    196.035    190.477  307.63312     63.724     0.0598     0.0110     0.2122 1.0000e-12      20199          4  0.000e+00
    199.739   59.84444 -149.46794    201.736     5.6522     5.6552     5.6361    32.8294    32.8438  1026.8123    25.8816    196.222    190.468  307.63058     63.785     0.0611     0.0183     0.2122 8.4714e-06      20200          4  0.000e+00
    199.855   59.84444 -149.46794    201.853     5.6526     5.6549     5.6365    32.8296    32.8440  1026.8130    25.8817    196.036    190.466  307.62662     63.725     0.0598     0.0110     0.2122 8.4714e-06      20201          4  0.000e+00
    199.801   59.84444 -149.46794    201.798     5.6531     5.6549     5.6370    32.8303    32.8440  1026.8133    25.8822    196.192    190.459  307.62168     63.777     0.0598     0.0110     0.2122 8.4714e-06      20202          4  0.000e+00
    199.801   59.84444 -149.46794    201.798     5.6538     5.6552     5.6376    32.8314    32.8439  1026.8140    25.8830    195.969    190.450  307.61444     63.706     0.0598     0.0110     0.2122 8.4714e-06      20203          4  0.000e+00
    199.801   59.84444 -149.46794    201.798     5.6541     5.6552     5.6379    32.8317    32.8443  1026.8142    25.8832    196.158    190.625  307.61166     63.768     0.0598     0.0110     0.2122 8.4714e-06      20204          4  0.000e+00
    199.801   59.84444 -149.46794    201.799     5.6543     5.6555     5.6382    32.8313    32.8443  1026.8138    25.8828    195.972    190.633  307.61108     63.708     0.0598     0.0110     0.2122 8.4714e-06      20205          4  0.000e+00
    199.855   59.84444 -149.46794    201.853     5.6534     5.6554     5.6373    32.8317    32.8440  1026.8145    25.8833    195.965    190.644  307.61639     63.704     0.0598     0.0110     0.2122 1.0000e-12      20206          4  0.000e+00
    199.801   59.84444 -149.46794    201.799     5.6534     5.6554     5.6373    32.8315    32.8439  1026.8142    25.8831    195.954    190.649  307.61677     63.701     0.0598     0.0110     0.2122 1.0000e-12      20207          4  0.000e+00
    199.855   59.84444 -149.46794    201.853     5.6538     5.6554     5.6376    32.8310    32.8442  1026.8139    25.8827    196.150    190.471  307.61539     63.765     0.0598     0.0110     0.2122 8.4714e-06      20208          4  0.000e+00
    199.855   59.84444 -149.46794    201.853     5.6538     5.6551     5.6377    32.8310    32.8445  1026.8140    25.8827    196.171    190.640  307.61496     63.772     0.0611     0.0183     0.2122 8.4714e-06      20209          4  0.000e+00
    199.855   59.84444 -149.46794    201.853     5.6541     5.6552     5.6379    32.8312    32.8444  1026.8141    25.8828    196.159    190.642  307.61261     63.768     0.0598     0.0110     0.2122 1.0000e-12      20210          4  0.000e+00
    199.855   59.84444 -149.46794    201.853     5.6541     5.6552     5.6379    32.8315    32.8444  1026.8143    25.8830    195.975    190.643  307.61199     63.708     0.0611     0.0183     0.2122 8.4714e-06      20211          4  0.000e+00
    199.863   59.84444 -149.46794    201.861     5.6542     5.6554     5.6381    32.8323    32.8442  1026.8150    25.8837    196.168    190.642  307.60901     63.772     0.0598     0.0110     0.2122 8.4714e-06      20212          4  0.000e+00
    199.855   59.84444 -149.46794    201.853     5.6547     5.6554     5.6386    32.8322    32.8444  1026.8148    25.8835    196.187    190.639  307.60589     63.779     0.0611     0.0183     0.2122 8.4714e-06      20213          4  0.000e+00
    199.909   59.84444 -149.46794    201.908     5.6546     5.6552     5.6385    32.8322    32.8444  1026.8150    25.8835    196.211    190.453  307.60673     63.786     0.0611     0.0183     0.2122 8.4714e-06      20214          4  0.000e+00
    199.855   59.84444 -149.46794    201.853     5.6548     5.6555     5.6387    32.8318    32.8441  1026.8145    25.8832    196.230    190.610  307.60575     63.793     0.0623     0.0256     0.2122 8.4714e-06      20215          4  0.000e+00
    199.909   59.84444 -149.46794    201.908     5.6545     5.6555     5.6384    32.8318    32.8443  1026.8148    25.8833    196.051    190.605  307.60788     63.734     0.0611     0.0183     0.2122 1.0000e-12      20216          4  0.000e+00
    149.360   59.84446 -149.46790    150.835     5.3370     5.3371     5.3255    32.2002    32.2087  1026.1181    25.4199    271.725    265.128  311.37669     87.266     0.0611     0.0183     0.1011 8.4714e-06      23635          5  0.000e+00
