merge_samples_with_btl/SKQ202309T/ctd/skq202309t_002.ros
* Sea-Bird SBE 9 Data File:
* FileName = D:\CTD\SKQ202309T\SKQ202309T_002.hex
* Software Version Seasave V 7.26.7.121
* Temperature SN = 6177
* Conductivity SN = 0369
* Number of Bytes Per Scan = 38
* Number of Voltage Words = 3
* Number of Scans Averaged by the Deck Unit = 1
* NMEA Latitude = 54 25.07 N
* NMEA Longitude = 165 12.78 W
* NMEA UTC (Time) = Jun 09 2023  15:02:10
* NMEA baud rate = 4800
** Ship: R/V Sikuliaq
** Station Number: 002
** Station Name: STN002
** Bottom Depth: 177
** Operator: SZ
# nquan = 21
# nvalues = 980                                   
# units = specified
# name 0 = depSM: Depth [salt water, m]
# name 1 = latitude: Latitude [deg]
# name 2 = longitude: Longitude [deg]
# name 3 = prDM: Pressure, Digiquartz [db]
# name 4 = t090C: Temperature [ITS-90, deg C]
# name 5 = t190C: Temperature, 2 [ITS-90, deg C]
# name 6 = potemp090C: Potential Temperature [ITS-90, deg C]
# name 7 = sal00: Salinity, Practical [PSU]
# name 8 = sal11: Salinity, Practical, 2 [PSU]
# name 9 = density00: Density [density, kg/m^3]
# name 10 = sigma-é00: Density [sigma-theta, kg/m^3]
# name 11 = sbox0Mm/Kg: Oxygen, SBE 43 [umol/kg]
# name 12 = sbox1Mm/Kg: Oxygen, SBE 43, 2 [umol/kg]
# name 13 = oxsolMm/Kg: Oxygen Saturation, Garcia & Gordon [umol/kg]
# name 14 = sbeox0PS: Oxygen, SBE 43 [% saturation]
# name 15 = v0: Voltage 0
# name 16 = flECO-AFL: Fluorescence, WET Labs ECO-AFL/FL [mg/m^3]
# name 17 = CStarAt0: Beam Attenuation, WET Labs C-Star [1/m]
# name 18 = scan: Scan Count
# name 19 = nbf: Bottles Fired
# name 20 = flag:  0.000e+00
# interval = seconds: 0.0416667
# start_time = Jun 09 2023 15:06:35 [NMEA time, first data scan]
# bad_flag = -9.990e-29
*END*
[from data line 69]
    167.942   54.41814 -165.21350    169.531     4.4409     4.4411     4.4289    33.0741    33.0838  1026.9978    26.2104    233.030    226.642  316.02416     73.738     0.0818     0.1428     0.1353      17020          2  0.000e+00
    167.973   54.41814 -165.21350    169.562     4.4410     4.4411     4.4291    33.0736    33.0835  1026.9975    26.2100    232.846    226.646  316.02413     73.680     0.0818     0.1428     0.1353      17021          2  0.000e+00
    167.888   54.41814 -165.21350    169.476     4.4412     4.4411     4.4293    33.0730    33.0837  1026.9966    26.2095    232.838    226.814  316.02434     73.677     0.0818     0.1428     0.1353      17022          2  0.000e+00
    167.973   54.41814 -165.21350    169.562     4.4410     4.4411     4.4291    33.0735    33.0838  1026.9975    26.2099    232.836    226.818  316.02422     73.677     0.0818     0.1428     0.1353      17023          2  0.000e+00
    167.942   54.41814 -165.21350    169.531     4.4412     4.4411     4.4293    33.0734    33.0838  1026.9972    26.2098    232.832    226.629  316.02346     73.675     0.0818     0.1428     0.1353      17024          2  0.000e+00
    167.888   54.41814 -165.21350    169.476     4.4412     4.4413     4.4293    33.0732    33.0834  1026.9968    26.2096    232.829    226.606  316.02387     73.675     0.0806     0.1355     0.1353      17025          2  0.000e+00
    167.973   54.41814 -165.21350    169.562     4.4412     4.4412     4.4293    33.0735    33.0838  1026.9974    26.2099    232.831    226.588  316.02322     73.675     0.0818     0.1428     0.1353      17026          2  0.000e+00
    167.888   54.41814 -165.21350    169.476     4.4410     4.4410     4.4291    33.0733    33.0838  1026.9969    26.2098    232.831    226.756  316.02468     73.675     0.0830     0.1502     0.1299      17027          2  0.000e+00
    167.919   54.41814 -165.21350    169.508     4.4410     4.4411     4.4291    33.0737    33.0837  1026.9973    26.2101    233.079    226.756  316.02387     73.754     0.0818     0.1428     0.1107      17028          2  0.000e+00
    167.888   54.41814 -165.21350    169.476     4.4412     4.4411     4.4293    33.0732    33.0836  1026.9968    26.2097    232.904    226.777  316.02377     73.698     0.0830     0.1502     0.1033      17029          2  0.000e+00
    167.919   54.41814 -165.21350    169.508     4.4412     4.4411     4.4293    33.0734    33.0837  1026.9971    26.2098    232.910    226.777  316.02297     73.700     0.0818     0.1428     0.1033      17030          2  0.000e+00
    167.888   54.41814 -165.21350    169.476     4.4414     4.4411     4.4294    33.0733    33.0836  1026.9968    26.2097    232.915    226.585  316.02239     73.702     0.0818     0.1428     0.1043      17031          2  0.000e+00
    167.919   54.41814 -165.21350    169.508     4.4412     4.4412     4.4293    33.0733    33.0836  1026.9970    26.2098    232.925    226.562  316.02353     73.705     0.0818     0.1428     0.1043      17032          2  0.000e+00
    167.888   54.41814 -165.21350    169.476     4.4414     4.4411     4.4294    33.0734    33.0833  1026.9969    26.2098    232.933    226.539  316.02220     73.708     0.0818     0.1428     0.1043      17033          2  0.000e+00
    167.857   54.41814 -165.21350    169.445     4.4414     4.4411     4.4294    33.0733    33.0834  1026.9967    26.2097    232.943    226.515  316.02235     73.711     0.0806     0.1355     0.1043      17034          2  0.000e+00
    167.888   54.41814 -165.21350    169.477     4.4414     4.4411     4.4294    33.0727    33.0837  1026.9964    26.2093    232.957    226.493  316.02371     73.715     0.0818     0.1428     0.1043      17035          2  0.000e+00
    167.858   54.41814 -165.21350    169.445     4.4415     4.4411     4.4296    33.0731    33.0841  1026.9965    26.2095    232.969    226.468  316.02172     73.719     0.0818     0.1428     0.1043      17036          2  0.000e+00
    167.888   54.41814 -165.21350    169.477     4.4415     4.4413     4.4296    33.0731    33.0835  1026.9967    26.2096    232.984    226.446  316.02157     73.724     0.0818     0.1428     0.1043      17037          2  0.000e+00
    167.858   54.41814 -165.21350    169.445     4.4415     4.4414     4.4296    33.0728    33.0832  1026.9963    26.2093    232.966    226.444  316.02229     73.718     0.0818     0.1428     0.1043      17038          2  0.000e+00
    167.827   54.41814 -165.21350    169.414     4.4415     4.4411     4.4296    33.0730    33.0838  1026.9963    26.2095    232.947    226.444  316.02197     73.712     0.0818     0.1428     0.1043      17039          2  0.000e+00
    167.858   54.41814 -165.21350    169.445     4.4414     4.4414     4.4294    33.0734    33.0830  1026.9968    26.2098    232.965    226.423  316.02207     73.718     0.0830     0.1502     0.1043      17040          2  0.000e+00
    167.827   54.41814 -165.21350    169.414     4.4415     4.4413     4.4296    33.0731    33.0832  1026.9964    26.2096    232.981    226.212  316.02159     73.723     0.0818     0.1428     0.1043      17041          2  0.000e+00
    167.827   54.41814 -165.21350    169.414     4.4415     4.4413     4.4296    33.0728    33.0834  1026.9962    26.2093    233.001    226.382  316.02234     73.729     0.0830     0.1502     0.1043      17042          2  0.000e+00
    167.858   54.41814 -165.21350    169.445     4.4415     4.4413     4.4296    33.0730    33.0833  1026.9964    26.2095    233.022    226.385  316.02191     73.736     0.0818     0.1428     0.1043      17043          2  0.000e+00
    167.827   54.41814 -165.21350    169.414     4.4417     4.4413     4.4297    33.0729    33.0836  1026.9962    26.2094    233.042    226.176  316.02096     73.743     0.0818     0.1428     0.1043      17044          2  0.000e+00
    167.804   54.41814 -165.21350    169.391     4.4417     4.4414     4.4297    33.0727    33.0836  1026.9959    26.2092    233.065    226.135  316.02150     73.750     0.0818     0.1428     0.1043      17045          2  0.000e+00
    167.827   54.41814 -165.21350    169.414     4.4417     4.4415     4.4297    33.0729    33.0829  1026.9962    26.2093    233.090    226.099  316.02106     73.758     0.0818     0.1428     0.1043      17046          2  0.000e+00
    167.804   54.41814 -165.21350    169.391     4.4417     4.4418     4.4297    33.0727    33.0828  1026.9959    26.2092    233.115    226.060  316.02140     73.766     0.0818     0.1428     0.1043      17047          2  0.000e+00
    167.773   54.41814 -165.21350    169.360     4.4417     4.4418     4.4297    33.0724    33.0827  1026.9956    26.2090    233.142    226.023  316.02212     73.774     0.0818     0.1428     0.1065      17048          2  0.000e+00
    125.631   54.41846 -165.21388    126.806     4.5262     4.5268     4.5173    32.9915    33.0012  1026.7245    26.1355    241.453    234.762  315.57364     76.513     0.0989     0.2454     0.1054      22248          3  0.000e+00
    125.639   54.41846 -165.21388    126.814     4.5260     4.5268     4.5170    32.9915    33.0012  1026.7246    26.1356    241.436    234.740  315.57511     76.507     0.1001     0.2527     0.1054      22249          3  0.000e+00
    125.631   54.41846 -165.21388    126.806     4.5264     4.5270     4.5174    32.9916    33.0004  1026.7246    26.1356    241.416    234.717  315.57208     76.501     0.0989     0.2454     0.1054      22250          3  0.000e+00
    125.639   54.41846 -165.21388    126.814     4.5265     4.5268     4.5176    32.9913    33.0005  1026.7244    26.1353    241.433    234.696  315.57164     76.507     0.1001     0.2527     0.1054      22251          3  0.000e+00
    125.639   54.41846 -165.21388    126.814     4.5268     4.5273     4.5179    32.9907    33.0005  1026.7239    26.1348    241.419    234.670  315.57076     76.502     0.0989     0.2454     0.1054      22252          3  0.000e+00
    125.577   54.41846 -165.21388    126.752     4.5269     4.5273     4.5180    32.9908    33.0009  1026.7236    26.1349    241.404    234.458  315.56977     76.498     0.1001     0.2527     0.1054      22253          3  0.000e+00
    125.639   54.41846 -165.21388    126.814     4.5268     4.5270     4.5179    32.9908    33.0009  1026.7240    26.1349    241.396    234.419  315.57048     76.495     0.0989     0.2454     0.1054      22254          3  0.000e+00
    125.639   54.41846 -165.21388    126.814     4.5268     4.5271     4.5179    32.9906    33.0008  1026.7238    26.1348    241.387    234.376  315.57086     76.492     0.1001     0.2527     0.1054      22255          3  0.000e+00
    125.631   54.41846 -165.21388    126.806     4.5270     4.5271     4.5180    32.9905    33.0007  1026.7237    26.1346    241.378    234.523  315.57003     76.489     0.0989     0.2454     0.1054      22256          3  0.000e+00
    125.577   54.41846 -165.21388    126.752     4.5268     4.5271     4.5178    32.9912    33.0008  1026.7240    26.1352    241.403    234.502  315.57002     76.497     0.0989     0.2454     0.1054      22257          3  0.000e+00
    125.639   54.41846 -165.21388    126.814     4.5270     4.5270     4.5180    32.9907    33.0009  1026.7239    26.1348    241.400    234.296  315.56948     76.497     0.0989     0.2454     0.1054      22258          3  0.000e+00
    125.631   54.41846 -165.21388    126.806     4.5270     4.5268     4.5180    32.9907    33.0014  1026.7238    26.1348    241.397    234.444  315.56947     76.496     0.0989     0.2454     0.1054      22259          3  0.000e+00
    125.577   54.41846 -165.21388    126.752     4.5270     4.5270     4.5180    32.9905    33.0011  1026.7235    26.1347    241.395    234.423  315.56987     76.495     0.1001     0.2527     0.1054      22260          3  0.000e+00
    125.631   54.41846 -165.21388    126.807     4.5268     4.5270     4.5179    32.9904    33.0009  1026.7236    26.1346    241.398    234.406  315.57141     76.495     0.0989     0.2454     0.1065      22261          3  0.000e+00
    125.639   54.41846 -165.21388    126.814     4.5271     4.5271     4.5181    32.9906    33.0008  1026.7238    26.1347    241.397    234.199  315.56894     76.496     0.1001     0.2527     0.1075      22262          3  0.000e+00
    125.577   54.41846 -165.21388    126.752     4.5268     4.5271     4.5179    32.9905    33.0009  1026.7235    26.1347    241.400    234.179  315.57106     76.496     0.0989     0.2454     0.1086      22263          3  0.000e+00
    125.631   54.41846 -165.21388    126.807     4.5268     4.5271     4.5179    32.9908    33.0005  1026.7239    26.1349    241.405    234.166  315.57057     76.498     0.1001     0.2527     0.1086      22264          3  0.000e+00
    125.639   54.41846 -165.21388    126.814     4.5272     4.5271     4.5182    32.9904    33.0007  1026.7236    26.1345    241.409    234.152  315.56913     76.500     0.0989     0.2454     0.1086      22265          3  0.000e+00
    125.577   54.41846 -165.21388    126.752     4.5269     4.5271     4.5180    32.9906    33.0007  1026.7235    26.1348    241.206    234.138  315.57005     76.435     0.1001     0.2527     0.1086      22266          3  0.000e+00
    125.631   54.41846 -165.21388    126.807     4.5270     4.5270     4.5180    32.9910    33.0009  1026.7240    26.1350    241.218    234.130  315.56891     76.439     0.0989     0.2454     0.1086      22267          3  0.000e+00
    125.639   54.41846 -165.21388    126.815     4.5270     4.5271     4.5180    32.9906    33.0008  1026.7238    26.1347    241.200    234.308  315.56976     76.433     0.1001     0.2527     0.1086      22268          3  0.000e+00
    125.577   54.41846 -165.21388    126.752     4.5270     4.5268     4.5180    32.9905    33.0011  1026.7234    26.1347    241.182    234.133  315.56997     76.427     0.0977     0.2381     0.1086      22269          3  0.000e+00
    125.631   54.41846 -165.21388    126.807     4.5271     4.5270     4.5181    32.9909    33.0008  1026.7240    26.1350    241.378    234.128  315.56827     76.490     0.0977     0.2381     0.1086      22270          3  0.000e+00
    125.639   54.41846 -165.21388    126.815     4.5270     4.5270     4.5180    32.9908    33.0009  1026.7240    26.1349    241.399    234.124  315.56920     76.496     0.0965     0.2308     0.1086      22271          3  0.000e+00
    125.577   54.41846 -165.21388    126.752     4.5268     4.5268     4.5179    32.9909    33.0014  1026.7238    26.1350    241.628    234.141  315.57013     76.569     0.0977     0.2381     0.1086      22272          3  0.000e+00
    125.639   54.41846 -165.21388    126.815     4.5270     4.5270     4.5180    32.9905    33.0014  1026.7237    26.1347    241.474    234.164  315.56995     76.520     0.0977     0.2381     0.1086      22273          3  0.000e+00
    125.639   54.41846 -165.21388    126.815     4.5268     4.5270     4.5178    32.9910    33.0009  1026.7241    26.1351    241.289    234.355  315.57038     76.461     0.0965     0.2308     0.1086      22274          3  0.000e+00
    125.577   54.41846 -165.21388    126.752     4.5270     4.5270     4.5180    32.9911    33.0009  1026.7239    26.1351    241.070    234.377  315.56866     76.392     0.0977     0.2381     0.1086      22275          3  0.000e+00
    125.639   54.41846 -165.21388    126.815     4.5270     4.5267     4.5180    32.9906    33.0013  1026.7238    26.1347    241.247    234.406  315.56976     76.448     0.0965     0.2308     0.1086      22276          3  0.000e+00
    125.578   54.41846 -165.21388    126.752     4.5268     4.5270     4.5179    32.9909    33.0006  1026.7237    26.1350    241.245    234.429  315.57031     76.447     0.0977     0.2381     0.1086      22277          3  0.000e+00
    125.632   54.41846 -165.21388    126.807     4.5270     4.5267     4.5180    32.9909    33.0011  1026.7240    26.1350    241.249    234.459  315.56910     76.449     0.0965     0.2308     0.1086      22278          3  0.000e+00
    125.578   54.41846 -165.21388    126.752     4.5266     4.5268     4.5177    32.9912    33.0014  1026.7240    26.1352    241.254    234.483  315.57112     76.450     0.0977     0.2381     0.1086      22279          3  0.000e+00
    125.639   54.41846 -165.21388    126.815     4.5268     4.5270     4.5179    32.9909    33.0011  1026.7241    26.1350    241.230    234.701  315.57020     76.442     0.0965     0.2308     0.1086      22280          3  0.000e+00
    125.578   54.41846 -165.21388    126.752     4.5270     4.5270     4.5180    32.9910    33.0010  1026.7238    26.1351    241.236    234.561  315.56875     76.445     0.0965     0.2308     0.1086      22281          3  0.000e+00
    125.640   54.41846 -165.21388    126.815     4.5270     4.5270     4.5180    32.9909    33.0009  1026.7241    26.1350    241.250    234.593  315.56892     76.449     0.0965     0.2308     0.1075      22282          3  0.000e+00
    125.632   54.41846 -165.21388    126.807     4.5268     4.5268     4.5178    32.9910    33.0009  1026.7241    26.1351    241.266    234.624  315.57037     76.454     0.0977     0.2381     0.1065      22283          3  0.000e+00
    125.578   54.41846 -165.21388    126.753     4.5268     4.5268     4.5179    32.9909    33.0011  1026.7238    26.1350    240.830    234.653  315.57013     76.316     0.0965     0.2308     0.1065      22284          3  0.000e+00
    125.640   54.41846 -165.21388    126.815     4.5268     4.5270     4.5179    32.9911    33.0008  1026.7242    26.1352    241.206    234.687  315.56964     76.435     0.0977     0.2381     0.1065      22285          3  0.000e+00
    125.578   54.41846 -165.21388    126.753     4.5268     4.5270     4.5179    32.9911    33.0009  1026.7239    26.1352    241.229    234.696  315.56966     76.442     0.0977     0.2381     0.1065      22286          3  0.000e+00
