merge_samples_with_btl/SKQ202309T/ctd/skq202309t_003.ros
* Sea-Bird SBE 9 Data File:
* FileName = D:\CTD\SKQ202309T\SKQ202309T_003.hex
* Software Version Seasave V 7.26.7.121
* Temperature SN = 6177
* Conductivity SN = 0369
* Number of Bytes Per Scan = 38
* Number of Voltage Words = 3
* Number of Scans Averaged by the Deck Unit = 1
* NMEA Latitude = 56 26.56 N
* NMEA Longitude = 166 33.22 W
* NMEA UTC (Time) = Jun 10 2023  04:39:46
* NMEA baud rate = 4800
** Ship: R/V Sikuliaq
** Station Number: 003
** Station Name: STN 004
** Bottom Depth: 101
** Operator: Julia Moriarty
# nquan = 21
# nvalues = 784                                   
# units = specified
# name 0 = depSM: Depth [salt water, m]
# name 1 = latitude: Latitude [deg]
# name 2 = longitude: Longitude [deg]
# name 3 = prDM: Pressure, Digiquartz [db]
# name 4 = t090C: Temperature [ITS-90, deg C]
# name 5 = t190C: Temperature, 2 [ITS-90, deg C]
# name 6 = potemp090C: Potential Temperature [ITS-90, deg C]
# name 7 = sal00: Salinity, Practical [PSU]
# name 8 = sal11: Salinity, Practical, 2 [PSU]
# name 9 = density00: Density [density, kg/m^3]
# name 10 = sigma-é00: Density [sigma-theta, kg/m^3]
# name 11 = sbox0Mm/Kg: Oxygen, SBE 43 [umol/kg]
# name 12 = sbox1Mm/Kg: Oxygen, SBE 43, 2 [umol/kg]
# name 13 = oxsolMm/Kg: Oxygen Saturation, Garcia & Gordon [umol/kg]
# name 14 = sbeox0PS: Oxygen, SBE 43 [% saturation]
# name 15 = v0: Voltage 0
# name 16 = flECO-AFL: Fluorescence, WET Labs ECO-AFL/FL [mg/m^3]
# name 17 = CStarAt0: Beam Attenuation, WET Labs C-Star [1/m]
# name 18 = scan: Scan Count
# name 19 = nbf: Bottles Fired
# name 20 = flag:  0.000e+00
# interval = seconds: 0.0416667
# start_time = Jun 10 2023 04:44:02 [NMEA time, first data scan]
# bad_flag = -9.990e-29
*END*
[from data line 276]
     39.801   56.44278 -166.55338     40.172     3.9336     3.9328     3.9311    31.9565    31.9671  1025.5601    25.3724    324.426    315.981  322.61878    100.560     0.3956     2.0256     0.3343      18009          6  0.000e+00
     39.801   56.44278 -166.55338     40.172     3.9336     3.9326     3.9311    31.9561    31.9675  1025.5598    25.3720    324.386    315.994  322.61983    100.547     0.3944     2.0183     0.3343      18010          6  0.000e+00
     39.801   56.44278 -166.55338     40.172     3.9334     3.9325     3.9308    31.9564    31.9677  1025.5601    25.3723    324.346    316.008  322.62108    100.535     0.3944     2.0183     0.3354      18011          6  0.000e+00
     39.802   56.44278 -166.55338     40.172     3.9332     3.9323     3.9306    31.9563    31.9679  1025.5600    25.3723    324.308    316.023  322.62300    100.522     0.3944     2.0183     0.3320      18012          6  0.000e+00
     39.802   56.44278 -166.55338     40.172     3.9331     3.9325     3.9305    31.9562    31.9676  1025.5600    25.3722    324.302    316.228  322.62405    100.520     0.3956     2.0256     0.3253      18013          6  0.000e+00
     39.802   56.44278 -166.55338     40.172     3.9330     3.9324     3.9305    31.9565    31.9673  1025.5602    25.3724    324.262    316.076  322.62377    100.508     0.3956     2.0256     0.3230      18014          6  0.000e+00
     39.856   56.44278 -166.55338     40.227     3.9328     3.9323     3.9303    31.9563    31.9674  1025.5603    25.3723    324.472    316.094  322.62546    100.572     0.3944     2.0183     0.3230      18015          6  0.000e+00
     39.802   56.44278 -166.55338     40.173     3.9327     3.9322     3.9302    31.9567    31.9677  1025.5604    25.3726    324.286    316.109  322.62540    100.515     0.3956     2.0256     0.3241      18016          6  0.000e+00
     39.863   56.44278 -166.55338     40.235     3.9327     3.9320     3.9301    31.9564    31.9669  1025.5605    25.3724    324.251    316.133  322.62634    100.504     0.3944     2.0183     0.3241      18017          6  0.000e+00
     39.802   56.44278 -166.55338     40.173     3.9326     3.9320     3.9300    31.9559    31.9665  1025.5598    25.3721    324.212    316.149  322.62836    100.491     0.3956     2.0256     0.3230      18018          6  0.000e+00
     39.863   56.44278 -166.55338     40.235     3.9325     3.9323     3.9300    31.9563    31.9669  1025.5604    25.3723    324.176    316.168  322.62796    100.480     0.3944     2.0183     0.3241      18019          6  0.000e+00
     39.863   56.44278 -166.55338     40.235     3.9324     3.9319     3.9298    31.9564    31.9678  1025.5605    25.3724    324.139    316.358  322.62892    100.468     0.3956     2.0256     0.3230      18020          6  0.000e+00
     39.856   56.44278 -166.55338     40.227     3.9324     3.9318     3.9299    31.9562    31.9680  1025.5603    25.3723    324.100    316.376  322.62891    100.456     0.3944     2.0183     0.3241      18021          6  0.000e+00
     39.802   56.44278 -166.55338     40.173     3.9324     3.9317     3.9298    31.9570    31.9679  1025.5606    25.3729    324.127    316.203  322.62751    100.465     0.3956     2.0256     0.3241      18022          6  0.000e+00
     39.918   56.44278 -166.55338     40.290     3.9324     3.9320     3.9299    31.9567    31.9678  1025.5609    25.3726    324.130    316.202  322.62784    100.466     0.3944     2.0183     0.3230      18023          6  0.000e+00
     39.864   56.44278 -166.55338     40.235     3.9324     3.9323     3.9298    31.9566    31.9678  1025.5606    25.3726    324.129    316.194  322.62854    100.465     0.3956     2.0256     0.3230      18024          6  0.000e+00
     39.864   56.44278 -166.55338     40.235     3.9324     3.9320     3.9298    31.9566    31.9681  1025.5606    25.3726    324.096    316.192  322.62845    100.455     0.3944     2.0183     0.3230      18025          6  0.000e+00
     39.864   56.44278 -166.55338     40.235     3.9324     3.9321     3.9299    31.9565    31.9675  1025.5606    25.3725    324.275    316.189  322.62825    100.510     0.3748     1.9011     0.3230      18026          6  0.000e+00
     30.312   56.44280 -166.55336     30.594     4.0529     4.0533     4.0510    31.9369    31.9472  1025.4882    25.3453    328.506    318.284  321.73323    102.105     0.5763     3.1099     0.4324      21321          7  0.000e+00
     30.243   56.44280 -166.55336     30.524     4.0529     4.0528     4.0510    31.9369    31.9475  1025.4879    25.3453    328.294    318.462  321.73315    102.039     0.6203     3.3736     0.4336      21322          7  0.000e+00
     30.313   56.44280 -166.55336     30.594     4.0529     4.0525     4.0510    31.9367    31.9471  1025.4880    25.3451    328.299    318.290  321.73380    102.041     0.6227     3.3883     0.4336      21323          7  0.000e+00
     30.243   56.44280 -166.55336     30.524     4.0526     4.0525     4.0507    31.9369    31.9470  1025.4879    25.3453    328.300    318.467  321.73562    102.040     0.6166     3.3516     0.4324      21324          7  0.000e+00
     30.313   56.44280 -166.55336     30.594     4.0528     4.0523     4.0508    31.9368    31.9473  1025.4881    25.3451    328.303    318.484  321.73485    102.041     0.6154     3.3443     0.4336      21325          7  0.000e+00
     30.259   56.44280 -166.55336     30.540     4.0528     4.0523     4.0508    31.9370    31.9475  1025.4880    25.3454    328.301    318.495  321.73422    102.041     0.6154     3.3443     0.4312      21326          7  0.000e+00
     30.243   56.44280 -166.55336     30.524     4.0528     4.0526     4.0508    31.9369    31.9479  1025.4878    25.3452    328.269    318.696  321.73458    102.031     0.6154     3.3443     0.4232      21327          7  0.000e+00
     30.313   56.44280 -166.55336     30.594     4.0529     4.0528     4.0510    31.9368    31.9480  1025.4881    25.3452    328.270    318.565  321.73352    102.032     0.6166     3.3516     0.4209      21328          7  0.000e+00
     30.259   56.44280 -166.55336     30.540     4.0529     4.0534     4.0510    31.9363    31.9476  1025.4874    25.3448    328.269    318.786  321.73478    102.031     0.6154     3.3443     0.4209      21329          7  0.000e+00
     30.243   56.44280 -166.55336     30.524     4.0531     4.0539     4.0511    31.9368    31.9477  1025.4877    25.3451    328.266    318.842  321.73229    102.031     0.6166     3.3516     0.4209      21330          7  0.000e+00
     30.259   56.44280 -166.55336     30.540     4.0533     4.0542     4.0513    31.9371    31.9483  1025.4880    25.3454    328.264    318.878  321.73031    102.031     0.6154     3.3443     0.4209      21331          7  0.000e+00
     30.313   56.44280 -166.55336     30.595     4.0537     4.0547     4.0518    31.9369    31.9478  1025.4881    25.3452    328.474    318.917  321.72713    102.097     0.6166     3.3516     0.4209      21332          7  0.000e+00
     30.243   56.44280 -166.55336     30.524     4.0539     4.0550     4.0519    31.9364    31.9475  1025.4873    25.3447    328.080    318.951  321.72714    101.975     0.6154     3.3443     0.4209      21333          7  0.000e+00
     30.313   56.44280 -166.55336     30.595     4.0539     4.0547     4.0519    31.9369    31.9475  1025.4881    25.3452    328.260    318.996  321.72580    102.031     0.6166     3.3516     0.4209      21334          7  0.000e+00
     30.189   56.44280 -166.55336     30.470     4.0542     4.0544     4.0522    31.9368    31.9475  1025.4874    25.3451    327.831    319.033  321.72355    101.898     0.6154     3.3443     0.4209      21335          7  0.000e+00
     30.313   56.44280 -166.55336     30.595     4.0545     4.0540     4.0525    31.9369    31.9475  1025.4880    25.3451    328.192    319.081  321.72103    102.011     0.6154     3.3443     0.4209      21336          7  0.000e+00
     30.313   56.44280 -166.55336     30.595     4.0544     4.0537     4.0524    31.9369    31.9479  1025.4880    25.3451    328.196    319.311  321.72208    102.012     0.6154     3.3443     0.4209      21337          7  0.000e+00
     30.243   56.44280 -166.55336     30.525     4.0544     4.0540     4.0524    31.9371    31.9475  1025.4879    25.3453    328.195    319.366  321.72162    102.012     0.6154     3.3443     0.4209      21338          7  0.000e+00
     30.259   56.44280 -166.55336     30.540     4.0544     4.0544     4.0524    31.9368    31.9473  1025.4877    25.3451    328.200    319.401  321.72230    102.013     0.6154     3.3443     0.4209      21339          7  0.000e+00
     30.259   56.44280 -166.55336     30.540     4.0544     4.0547     4.0524    31.9368    31.9476  1025.4877    25.3451    328.624    319.266  321.72230    102.145     0.6154     3.3443     0.4209      21340          7  0.000e+00
     30.244   56.44280 -166.55336     30.525     4.0542     4.0547     4.0522    31.9373    31.9478  1025.4880    25.3454    328.056    319.279  321.72248    101.969     0.6154     3.3443     0.4209      21341          7  0.000e+00
     30.259   56.44280 -166.55336     30.540     4.0544     4.0547     4.0524    31.9370    31.9471  1025.4878    25.3452    328.025    319.506  321.72202    101.959     0.6154     3.3443     0.4209      21342          7  0.000e+00
     30.259   56.44280 -166.55336     30.540     4.0542     4.0546     4.0522    31.9367    31.9474  1025.4876    25.3450    328.174    319.350  321.72382    102.005     0.6166     3.3516     0.4209      21343          7  0.000e+00
     30.305   56.44280 -166.55336     30.587     4.0544     4.0544     4.0524    31.9368    31.9477  1025.4879    25.3450    327.965    319.553  321.72245    101.940     0.6154     3.3443     0.4209      21344          7  0.000e+00
     30.197   56.44280 -166.55336     30.478     4.0540     4.0547     4.0521    31.9370    31.9477  1025.4876    25.3452    327.933    319.577  321.72432    101.930     0.6166     3.3516     0.4209      21345          7  0.000e+00
     30.259   56.44280 -166.55336     30.540     4.0540     4.0547     4.0521    31.9367    31.9478  1025.4877    25.3450    327.908    319.608  321.72506    101.922     0.5995     3.2491     0.4220      21346          7  0.000e+00
     30.244   56.44280 -166.55336     30.525     4.0539     4.0552     4.0519    31.9365    31.9475  1025.4874    25.3448    327.882    319.609  321.72695    101.913     0.5861     3.1685     0.4393      21347          7  0.000e+00
     30.197   56.44280 -166.55336     30.478     4.0529     4.0555     4.0510    31.9364    31.9478  1025.4872    25.3448    327.863    319.607  321.73451    101.905     0.5812     3.1392     0.4474      21348          7  0.000e+00
     30.306   56.44280 -166.55336     30.587     4.0520     4.0556     4.0500    31.9365    31.9478  1025.4879    25.3451    327.852    319.632  321.74151    101.899     0.5836     3.1538     0.4486      21349          7  0.000e+00
     30.197   56.44280 -166.55336     30.478     4.0515     4.0556     4.0496    31.9363    31.9476  1025.4873    25.3449    327.897    319.626  321.74585    101.912     0.5824     3.1465     0.4474      21350          7  0.000e+00
     30.259   56.44280 -166.55336     30.541     4.0512     4.0556     4.0492    31.9362    31.9477  1025.4875    25.3449    327.883    319.624  321.74850    101.907     0.5836     3.1538     0.4474      21351          7  0.000e+00
     30.244   56.44280 -166.55336     30.525     4.0512     4.0556     4.0492    31.9363    31.9475  1025.4875    25.3449    327.865    319.639  321.74830    101.901     0.5836     3.1538     0.4463      21352          7  0.000e+00
     30.198   56.44280 -166.55336     30.478     4.0510     4.0555     4.0491    31.9367    31.9477  1025.4877    25.3453    327.813    319.462  321.74843    101.885     0.5836     3.1538     0.4463      21353          7  0.000e+00
     30.259   56.44280 -166.55336     30.541     4.0507     4.0555     4.0488    31.9367    31.9471  1025.4879    25.3453    327.803    319.646  321.75108    101.881     0.5836     3.1538     0.4463      21354          7  0.000e+00
     30.190   56.44280 -166.55336     30.471     4.0506     4.0556     4.0486    31.9368    31.9473  1025.4877    25.3454    327.786    319.652  321.75205    101.875     0.5836     3.1538     0.4463      21355          7  0.000e+00
     30.259   56.44280 -166.55336     30.541     4.0506     4.0554     4.0486    31.9369    31.9477  1025.4881    25.3455    327.775    319.664  321.75175    101.872     0.5849     3.1612     0.4474      21356          7  0.000e+00
     30.198   56.44280 -166.55336     30.478     4.0507     4.0552     4.0488    31.9372    31.9480  1025.4881    25.3457    327.758    319.670  321.74968    101.867     0.5836     3.1538     0.4463      21357          7  0.000e+00
     30.190   56.44280 -166.55336     30.471     4.0514     4.0552     4.0494    31.9370    31.9478  1025.4878    25.3455    328.163    319.676  321.74528    101.995     0.5836     3.1538     0.4463      21358          7  0.000e+00
     30.259   56.44280 -166.55336     30.541     4.0517     4.0547     4.0497    31.9368    31.9473  1025.4879    25.3453    327.795    319.666  321.74346    101.881     0.5836     3.1538     0.4474      21359          7  0.000e+00
     30.190   56.44280 -166.55336     30.471     4.0520     4.0542     4.0500    31.9371    31.9476  1025.4878    25.3455    327.778    319.645  321.74014    101.877     0.5836     3.1538     0.4474      21360          7  0.000e+00
     30.198   56.44280 -166.55336     30.478     4.0523     4.0539     4.0503    31.9372    31.9477  1025.4879    25.3455    327.766    319.624  321.73748    101.874     0.5836     3.1538     0.4463      21361          7  0.000e+00
     30.198   56.44280 -166.55336     30.478     4.0526     4.0540     4.0507    31.9372    31.9477  1025.4879    25.3455    327.721    319.619  321.73509    101.860     0.5836     3.1538     0.4463      21362          7  0.000e+00
     30.190   56.44280 -166.55336     30.471     4.0528     4.0539     4.0508    31.9373    31.9474  1025.4879    25.3456    327.711    319.803  321.73356    101.858     0.5824     3.1465     0.4474      21363          7  0.000e+00
     30.198   56.44280 -166.55336     30.479     4.0531     4.0537     4.0511    31.9369    31.9477  1025.4876    25.3452    327.702    319.628  321.73204    101.856     0.5836     3.1538     0.4463      21364          7  0.000e+00
     30.144   56.44280 -166.55336     30.424     4.0533     4.0537     4.0513    31.9366    31.9480  1025.4871    25.3450    327.694    319.803  321.73140    101.853     0.5836     3.1538     0.4463      21365          7  0.000e+00
     30.244   56.44280 -166.55336     30.525     4.0533     4.0539     4.0513    31.9370    31.9474  1025.4879    25.3453    327.693    319.815  321.73048    101.853     0.5836     3.1538     0.4474      21366          7  0.000e+00
     30.144   56.44280 -166.55336     30.424     4.0537     4.0536     4.0518    31.9368    31.9476  1025.4872    25.3451    327.682    319.819  321.72740    101.851     0.5836     3.1538     0.4579      21367          7  0.000e+00
     30.198   56.44280 -166.55336     30.479     4.0536     4.0537     4.0516    31.9367    31.9477  1025.4874    25.3450    327.685    319.822  321.72880    101.851     0.5836     3.1538     0.4649      21368          7  0.000e+00
     30.190   56.44280 -166.55336     30.471     4.0540     4.0536     4.0521    31.9370    31.9477  1025.4875    25.3452    327.680    319.823  321.72441    101.851     0.5836     3.1538     0.4660      21369          7  0.000e+00
     30.080   56.44280 -166.55336     30.360     4.0539     4.0555     4.0519    31.9369    31.9475  1025.4870    25.3452    328.516    319.055  321.72580    102.111     0.4396     2.2894     0.4301      21566          8  0.000e+00
