merge_samples_with_btl/SKQ202309T/ctd/skq202309t_004svp.cnv
* Sea-Bird SBE 9 Data File:
* FileName = D:\CTD\SKQ202309T\SKQ202309T_004.hex
* Software Version Seasave V 7.26.7.121
* Temperature SN = 6177
* Conductivity SN = 0369
* Number of Bytes Per Scan = 38
* Number of Voltage Words = 3
* Number of Scans Averaged by the Deck Unit = 1
* NMEA Latitude = 60 30.69 N
* NMEA Longitude = 168 26.21 W
* NMEA UTC (Time) = Jun 11 2023  07:16:30
* NMEA baud rate = 4800
** Ship: R/V Sikuliaq
** Station Number: 004
** Station Name: STN 006
** Bottom Depth: 35
** Operator: Emelia Chamberlain
# nquan = 7
# nvalues = 7467                                  
# units = specified
# name 0 = depSM: Depth [salt water, m]
# name 1 = latitude: Latitude [deg]
# name 2 = longitude: Longitude [deg]
# name 3 = t090C: Temperature [ITS-90, deg C]
# name 4 = sal00: Salinity, Practical [PSU]
# name 5 = svCM: Sound Velocity [Chen-Millero, m/s]
# name 6 = flag:  0.000e+00
# span 0 =      1.697,     27.865                 
# span 1 =   60.51190,   60.51230                 
# span 2 = -168.43808, -168.43738                 
# span 3 =     0.7847,     1.8996                 
# span 4 =    29.8035,    29.9954                 
# span 5 =    1446.20,    1450.96                 
# span 6 = 0.0000e+00, 0.0000e+00                 
# interval = seconds: 0.0416667
# start_time = Jun 11 2023 07:21:43 [NMEA time, first data scan]
# bad_flag = -9.990e-29
*END*
[from data line 2462]
     15.733   60.51200 -168.43756     0.8086    29.9144    1446.32  0.000e+00
     15.787   60.51200 -168.43756     0.8083    29.9138    1446.32  0.000e+00
     15.810   60.51200 -168.43756     0.8078    29.9132    1446.32  0.000e+00
     15.733   60.51200 -168.43756     0.8064    29.9136    1446.31  0.000e+00
     15.849   60.51200 -168.43756     0.8054    29.9134    1446.31  0.000e+00
     15.810   60.51200 -168.43756     0.8048    29.9136    1446.31  0.000e+00
     15.903   60.51200 -168.43756     0.8039    29.9139    1446.30  0.000e+00
     15.849   60.51200 -168.43756     0.8038    29.9139    1446.30  0.000e+00
     15.872   60.51200 -168.43756     0.8033    29.9139    1446.30  0.000e+00
     15.964   60.51200 -168.43756     0.8032    29.9141    1446.30  0.000e+00
     15.903   60.51200 -168.43756     0.8029    29.9151    1446.30  0.000e+00
     15.926   60.51200 -168.43756     0.8030    29.9143    1446.30  0.000e+00
     15.964   60.51200 -168.43756     0.8030    29.9146    1446.30  0.000e+00
     16.018   60.51200 -168.43756     0.8030    29.9146    1446.30  0.000e+00
     15.987   60.51200 -168.43756     0.8035    29.9147    1446.30  0.000e+00
     16.018   60.51200 -168.43756     0.8033    29.9149    1446.30  0.000e+00
     16.018   60.51200 -168.43756     0.8036    29.9147    1446.31  0.000e+00
     16.041   60.51200 -168.43756     0.8035    29.9147    1446.31  0.000e+00
     16.080   60.51200 -168.43756     0.8035    29.9150    1446.31  0.000e+00
     16.080   60.51200 -168.43756     0.8038    29.9146    1446.31  0.000e+00
     16.095   60.51200 -168.43756     0.8039    29.9145    1446.31  0.000e+00
     16.134   60.51200 -168.43756     0.8039    29.9144    1446.31  0.000e+00
     16.157   60.51200 -168.43756     0.8041    29.9145    1446.31  0.000e+00
     16.134   60.51200 -168.43756     0.8038    29.9142    1446.31  0.000e+00
     16.188   60.51200 -168.43756     0.8033    29.9140    1446.31  0.000e+00
     16.211   60.51200 -168.43756     0.8027    29.9145    1446.30  0.000e+00
     16.188   60.51200 -168.43756     0.8029    29.9144    1446.30  0.000e+00
     16.250   60.51200 -168.43756     0.8030    29.9148    1446.31  0.000e+00
     16.273   60.51200 -168.43756     0.8024    29.9147    1446.30  0.000e+00
     16.250   60.51200 -168.43756     0.8021    29.9144    1446.30  0.000e+00
     16.304   60.51200 -168.43756     0.8024    29.9145    1446.30  0.000e+00
     16.327   60.51200 -168.43756     0.8024    29.9147    1446.30  0.000e+00
     16.304   60.51200 -168.43756     0.8025    29.9150    1446.31  0.000e+00
     16.366   60.51200 -168.43756     0.8025    29.9149    1446.31  0.000e+00
     16.381   60.51200 -168.43756     0.8021    29.9147    1446.30  0.000e+00
     16.366   60.51200 -168.43756     0.8019    29.9144    1446.30  0.000e+00
     16.420   60.51200 -168.43756     0.8019    29.9143    1446.30  0.000e+00
     16.443   60.51200 -168.43756     0.8016    29.9140    1446.30  0.000e+00
     16.420   60.51200 -168.43756     0.8013    29.9143    1446.30  0.000e+00
     16.481   60.51200 -168.43756     0.8012    29.9145    1446.30  0.000e+00
     16.497   60.51200 -168.43756     0.8010    29.9147    1446.30  0.000e+00
     16.535   60.51200 -168.43756     0.8009    29.9143    1446.30  0.000e+00
     16.535   60.51200 -168.43756     0.8005    29.9145    1446.30  0.000e+00
     16.497   60.51200 -168.43756     0.8007    29.9146    1446.30  0.000e+00
     16.589   60.51200 -168.43756     0.8005    29.9150    1446.30  0.000e+00
     16.612   60.51200 -168.43756     0.8005    29.9146    1446.30  0.000e+00
     16.589   60.51200 -168.43756     0.8002    29.9144    1446.30  0.000e+00
     16.651   60.51200 -168.43756     0.8005    29.9142    1446.30  0.000e+00
     16.674   60.51200 -168.43756     0.8007    29.9144    1446.30  0.000e+00
     16.651   60.51200 -168.43756     0.8012    29.9145    1446.30  0.000e+00
     16.705   60.51200 -168.43756     0.8013    29.9149    1446.31  0.000e+00
     16.674   60.51200 -168.43756     0.8018    29.9146    1446.31  0.000e+00
     16.767   60.51200 -168.43756     0.8019    29.9146    1446.31  0.000e+00
     16.705   60.51200 -168.43756     0.8021    29.9149    1446.31  0.000e+00
     16.782   60.51200 -168.43756     0.8024    29.9149    1446.31  0.000e+00
     16.767   60.51200 -168.43756     0.8025    29.9149    1446.31  0.000e+00
     16.821   60.51200 -168.43756     0.8027    29.9145    1446.31  0.000e+00
     16.844   60.51200 -168.43756     0.8027    29.9142    1446.31  0.000e+00
     16.875   60.51200 -168.43756     0.8024    29.9152    1446.31  0.000e+00
     16.844   60.51200 -168.43756     0.8029    29.9147    1446.32  0.000e+00
     16.875   60.51200 -168.43756     0.8029    29.9147    1446.32  0.000e+00
     16.937   60.51200 -168.43756     0.8030    29.9144    1446.32  0.000e+00
     16.898   60.51200 -168.43756     0.8029    29.9143    1446.32  0.000e+00
     16.937   60.51200 -168.43756     0.8029    29.9140    1446.32  0.000e+00
     16.991   60.51200 -168.43756     0.8024    29.9144    1446.32  0.000e+00
     17.014   60.51200 -168.43756     0.8023    29.9145    1446.32  0.000e+00
     16.991   60.51200 -168.43756     0.8021    29.9141    1446.31  0.000e+00
     16.991   60.51200 -168.43756     0.8019    29.9140    1446.31  0.000e+00
     17.076   60.51200 -168.43756     0.8016    29.9143    1446.31  0.000e+00
     17.052   60.51200 -168.43756     0.8019    29.9146    1446.31  0.000e+00
     17.052   60.51200 -168.43756     0.8021    29.9144    1446.31  0.000e+00
     17.130   60.51200 -168.43756     0.8021    29.9143    1446.32  0.000e+00
     17.168   60.51200 -168.43756     0.8019    29.9143    1446.32  0.000e+00
     17.130   60.51200 -168.43756     0.8016    29.9147    1446.31  0.000e+00
     17.168   60.51200 -168.43756     0.8019    29.9145    1446.32  0.000e+00
     17.222   60.51200 -168.43756     0.8016    29.9147    1446.32  0.000e+00
     17.184   60.51200 -168.43756     0.8016    29.9147    1446.32  0.000e+00
     17.222   60.51200 -168.43756     0.8018    29.9144    1446.32  0.000e+00
     17.222   60.51200 -168.43756     0.8019    29.9144    1446.32  0.000e+00
     17.184   60.51200 -168.43756     0.8018    29.9149    1446.32  0.000e+00
     17.276   60.51200 -168.43756     0.8019    29.9143    1446.32  0.000e+00
     17.168   60.51200 -168.43756     0.8021    29.9142    1446.32  0.000e+00
     17.299   60.51200 -168.43756     0.8021    29.9146    1446.32  0.000e+00
     17.338   60.51200 -168.43756     0.8019    29.9145    1446.32  0.000e+00
     17.245   60.51200 -168.43756     0.8019    29.9144    1446.32  0.000e+00
     17.338   60.51200 -168.43756     0.8019    29.9142    1446.32  0.000e+00
     17.338   60.51200 -168.43756     0.8021    29.9143    1446.32  0.000e+00
     17.361   60.51200 -168.43756     0.8019    29.9146    1446.32  0.000e+00
     17.392   60.51200 -168.43756     0.8018    29.9148    1446.32  0.000e+00
     17.338   60.51200 -168.43756     0.8019    29.9144    1446.32  0.000e+00
     17.415   60.51200 -168.43756     0.8018    29.9145    1446.32  0.000e+00
     17.392   60.51200 -168.43756     0.8019    29.9147    1446.32  0.000e+00
     17.415   60.51200 -168.43756     0.8018    29.9148    1446.32  0.000e+00
     17.392   60.51200 -168.43756     0.8019    29.9146    1446.32  0.000e+00
     17.392   60.51200 -168.43756     0.8018    29.9145    1446.32  0.000e+00
     17.469   60.51200 -168.43756     0.8016    29.9146    1446.32  0.000e+00
     17.454   60.51200 -168.43756     0.8016    29.9148    1446.32  0.000e+00
     17.454   60.51200 -168.43756     0.8018    29.9149    1446.32  0.000e+00
     17.531   60.51200 -168.43756     0.8018    29.9147    1446.32  0.000e+00
     17.508   60.51200 -168.43756     0.8019    29.9146    1446.32  0.000e+00
     17.531   60.51200 -168.43756     0.8018    29.9143    1446.32  0.000e+00
     17.508   60.51200 -168.43756     0.8018    29.9144    1446.32  0.000e+00
     17.569   60.51200 -168.43756     0.8015    29.9147    1446.32  0.000e+00
     17.531   60.51200 -168.43756     0.8018    29.9144    1446.32  0.000e+00
     17.623   60.51200 -168.43758     0.8015    29.9144    1446.32  0.000e+00
     17.569   60.51200 -168.43758     0.8016    29.9145    1446.32  0.000e+00
     17.585   60.51200 -168.43758     0.8015    29.9149    1446.32  0.000e+00
     17.569   60.51200 -168.43758     0.8015    29.9144    1446.32  0.000e+00
     17.647   60.51200 -168.43758     0.8015    29.9141    1446.32  0.000e+00
     17.623   60.51200 -168.43758     0.8013    29.9147    1446.32  0.000e+00
     17.677   60.51200 -168.43758     0.8016    29.9141    1446.32  0.000e+00
     17.647   60.51200 -168.43758     0.8013    29.9147    1446.32  0.000e+00
     17.677   60.51200 -168.43758     0.8015    29.9140    1446.32  0.000e+00
     17.677   60.51200 -168.43758     0.8010    29.9147    1446.32  0.000e+00
     17.701   60.51200 -168.43758     0.8012    29.9147    1446.32  0.000e+00
     17.677   60.51200 -168.43758     0.8012    29.9149    1446.32  0.000e+00
     17.701   60.51200 -168.43758     0.8012    29.9146    1446.32  0.000e+00
     17.739   60.51200 -168.43758     0.8013    29.9144    1446.32  0.000e+00
     17.739   60.51200 -168.43758     0.8010    29.9148    1446.32  0.000e+00
     17.762   60.51200 -168.43758     0.8009    29.9147    1446.32  0.000e+00
     17.739   60.51200 -168.43758     0.8010    29.9148    1446.32  0.000e+00
     17.793   60.51200 -168.43758     0.8009    29.9145    1446.32  0.000e+00
     17.816   60.51200 -168.43758     0.8009    29.9149    1446.32  0.000e+00
     17.793   60.51200 -168.43758     0.8010    29.9144    1446.32  0.000e+00
     17.816   60.51200 -168.43758     0.8009    29.9146    1446.32  0.000e+00
     17.855   60.51200 -168.43758     0.8009    29.9144    1446.32  0.000e+00
     17.855   60.51200 -168.43758     0.8007    29.9147    1446.32  0.000e+00
     17.870   60.51200 -168.43758     0.8012    29.9145    1446.32  0.000e+00
     17.855   60.51200 -168.43758     0.8010    29.9145    1446.32  0.000e+00
     17.855   60.51200 -168.43758     0.8010    29.9149    1446.32  0.000e+00
     17.932   60.51200 -168.43758     0.8010    29.9146    1446.32  0.000e+00
     17.855   60.51200 -168.43758     0.8010    29.9147    1446.32  0.000e+00
     17.932   60.51200 -168.43758     0.8010    29.9143    1446.32  0.000e+00
     17.971   60.51200 -168.43758     0.8010    29.9143    1446.32  0.000e+00
     17.909   60.51200 -168.43758     0.8010    29.9145    1446.32  0.000e+00
     17.986   60.51200 -168.43758     0.8010    29.9146    1446.33  0.000e+00
     17.971   60.51200 -168.43758     0.8010    29.9145    1446.32  0.000e+00
     17.971   60.51200 -168.43758     0.8009    29.9143    1446.32  0.000e+00
     18.048   60.51200 -168.43758     0.8009    29.9142    1446.33  0.000e+00
     17.971   60.51200 -168.43758     0.8009    29.9143    1446.32  0.000e+00
     18.048   60.51200 -168.43758     0.8009    29.9139    1446.32  0.000e+00
     18.079   60.51200 -168.43758     0.8009    29.9141    1446.33  0.000e+00
     18.025   60.51200 -168.43758     0.8007    29.9144    1446.32  0.000e+00
     18.102   60.51200 -168.43758     0.8005    29.9142    1446.32  0.000e+00
     18.079   60.51200 -168.43758     0.8004    29.9134    1446.32  0.000e+00
     18.102   60.51200 -168.43758     0.8004    29.9141    1446.32  0.000e+00
     18.079   60.51200 -168.43758     0.8005    29.9143    1446.32  0.000e+00
     18.141   60.51200 -168.43758     0.8005    29.9144    1446.33  0.000e+00
     18.164   60.51200 -168.43758     0.8005    29.9145    1446.33  0.000e+00
     18.141   60.51200 -168.43758     0.8004    29.9146    1446.33  0.000e+00
     18.141   60.51200 -168.43758     0.8005    29.9145    1446.33  0.000e+00
     18.164   60.51200 -168.43758     0.8004    29.9149    1446.33  0.000e+00
     18.195   60.51200 -168.43758     0.8002    29.9149    1446.33  0.000e+00
     18.218   60.51200 -168.43758     0.8004    29.9144    1446.33  0.000e+00
     18.195   60.51200 -168.43758     0.8002    29.9143    1446.32  0.000e+00
     18.256   60.51200 -168.43758     0.8004    29.9145    1446.33  0.000e+00
     18.272   60.51200 -168.43758     0.8002    29.9144    1446.33  0.000e+00
     18.256   60.51200 -168.43758     0.7999    29.9143    1446.32  0.000e+00
     18.272   60.51200 -168.43758     0.7999    29.9142    1446.32  0.000e+00
     18.310   60.51200 -168.43758     0.8001    29.9143    1446.33  0.000e+00
     18.256   60.51200 -168.43758     0.7998    29.9142    1446.32  0.000e+00
     18.333   60.51200 -168.43758     0.7996    29.9142    1446.32  0.000e+00
     18.310   60.51200 -168.43758     0.7994    29.9148    1446.32  0.000e+00
     18.333   60.51200 -168.43758     0.7996    29.9143    1446.32  0.000e+00
     18.310   60.51200 -168.43758     0.7994    29.9146    1446.32  0.000e+00
     18.372   60.51200 -168.43758     0.7996    29.9147    1446.33  0.000e+00
     18.333   60.51200 -168.43758     0.7996    29.9148    1446.32  0.000e+00
     18.426   60.51200 -168.43758     0.7996    29.9147    1446.33  0.000e+00
     18.372   60.51200 -168.43758     0.7998    29.9152    1446.33  0.000e+00
     18.387   60.51200 -168.43758     0.8001    29.9148    1446.33  0.000e+00
     18.426   60.51200 -168.43758     0.8001    29.9146    1446.33  0.000e+00
     18.449   60.51200 -168.43758     0.8002    29.9148    1446.33  0.000e+00
     18.480   60.51200 -168.43758     0.8002    29.9145    1446.33  0.000e+00
     18.426   60.51200 -168.43758     0.8004    29.9149    1446.33  0.000e+00
     18.503   60.51200 -168.43758     0.8005    29.9150    1446.33  0.000e+00
     18.426   60.51200 -168.43758     0.8007    29.9146    1446.33  0.000e+00
     18.503   60.51200 -168.43758     0.8007    29.9148    1446.33  0.000e+00
     18.480   60.51200 -168.43758     0.8007    29.9141    1446.33  0.000e+00
     18.480   60.51200 -168.43758     0.8002    29.9148    1446.33  0.000e+00
     18.565   60.51200 -168.43758     0.8001    29.9142    1446.33  0.000e+00
     18.480   60.51200 -168.43758     0.7999    29.9141    1446.33  0.000e+00
     18.503   60.51200 -168.43758     0.7999    29.9141    1446.33  0.000e+00
     18.542   60.51200 -168.43758     0.7996    29.9140    1446.33  0.000e+00
     18.542   60.51200 -168.43758     0.7994    29.9140    1446.33  0.000e+00
     18.503   60.51200 -168.43758     0.7992    29.9143    1446.32  0.000e+00
     18.596   60.51200 -168.43758     0.7992    29.9143    1446.33  0.000e+00
     18.565   60.51200 -168.43758     0.7992    29.9141    1446.33  0.000e+00
     18.542   60.51200 -168.43758     0.7990    29.9144    1446.32  0.000e+00
     18.596   60.51200 -168.43758     0.7990    29.9142    1446.33  0.000e+00
     18.619   60.51200 -168.43758     0.7990    29.9141    1446.33  0.000e+00
     18.596   60.51200 -168.43758     0.7988    29.9145    1446.33  0.000e+00
     18.565   60.51200 -168.43758     0.7990    29.9143    1446.33  0.000e+00
     18.658   60.51200 -168.43758     0.7988    29.9143    1446.33  0.000e+00
     18.596   60.51200 -168.43758     0.7987    29.9144    1446.32  0.000e+00
     18.565   60.51200 -168.43758     0.7985    29.9150    1446.32  0.000e+00
     18.596   60.51200 -168.43758     0.7987    29.9143    1446.32  0.000e+00
     18.673   60.51200 -168.43758     0.7987    29.9141    1446.33  0.000e+00
     18.658   60.51200 -168.43758     0.7985    29.9143    1446.32  0.000e+00
     18.596   60.51200 -168.43758     0.7987    29.9147    1446.33  0.000e+00
     18.673   60.51200 -168.43758     0.7988    29.9146    1446.33  0.000e+00
     18.658   60.51202 -168.43758     0.7987    29.9142    1446.33  0.000e+00
     18.658   60.51202 -168.43758     0.7988    29.9142    1446.33  0.000e+00
     18.673   60.51202 -168.43758     0.7988    29.9143    1446.33  0.000e+00
     18.658   60.51202 -168.43758     0.7990    29.9143    1446.33  0.000e+00
