merge_samples_with_btl/SKQ202309T/ctd/skq202309t_002avg.cnv
* Sea-Bird SBE 9 Data File:
* FileName = D:\CTD\SKQ202309T\SKQ202309T_002.hex
* Software Version Seasave V 7.26.7.121
* Temperature SN = 6177
* Conductivity SN = 0369
* Number of Bytes Per Scan = 38
* Number of Voltage Words = 3
* Number of Scans Averaged by the Deck Unit = 1
* NMEA Latitude = 54 25.07 N
* NMEA Longitude = 165 12.78 W
* NMEA UTC (Time) = Jun 09 2023  15:02:10
* NMEA baud rate = 4800
** Ship: R/V Sikuliaq
** Station Number: 002
** Station Name: STN002
** Bottom Depth: 177
** Operator: SZ
# nquan = 24
# nvalues = 169                         
# units = specified
# name 0 = depSM: Depth [salt water, m]
# name 1 = latitude: Latitude [deg]
# name 2 = longitude: Longitude [deg]
# name 3 = prDM: Pressure, Digiquartz [db]
# name 4 = t090C: Temperature [ITS-90, deg C]
# name 5 = t190C: Temperature, 2 [ITS-90, deg C]
# name 6 = potemp090C: Potential Temperature [ITS-90, deg C]
# name 7 = sal00: Salinity, Practical [PSU]
# name 8 = sal11: Salinity, Practical, 2 [PSU]
# name 9 = density00: Density [density, kg/m^3]
# name 10 = sigma-é00: Density [sigma-theta, kg/m^3]
# name 11 = sbox0Mm/Kg: Oxygen, SBE 43 [umol/kg]
# name 12 = sbox1Mm/Kg: Oxygen, SBE 43, 2 [umol/kg]
# name 13 = oxsolMm/Kg: Oxygen Saturation, Garcia & Gordon [umol/kg]
# name 14 = sbeox0PS: Oxygen, SBE 43 [% saturation]
# name 15 = sbeox1PS: Oxygen, SBE 43, 2 [% saturation]
# name 16 = v0: Voltage 0
# name 17 = flECO-AFL: Fluorescence, WET Labs ECO-AFL/FL [mg/m^3]
# name 18 = v1: Voltage 1
# name 19 = CStarAt0: Beam Attenuation, WET Labs C-Star [1/m]
# name 20 = scan: Scan Count
# name 21 = timeM: Time, Elapsed [minutes]
# name 22 = nbin: number of scans per bin
# name 23 = flag: flag
# span 0 =      1.982,    168.407       
# span 1 =   54.41784,   54.41805       
# span 2 = -165.21339, -165.21313       
# span 3 =      2.000,    170.000       
# span 4 =     4.4403,     5.3959       
# span 5 =     4.4401,     5.3992       
# span 6 =     4.4284,     5.3951       
# span 7 =    32.2327,    33.0745       
# span 8 =    32.2435,    33.0852       
# span 9 =  1025.4507,  1026.9987       
# span 10 =    25.4403,    26.2108      
# span 11 =    233.073,    303.301      
# span 12 =    226.277,    295.738      
# span 13 =  310.79909,  316.02722      
# span 14 =     73.753,     97.511      
# span 15 =     71.608,     95.086      
# span 16 =     0.0842,     0.2326      
# span 17 =     0.1574,     1.0475      
# span 18 =     4.4279,     4.6024      
# span 19 =     0.0944,     0.2498      
# span 20 =        952,      15667      
# span 21 =     0.6603,    10.8794      
# span 22 =         37,       1533      
# span 23 = 0.0000e+00, 0.0000e+00      
# interval = decibars: 1                
# start_time = Jun 09 2023 15:06:35 [NMEA time, first data scan]
# bad_flag = -9.990e-29
*END*
[from data line 121]
    121.861   54.41786 -165.21314    123.000     4.6824     4.6815     4.6735    32.8627    32.8744  1026.5877    26.0167    260.382    252.045  314.69989     82.740     80.096     0.1124     0.3265     4.5690     0.1235       9120     6.3328         82 0.0000e+00
    122.852   54.41786 -165.21314    124.000     4.6565     4.6583     4.6476    32.8859    32.8952  1026.6135    26.0379    256.665    249.404  314.84008     81.522     79.225     0.1108     0.3167     4.5815     0.1125       9312     6.4660        210 0.0000e+00
    123.842   54.41786 -165.21314    125.000     4.6393     4.6399     4.6304    32.9003    32.9105  1026.6315    26.0511    254.912    247.472  314.93534     80.941     78.586     0.1101     0.3124     4.5819     0.1122       9477     6.5806        264 0.0000e+00
    124.832   54.41786 -165.21314    126.000     4.6224     4.6230     4.6134    32.9134    32.9236  1026.6484    26.0633    252.574    244.975  315.03168     80.174     77.769     0.1080     0.2998     4.5811     0.1130      10141     7.0415       1041 0.0000e+00
    125.823   54.41790 -165.21320    127.000     4.6007     4.6012     4.5917    32.9316    32.9416  1026.6699    26.0801    250.190    243.193  315.15223     79.387     77.174     0.1066     0.2913     4.5805     0.1134      12373     8.5915        447 0.0000e+00
    126.813   54.41790 -165.21320    128.000     4.5886     4.5888     4.5795    32.9431    32.9535  1026.6849    26.0905    249.059    241.864  315.21697     79.012     76.736     0.1059     0.2875     4.5771     0.1164      12213     8.4809        107 0.0000e+00
    127.804   54.41791 -165.21320    129.000     4.5705     4.5709     4.5614    32.9575    32.9680  1026.7030    26.1039    247.902    241.457  315.31878     78.619     76.582     0.1005     0.2554     4.5851     0.1094      12304     8.5434         86 0.0000e+00
    128.794   54.41792 -165.21320    130.000     4.5419     4.5463     4.5327    32.9810    32.9882  1026.7294    26.1256    246.367    239.294  315.47995     78.093     75.863     0.0984     0.2425     4.5794     0.1144      12380     8.5963         66 0.0000e+00
    129.785   54.41792 -165.21320    131.000     4.5367     4.5380     4.5275    32.9850    32.9947  1026.7377    26.1293    243.996    237.625  315.50958     77.334     75.322     0.0971     0.2348     4.5852     0.1093      12440     8.6384         59 0.0000e+00
    130.775   54.41792 -165.21322    132.000     4.5351     4.5352     4.5258    32.9859    32.9966  1026.7433    26.1302    242.981    236.804  315.51920     77.010     75.058     0.1032     0.2710     4.5875     0.1074      12513     8.6886         81 0.0000e+00
    131.765   54.41792 -165.21322    133.000     4.5271     4.5279     4.5177    32.9923    33.0023  1026.7539    26.1361    243.266    236.180  315.56498     77.089     74.851     0.0993     0.2477     4.5806     0.1134      12591     8.7429         60 0.0000e+00
    132.756   54.41792 -165.21322    134.000     4.5226     4.5230     4.5131    32.9958    33.0062  1026.7618    26.1394    242.493    235.026  315.59046     76.838     74.478     0.0954     0.2244     4.5885     0.1065      12641     8.7775         50 0.0000e+00
    133.746   54.41792 -165.21322    135.000     4.5217     4.5188     4.5122    32.9965    33.0101  1026.7671    26.1401    241.766    234.907  315.59568     76.606     74.435     0.0961     0.2288     4.5867     0.1080      12692     8.8134         56 0.0000e+00
    134.736   54.41792 -165.21322    136.000     4.5125     4.5157     4.5029    33.0053    33.0025  1026.7797    26.1480    241.812    234.456  315.64470     76.609     74.283     0.0974     0.2362     4.5825     0.1117      12755     8.8568         62 0.0000e+00
    135.727   54.41792 -165.21322    137.000     4.5074     4.5081     4.4977    33.0103    32.9928  1026.7889    26.1525    241.085    234.043  315.67154     76.372     74.133     0.0961     0.2284     4.5928     0.1027      12817     8.9002         58 0.0000e+00
    136.717   54.41792 -165.21322    138.000     4.5034     4.5043     4.4936    33.0143    33.0225  1026.7971    26.1561    239.750    230.688  315.69238     75.944     73.080     0.0926     0.2076     4.5889     0.1062      12871     8.9377         53 0.0000e+00
    137.708   54.41794 -165.21324    139.000     4.5107     4.5102     4.5009    33.0067    33.0177  1026.7950    26.1493    239.872    230.351  315.65459     75.992     72.981     0.0972     0.2349     4.5841     0.1103      12926     8.9756         56 0.0000e+00
    138.698   54.41794 -165.21324    140.000     4.5065     4.5093     4.4966    33.0113    33.0188  1026.8037    26.1534    240.389    231.409  315.67575     76.151     73.315     0.1065     0.2908     4.5824     0.1119      12981     9.0136         50 0.0000e+00
    139.688   54.41794 -165.21324    141.000     4.5012     4.5019     4.4912    33.0163    33.0261  1026.8128    26.1579    240.615    233.530  315.70412     76.215     73.978     0.0929     0.2090     4.5844     0.1101      13029     9.0469         47 0.0000e+00
    140.679   54.41794 -165.21324    142.000     4.5011     4.5013     4.4911    33.0162    33.0264  1026.8175    26.1579    239.815    233.327  315.70507     75.962     73.913     0.0957     0.2264     4.5877     0.1071      13080     9.0829         53 0.0000e+00
    141.669   54.41794 -165.21324    143.000     4.4989     4.4994     4.4889    33.0187    33.0287  1026.8243    26.1601    239.705    232.293  315.71542     75.925     73.583     0.0987     0.2441     4.5891     0.1060      13136     9.1212         53 0.0000e+00
    142.660   54.41794 -165.21324    144.000     4.5002     4.5003     4.4901    33.0174    33.0247  1026.8278    26.1590    239.316    232.896  315.70870     75.803     73.773     0.0955     0.2250     4.5925     0.1030      13184     9.1549         47 0.0000e+00
    143.650   54.41794 -165.21324    145.000     4.5009     4.5011     4.4907    33.0167    33.0269  1026.8318    26.1584    239.372    232.446  315.70525     75.821     73.634     0.0977     0.2384     4.5835     0.1109      13229     9.1864         47 0.0000e+00
    144.640   54.41794 -165.21325    146.000     4.5018     4.5021     4.4915    33.0158    33.0259  1026.8357    26.1576    239.375    232.904  315.70047     75.824     73.780     0.0957     0.2265     4.5851     0.1095      13283     9.2239         54 0.0000e+00
    145.630   54.41794 -165.21326    147.000     4.4997     4.4995     4.4893    33.0186    33.0291  1026.8427    26.1600    239.534    232.226  315.71000     75.872     73.562     0.0925     0.2068     4.5661     0.1261      13339     9.2627         55 0.0000e+00
    146.621   54.41794 -165.21326    148.000     4.4902     4.4901     4.4797    33.0293    33.0399  1026.8569    26.1695    239.538    232.719  315.75648     75.862     73.708     0.0945     0.2188     4.5957     0.1002      13392     9.2996         49 0.0000e+00
    147.611   54.41796 -165.21326    149.000     4.4905     4.4907     4.4800    33.0290    33.0392  1026.8613    26.1692    238.666    232.885  315.75508     75.586     73.761     0.0947     0.2201     4.5891     0.1059      13438     9.3315         45 0.0000e+00
    148.601   54.41796 -165.21326    150.000     4.4903     4.4906     4.4797    33.0292    33.0393  1026.8661    26.1694    238.221    232.283  315.75600     75.445     73.570     0.0980     0.2403     4.5926     0.1029      13481     9.3613         42 0.0000e+00
    149.592   54.41796 -165.21326    151.000     4.4905     4.4907     4.4798    33.0291    33.0393  1026.8706    26.1693    238.266    232.032  315.75473     75.459     73.491     0.0897     0.1903     4.5955     0.1003      13527     9.3931         50 0.0000e+00
    150.582   54.41796 -165.21326    152.000     4.4874     4.4878     4.4767    33.0319    33.0422  1026.8779    26.1719    238.205    231.608  315.77115     75.436     73.353     0.0934     0.2125     4.5895     0.1056      13587     9.4344         66 0.0000e+00
    151.572   54.41796 -165.21326    153.000     4.4860     4.4860     4.4752    33.0331    33.0436  1026.8836    26.1730    238.134    231.967  315.77912     75.412     73.464     0.0938     0.2148     4.5792     0.1146      13650     9.4784         51 0.0000e+00
    152.563   54.41796 -165.21326    154.000     4.4838     4.4837     4.4729    33.0350    33.0455  1026.8900    26.1748    238.062    231.290  315.79131     75.386     73.247     0.0906     0.1956     4.5915     0.1038      13694     9.5088         41 0.0000e+00
    153.553   54.41796 -165.21327    155.000     4.4806     4.4789     4.4697    33.0368    33.0484  1026.8964    26.1765    237.819    230.916  315.81105     75.304     73.122     0.0965     0.2308     4.5945     0.1013      13732     9.5353         39 0.0000e+00
    154.543   54.41796 -165.21328    156.000     4.4749     4.4748     4.4639    33.0402    33.0507  1026.9043    26.1798    237.493    230.751  315.84623     75.193     73.064     0.0932     0.2109     4.5964     0.0996      13778     9.5673         53 0.0000e+00
    155.533   54.41796 -165.21328    157.000     4.4733     4.4734     4.4623    33.0412    33.0517  1026.9100    26.1808    237.457    230.138  315.85607     75.179     72.867     0.0966     0.2315     4.6012     0.0954      13841     9.6109         63 0.0000e+00
    156.524   54.41796 -165.21328    158.000     4.4717     4.4717     4.4606    33.0426    33.0531  1026.9159    26.1821    237.206    229.664  315.86500     75.097     72.715     0.0891     0.1867     4.6024     0.0944      13894     9.6481         46 0.0000e+00
    157.514   54.41798 -165.21328    159.000     4.4680     4.4683     4.4568    33.0458    33.0559  1026.9234    26.1850    237.308    229.728  315.88531     75.125     72.731     0.0889     0.1855     4.5960     0.0999      13934     9.6759         37 0.0000e+00
    158.504   54.41798 -165.21328    160.000     4.4623     4.4623     4.4510    33.0512    33.0617  1026.9330    26.1899    236.765    229.664  315.91583     74.945     72.703     0.0908     0.1969     4.5858     0.1088      13973     9.7027         39 0.0000e+00
    159.495   54.41798 -165.21329    161.000     4.4582     4.4580     4.4468    33.0552    33.0658  1026.9413    26.1936    236.410    228.951  315.93779     74.828     72.473     0.0908     0.1966     4.6011     0.0955      14017     9.7335         47 0.0000e+00
    160.485   54.41798 -165.21330    162.000     4.4578     4.4577     4.4463    33.0555    33.0661  1026.9462    26.1938    235.725    229.084  315.94011     74.611     72.514     0.0885     0.1829     4.6020     0.0947      14079     9.7762         71 0.0000e+00
    161.475   54.41798 -165.21330    163.000     4.4479     4.4483     4.4364    33.0662    33.0762  1026.9604    26.2033    235.435    228.949  315.98985     74.507     72.461     0.0853     0.1638     4.5955     0.1004      14144     9.8214         55 0.0000e+00
    162.465   54.41798 -165.21330    164.000     4.4433     4.4437     4.4318    33.0709    33.0809  1026.9693    26.2076    234.786    228.419  316.01309     74.296     72.288     0.0842     0.1574     4.5888     0.1062      14199     9.8595         58 0.0000e+00
    163.456   54.41798 -165.21330    165.000     4.4433     4.4443     4.4317    33.0712    33.0805  1026.9742    26.2078    233.852    226.391  316.01265     74.001     71.647     0.0907     0.1963     4.5905     0.1047      14281     9.9166        120 0.0000e+00
    164.446   54.41800 -165.21332    166.000     4.4438     4.4450     4.4321    33.0706    33.0800  1026.9783    26.2073    233.885    227.024  316.00995     74.012     71.848     0.0899     0.1913     4.5892     0.1059      14489    10.0611        234 0.0000e+00
    165.436   54.41800 -165.21332    167.000     4.4421     4.4419     4.4303    33.0723    33.0829  1026.9845    26.2088    233.927    226.277  316.01916     74.023     71.608     0.0916     0.2017     4.5881     0.1068      14649    10.1726         99 0.0000e+00
    166.426   54.41802 -165.21334    168.000     4.4419     4.4419     4.4301    33.0727    33.0833  1026.9894    26.2092    233.316    226.899  316.01971     73.830     71.805     0.0911     0.1983     4.5856     0.1090      14787    10.2679        178 0.0000e+00
    167.417   54.41802 -165.21334    169.000     4.4403     4.4401     4.4284    33.0745    33.0852  1026.9957    26.2108    233.666    226.311  316.02722     73.939     71.617     0.0871     0.1747     4.5784     0.1153      14899    10.3455         56 0.0000e+00
    168.407   54.41805 -165.21339    170.000     4.4421     4.4420     4.4301    33.0727    33.0831  1026.9987    26.2091    233.073    226.399  316.01853     73.753     71.647     0.0887     0.1843     4.5983     0.0978      15667    10.8794        164 0.0000e+00
