merge_samples_with_btl/SKQ202309T/ctd/skq202309t_004.cnv
* Sea-Bird SBE 9 Data File:
* FileName = D:\CTD\SKQ202309T\SKQ202309T_004.hex
* Software Version Seasave V 7.26.7.121
* Temperature SN = 6177
* Conductivity SN = 0369
* Number of Bytes Per Scan = 38
* Number of Voltage Words = 3
* Number of Scans Averaged by the Deck Unit = 1
* NMEA Latitude = 60 30.69 N
* NMEA Longitude = 168 26.21 W
* NMEA UTC (Time) = Jun 11 2023  07:16:30
* NMEA baud rate = 4800
** Ship: R/V Sikuliaq
** Station Number: 004
** Station Name: STN 006
** Bottom Depth: 35
** Operator: Emelia Chamberlain
# nquan = 23
# nvalues = 7467                                  
# units = specified
# name 0 = depSM: Depth [salt water, m]
# name 1 = latitude: Latitude [deg]
# name 2 = longitude: Longitude [deg]
# name 3 = prDM: Pressure, Digiquartz [db]
# name 4 = t090C: Temperature [ITS-90, deg C]
# name 5 = t190C: Temperature, 2 [ITS-90, deg C]
# name 6 = potemp090C: Potential Temperature [ITS-90, deg C]
# name 7 = sal00: Salinity, Practical [PSU]
# name 8 = sal11: Salinity, Practical, 2 [PSU]
# name 9 = density00: Density [density, kg/m^3]
# name 10 = sigma-é00: Density [sigma-theta, kg/m^3]
# name 11 = sbox0Mm/Kg: Oxygen, SBE 43 [umol/kg]
# name 12 = sbox1Mm/Kg: Oxygen, SBE 43, 2 [umol/kg]
# name 13 = oxsolMm/Kg: Oxygen Saturation, Garcia & Gordon [umol/kg]
# name 14 = sbeox0PS: Oxygen, SBE 43 [% saturation]
# name 15 = sbeox1PS: Oxygen, SBE 43, 2 [% saturation]
# name 16 = v0: Voltage 0
# name 17 = flECO-AFL: Fluorescence, WET Labs ECO-AFL/FL [mg/m^3]
# name 18 = v1: Voltage 1
# name 19 = CStarAt0: Beam Attenuation, WET Labs C-Star [1/m]
# name 20 = scan: Scan Count
# name 21 = timeM: Time, Elapsed [minutes]
# name 22 = flag:  0.000e+00
# span 0 =      1.697,     27.865                 
# span 1 =   60.51190,   60.51230                 
# span 2 = -168.43808, -168.43738                 
# span 3 =      1.713,     28.133                 
# span 4 =     0.7847,     1.8996                 
# span 5 =     0.7856,     1.8793                 
# span 6 =     0.7838,     1.8995                 
# span 7 =    29.8035,    29.9954                 
# span 8 =    29.7444,    30.0394                 
# span 9 =  1023.8536,  1024.1028                 
# span 10 =    23.8394,    24.0078                
# span 11 =    369.158,    383.801                
# span 12 =    359.803,    371.166                
# span 13 =  344.78664,  354.66799                
# span 14 =    105.378,    109.656                
# span 15 =    102.155,    105.800                
# span 16 =     0.1490,     0.3785                
# span 17 =     0.5458,     1.9231                
# span 18 =     3.6569,     4.2711                
# span 19 =     0.3933,     1.0145                
# span 20 =          1,       7467                
# span 21 =     0.0000,     5.1847                
# span 22 = 0.0000e+00, 0.0000e+00                
# interval = seconds: 0.0416667
# start_time = Jun 11 2023 07:21:43 [NMEA time, first data scan]
# bad_flag = -9.990e-29
*END*
[from data line 756]
      1.782   60.51194 -168.43744      1.799     1.5194     1.6236     1.5193    29.8936    29.8988  1023.9211    23.9125    372.128    361.150  348.06614    106.913    104.040     0.1807     0.7362     4.2503     0.4128        757     0.5250  0.000e+00
      1.867   60.51194 -168.43744      1.885     1.5216     1.6245     1.5215    29.8927    29.9002  1023.9206    23.9116    372.179    360.880  348.04916    106.933    103.965     0.1807     0.7362     4.2503     0.4128        758     0.5257  0.000e+00
      1.805   60.51194 -168.43744      1.822     1.5281     1.6273     1.5281    29.8863    29.8997  1023.9148    23.9062    372.195    360.982  348.00801    106.950    104.002     0.1807     0.7362     4.2503     0.4128        759     0.5264  0.000e+00
      1.867   60.51194 -168.43744      1.885     1.5422     1.6291     1.5421    29.8718    29.8997  1023.9027    23.8937    372.164    360.923  347.92194    106.968    103.990     0.1819     0.7436     4.2503     0.4128        760     0.5271  0.000e+00
      1.805   60.51194 -168.43744      1.822     1.5437     1.6257     1.5436    29.8665    29.9040  1023.8980    23.8893    372.242    361.086  347.92260    106.990    104.031     0.1807     0.7362     4.2515     0.4117        761     0.5278  0.000e+00
      1.867   60.51194 -168.43744      1.885     1.5355     1.6245     1.5354    29.8685    29.9045  1023.9004    23.8914    372.416    360.857  347.99039    107.019    103.962     0.1807     0.7362     4.2527     0.4105        762     0.5285  0.000e+00
      1.805   60.51194 -168.43744      1.822     1.5253     1.6283     1.5253    29.8731    29.8987  1023.9044    23.8957    372.603    360.592  348.06846    107.049    103.892     0.1819     0.7436     4.2540     0.4094        763     0.5292  0.000e+00
      1.867   60.51194 -168.43744      1.885     1.5182     1.6326     1.5181    29.8769    29.8924  1023.9081    23.8992    372.729    360.725  348.12222    107.069    103.936     0.1807     0.7362     4.2540     0.4094        764     0.5299  0.000e+00
      1.867   60.51194 -168.43744      1.885     1.5197     1.6322     1.5196    29.8724    29.8911  1023.9045    23.8955    372.785    360.507  348.12044    107.085    103.871     0.1819     0.7436     4.2527     0.4105        765     0.5306  0.000e+00
      1.805   60.51194 -168.43744      1.822     1.5219     1.6262     1.5218    29.8648    29.8946  1023.8979    23.8893    372.925    360.726  348.12133    107.125    103.921     0.1807     0.7362     4.2527     0.4105        766     0.5313  0.000e+00
      1.805   60.51194 -168.43744      1.822     1.5175     1.6248     1.5175    29.8653    29.8941  1023.8986    23.8899    373.040    360.735  348.15856    107.146    103.920     0.1807     0.7362     4.2527     0.4105        767     0.5319  0.000e+00
      1.867   60.51194 -168.43744      1.885     1.5177     1.6260     1.5176    29.8649    29.8921  1023.8986    23.8896    373.115    360.728  348.15823    107.168    103.919     0.1807     0.7362     4.2540     0.4094        768     0.5326  0.000e+00
      1.805   60.51194 -168.43744      1.822     1.5207     1.6245     1.5206    29.8618    29.8929  1023.8956    23.8870    373.397    360.742  348.14004    107.255    103.920     0.1819     0.7436     4.2527     0.4105        769     0.5333  0.000e+00
      1.805   60.51194 -168.43744      1.822     1.5220     1.6241     1.5220    29.8604    29.8926  1023.8944    23.8857    373.503    360.755  348.13163    107.288    103.923     0.1807     0.7362     4.2527     0.4105        770     0.5340  0.000e+00
      1.867   60.51194 -168.43744      1.885     1.5222     1.6245     1.5221    29.8616    29.8921  1023.8957    23.8867    373.619    360.770  348.12689    107.323    103.927     0.1807     0.7362     4.2527     0.4105        771     0.5347  0.000e+00
      1.867   60.51194 -168.43744      1.885     1.5209     1.6260     1.5209    29.8616    29.8913  1023.8958    23.8868    373.945    360.775  348.13806    107.413    103.932     0.1770     0.7143     4.2527     0.4105        772     0.5354  0.000e+00
      1.805   60.51194 -168.43744      1.822     1.5213     1.6283     1.5212    29.8515    29.8910  1023.8873    23.8786    374.126    360.773  348.16237    107.457    103.938     0.1758     0.7069     4.2540     0.4094        773     0.5361  0.000e+00
      1.867   60.51194 -168.43744      1.885     1.4923     1.6299     1.4923    29.8699    29.8912  1023.9041    23.8951    374.554    360.789  348.37112    107.516    103.946     0.1770     0.7143     4.2540     0.4094        774     0.5368  0.000e+00
      1.805   60.51194 -168.43744      1.822     1.4705     1.6285     1.4705    29.8752    29.8921  1023.9092    23.9006    374.935    361.040  348.55153    107.569    104.016     0.1758     0.7069     4.2540     0.4094        775     0.5375  0.000e+00
      1.867   60.51194 -168.43744      1.885     1.4632     1.6226     1.4631    29.8643    29.8944  1023.9012    23.8923    375.127    361.189  348.64636    107.595    104.045     0.1770     0.7143     4.2527     0.4105        776     0.5382  0.000e+00
      1.867   60.51194 -168.43744      1.885     1.4685     1.6178     1.4684    29.8524    29.8946  1023.8914    23.8824    375.216    361.309  348.63063    107.626    104.067     0.1758     0.7069     4.2540     0.4094        777     0.5389  0.000e+00
      1.867   60.51194 -168.43744      1.885     1.4575     1.6127     1.4574    29.8657    29.8964  1023.9027    23.8937    375.647    361.224  348.69352    107.730    104.030     0.1758     0.7069     4.2540     0.4094        778     0.5396  0.000e+00
      1.867   60.51194 -168.43744      1.885     1.4208     1.6150     1.4207    29.9026    29.8948  1023.9344    23.9254    376.331    361.466  348.92240    107.855    104.105     0.1758     0.7069     4.2527     0.4105        779     0.5403  0.000e+00
      1.867   60.51194 -168.43744      1.885     1.3988     1.6283     1.3987    29.9220    29.8881  1023.9512    23.9422    376.663    361.455  349.06759    107.906    104.132     0.1758     0.7069     4.2527     0.4105        780     0.5410  0.000e+00
      1.844   60.51194 -168.43744      1.861     1.4053     1.6330     1.4052    29.9141    29.8902  1023.9444    23.9356    376.280    361.488  349.03060    107.807    104.155     0.1758     0.7069     4.2527     0.4105        781     0.5417  0.000e+00
      1.867   60.51194 -168.43744      1.885     1.4209     1.6328     1.4209    29.9011    29.8918  1023.9332    23.9242    376.198    361.787  348.92560    107.816    104.242     0.1758     0.7069     4.2515     0.4117        782     0.5424  0.000e+00
      1.921   60.51194 -168.43744      1.939     1.4383     1.6316     1.4383    29.8871    29.8895  1023.9212    23.9120    376.331    361.697  348.80740    107.891    104.211     0.1770     0.7143     4.2515     0.4117        783     0.5431  0.000e+00
      1.867   60.51194 -168.43744      1.885     1.4439     1.6263     1.4439    29.8719    29.8906  1023.9084    23.8995    376.628    361.819  348.79818    107.979    104.233     0.1758     0.7069     4.2515     0.4117        784     0.5437  0.000e+00
      1.867   60.51194 -168.43744      1.885     1.4308     1.6201     1.4307    29.8644    29.8932  1023.9032    23.8942    376.681    361.953  348.93613    107.951    104.258     0.1770     0.7143     4.2515     0.4117        785     0.5444  0.000e+00
      1.867   60.51194 -168.43744      1.885     1.4173     1.6179     1.4172    29.8603    29.8933  1023.9007    23.8917    376.682    362.263  349.06807    107.911    104.341     0.1758     0.7069     4.2515     0.4117        786     0.5451  0.000e+00
      1.983   60.51194 -168.43744      2.002     1.3991     1.6242     1.3990    29.8640    29.8886  1023.9052    23.8957    377.062    362.323  349.22094    107.972    104.371     0.1770     0.7143     4.2515     0.4117        787     0.5458  0.000e+00
      1.867   60.51194 -168.43744      1.885     1.3835     1.6362     1.3835    29.8650    29.8794  1023.9064    23.8974    377.248    362.298  349.35749    107.983    104.389     0.1758     0.7069     4.2515     0.4117        788     0.5465  0.000e+00
      1.867   60.51194 -168.43744      1.885     1.3720     1.6325     1.3720    29.8645    29.8805  1023.9066    23.8976    377.433    362.211  349.46193    108.004    104.355     0.1758     0.7069     4.2515     0.4117        789     0.5472  0.000e+00
      1.983   60.51194 -168.43744      2.002     1.3572     1.6213     1.3571    29.8708    29.8841  1023.9131    23.9035    377.872    362.592  349.57811    108.094    104.437     0.1758     0.7069     4.2515     0.4117        790     0.5479  0.000e+00
      1.867   60.51194 -168.43744      1.885     1.3668     1.6131     1.3667    29.8614    29.8860  1023.9044    23.8955    377.827    362.754  349.51764    108.100    104.464     0.1758     0.7069     4.2515     0.4117        791     0.5486  0.000e+00
      1.921   60.51194 -168.43744      1.939     1.3741     1.6151     1.3740    29.8558    29.8813  1023.8998    23.8906    377.563    362.837  349.46698    108.040    104.489     0.1758     0.7069     4.2515     0.4117        792     0.5493  0.000e+00
      1.921   60.51194 -168.43744      1.939     1.3590     1.6170     1.3589    29.8746    29.8812  1023.9157    23.9065    377.664    362.906  349.55157    108.042    104.514     0.1770     0.7143     4.2515     0.4117        793     0.5500  0.000e+00
      1.983   60.51194 -168.43744      2.002     1.3446     1.6211     1.3445    29.8876    29.8801  1023.9273    23.9178    378.048    362.932  349.64630    108.123    104.532     0.1770     0.7143     4.2515     0.4117        794     0.5507  0.000e+00
      1.921   60.51194 -168.43744      1.939     1.3324     1.6207     1.3323    29.8961    29.8828  1023.9345    23.9253    378.171    362.989  349.73303    108.131    104.549     0.1758     0.7069     4.2515     0.4117        795     0.5514  0.000e+00
      1.921   60.51194 -168.43744      1.939     1.3226     1.6263     1.3225    29.9073    29.8806  1023.9440    23.9348    378.295    363.000  349.79033    108.149    104.566     0.1770     0.7143     4.2515     0.4117        796     0.5521  0.000e+00
      1.921   60.51194 -168.43744      1.939     1.3174     1.6316     1.3173    29.9183    29.8788  1023.9531    23.9439    378.321    363.013  349.80790    108.151    104.582     0.1795     0.7289     4.2515     0.4117        797     0.5528  0.000e+00
      1.921   60.51194 -168.43744      1.939     1.3205     1.6334     1.3205    29.9213    29.8777  1023.9554    23.9461    378.266    363.241  349.77145    108.147    104.652     0.1856     0.7656     4.2515     0.4117        798     0.5535  0.000e+00
      2.037   60.51194 -168.43744      2.056     1.3281     1.6235     1.3280    29.9223    29.8824  1023.9563    23.9465    377.931    363.398  349.70114    108.073    104.674     0.1868     0.7729     4.2515     0.4117        799     0.5542  0.000e+00
      1.921   60.51194 -168.43744      1.939     1.3389     1.6139     1.3388    29.9276    29.8829  1023.9594    23.9501    377.723    363.552  349.58956    108.048    104.693     0.1880     0.7802     4.2515     0.4117        800     0.5549  0.000e+00
      1.921   60.51194 -168.43744      1.939     1.3436     1.6103     1.3436    29.9392    29.8778  1023.9684    23.9592    377.606    363.660  349.51589    108.037    104.711     0.1868     0.7729     4.2564     0.4071        801     0.5556  0.000e+00
      1.983   60.51194 -168.43744      2.002     1.3513     1.6031     1.3512    29.9418    29.8809  1023.9704    23.9609    377.481    363.759  349.44024    108.024    104.722     0.1868     0.7729     4.2662     0.3979        802     0.5563  0.000e+00
      1.983   60.51194 -168.43744      2.002     1.3686     1.6000     1.3685    29.9315    29.8868  1023.9611    23.9516    377.276    364.007  349.31276    108.005    104.790     0.1868     0.7729     4.2686     0.3956        803     0.5569  0.000e+00
      1.952   60.51194 -168.43744      1.970     1.4015     1.6086     1.4015    29.9061    29.8845  1023.9387    23.9293    376.892    363.993  349.08560    107.966    104.807     0.1868     0.7729     4.2686     0.3956        804     0.5576  0.000e+00
      1.983   60.51194 -168.43744      2.002     1.4405     1.6176     1.4405    29.8761    29.8777  1023.9126    23.9030    376.494    363.986  348.81732    107.934    104.824     0.1880     0.7802     4.2674     0.3967        805     0.5583  0.000e+00
      1.983   60.51194 -168.43744      2.002     1.4557     1.6166     1.4557    29.8649    29.8781  1023.9027    23.8932    376.066    364.035  348.71142    107.845    104.836     0.1868     0.7729     4.2674     0.3967        806     0.5590  0.000e+00
      1.983   60.51194 -168.43744      2.002     1.4450     1.6201     1.4450    29.8753    29.8767  1023.9117    23.9022    376.290    363.803  348.77909    107.888    104.777     0.1880     0.7802     4.2674     0.3967        807     0.5597  0.000e+00
      1.983   60.51194 -168.43744      2.002     1.4381     1.6211     1.4380    29.8838    29.8816  1023.9189    23.9094    376.044    363.991  348.81863    107.805    104.838     0.1868     0.7729     4.2674     0.3967        808     0.5604  0.000e+00
      1.983   60.51194 -168.43744      2.002     1.4370     1.6250     1.4369    29.8888    29.8843  1023.9229    23.9134    376.403    363.968  348.81519    107.909    104.844     0.1880     0.7802     4.2674     0.3967        809     0.5611  0.000e+00
      1.983   60.51194 -168.43744      2.002     1.4480     1.6432     1.4479    29.8825    29.8755  1023.9173    23.9078    376.029    363.848  348.73328    107.827    104.851     0.1868     0.7729     4.2674     0.3967        810     0.5618  0.000e+00
      1.983   60.51194 -168.43744      2.002     1.4622     1.6808     1.4621    29.8745    29.8529  1023.9100    23.9005    375.581    363.532  348.62829    107.731    104.842     0.1880     0.7802     4.2674     0.3967        811     0.5625  0.000e+00
      1.983   60.51194 -168.43744      2.002     1.4698     1.6781     1.4697    29.8706    29.8678  1023.9065    23.8970    375.385    363.507  348.57048    107.693    104.840     0.1868     0.7729     4.2674     0.3967        812     0.5632  0.000e+00
      1.983   60.51194 -168.43744      2.002     1.4730     1.6701     1.4729    29.8692    29.8812  1023.9052    23.8957    375.228    363.564  348.54542    107.655    104.846     0.1868     0.7729     4.2674     0.3967        813     0.5639  0.000e+00
      1.983   60.51194 -168.43744      2.002     1.4799     1.6665     1.4798    29.8626    29.8823  1023.8995    23.8900    375.042    363.578  348.50180    107.615    104.841     0.1880     0.7802     4.2674     0.3967        814     0.5646  0.000e+00
      1.983   60.51194 -168.43744      2.002     1.4897     1.6629     1.4896    29.8527    29.8809  1023.8910    23.8815    374.596    363.620  348.44068    107.506    104.842     0.1868     0.7729     4.2674     0.3967        815     0.5653  0.000e+00
      1.983   60.51194 -168.43744      2.002     1.4942     1.6625     1.4941    29.8474    29.8773  1023.8864    23.8769    374.388    363.630  348.41496    107.455    104.841     0.1880     0.7802     4.2674     0.3967        816     0.5660  0.000e+00
      1.983   60.51194 -168.43744      2.002     1.4847     1.6670     1.4846    29.8532    29.8693  1023.8917    23.8821    374.301    363.596  348.48398    107.408    104.837     0.1868     0.7729     4.2674     0.3967        817     0.5667  0.000e+00
      1.983   60.51194 -168.43744      2.002     1.4758     1.6606     1.4757    29.8602    29.8691  1023.8978    23.8883    374.244    363.652  348.54464    107.373    104.836     0.1880     0.7802     4.2674     0.3967        818     0.5674  0.000e+00
