merge_samples_with_btl/SKQ202309T/ctd/skq202309t_001.cnv
* Sea-Bird SBE 9 Data File:
* FileName = D:\CTD\SKQ202309T\SKQ202309T_001.hex
* Software Version Seasave V 7.26.7.121
* Temperature SN = 6177
* Conductivity SN = 0369
* Number of Bytes Per Scan = 38
* Number of Voltage Words = 3
* Number of Scans Averaged by the Deck Unit = 1
* NMEA Latitude = 59 50.67 N
* NMEA Longitude = 149 28.05 W
* NMEA UTC (Time) = Jun 06 2023  18:49:21
* NMEA baud rate = 4800
** Ship: R/V Sikuliaq
** Station Number: 001
** Station Name: GAK1
** Bottom Depth: 272
** Operator: AP
# nquan = 24
# nvalues = 15748                                 
# units = specified
# name 0 = depSM: Depth [salt water, m]
# name 1 = latitude: Latitude [deg]
# name 2 = longitude: Longitude [deg]
# name 3 = prDM: Pressure, Digiquartz [db]
# name 4 = t090C: Temperature [ITS-90, deg C]
# name 5 = t190C: Temperature, 2 [ITS-90, deg C]
# name 6 = potemp090C: Potential Temperature [ITS-90, deg C]
# name 7 = sal00: Salinity, Practical [PSU]
# name 8 = sal11: Salinity, Practical, 2 [PSU]
# name 9 = density00: Density [density, kg/m^3]
# name 10 = sigma-é00: Density [sigma-theta, kg/m^3]
# name 11 = sbox0Mm/Kg: Oxygen, SBE 43 [umol/kg]
# name 12 = sbox1Mm/Kg: Oxygen, SBE 43, 2 [umol/kg]
# name 13 = oxsolMm/Kg: Oxygen Saturation, Garcia & Gordon [umol/kg]
# name 14 = sbeox0PS: Oxygen, SBE 43 [% saturation]
# name 15 = sbeox1PS: Oxygen, SBE 43, 2 [% saturation]
# name 16 = v0: Voltage 0
# name 17 = flECO-AFL: Fluorescence, WET Labs ECO-AFL/FL [mg/m^3]
# name 18 = v1: Voltage 1
# name 19 = CStarAt0: Beam Attenuation, WET Labs C-Star [1/m]
# name 20 = par: PAR/Irradiance, Biospherical/Licor
# name 21 = scan: Scan Count
# name 22 = timeM: Time, Elapsed [minutes]
# name 23 = flag:  0.000e+00
# span 0 =      0.794,    259.781                 
# span 1 =   59.84412,   59.84444                 
# span 2 = -149.46844, -149.46794                 
# span 3 =      0.802,    262.417                 
# span 4 =     4.8622,     8.6935                 
# span 5 =     4.8621,     8.6922                 
# span 6 =     4.8564,     8.6934                 
# span 7 =    29.9272,    33.1993                 
# span 8 =    29.9446,    33.2094                 
# span 9 =  1023.1990,  1027.3487                 
# span 10 =    23.1943,    26.1420                
# span 11 =    132.179,    352.719                
# span 12 =    126.548,    344.122                
# span 13 =  293.10583,  316.39090                
# span 14 =     43.352,    120.096                
# span 15 =     41.507,    117.149                
# span 16 =     0.0574,     0.6947                
# span 17 =    -0.0037,     3.8205                
# span 18 =     3.4371,     4.6569                
# span 19 =     0.0473,     1.2625                
# span 20 = 1.0000e-12, 5.1887e+02                
# span 21 =          1,      15748                
# span 22 =     0.0000,    10.9354                
# span 23 = 0.0000e+00, 0.0000e+00                
# interval = seconds: 0.0416667
# start_time = Jun 06 2023 18:55:03 [NMEA time, first data scan]
# bad_flag = -9.990e-29
*END*
[from data line 10929]
    221.833   59.84436 -149.46806    224.063     5.7524     5.7525     5.7343    32.9649    32.9749  1027.0097    25.9770    179.239    173.391  306.59975     58.460     56.557     0.0611     0.0183     4.4908     0.1926 8.4714e-06      10930     7.5896  0.000e+00
    221.903   59.84436 -149.46806    224.134     5.7527     5.7526     5.7345    32.9646    32.9748  1027.0098    25.9768    179.238    173.394  306.59838     58.460     56.558     0.0611     0.0183     4.4908     0.1926 8.4714e-06      10931     7.5903  0.000e+00
    221.895   59.84436 -149.46806    224.126     5.7524     5.7526     5.7342    32.9647    32.9745  1027.0099    25.9769    179.238    173.416  306.60042     58.460     56.565     0.0611     0.0183     4.4908     0.1926 8.4714e-06      10932     7.5910  0.000e+00
    221.833   59.84436 -149.46806    224.063     5.7525     5.7525     5.7344    32.9645    32.9748  1027.0094    25.9767    179.235    173.438  306.59977     58.459     56.572     0.0611     0.0183     4.4908     0.1926 1.0000e-12      10933     7.5917  0.000e+00
    221.903   59.84436 -149.46806    224.134     5.7524     5.7524     5.7342    32.9646    32.9750  1027.0098    25.9768    179.236    173.442  306.60061     58.459     56.574     0.0623     0.0256     4.4908     0.1926 1.0000e-12      10934     7.5924  0.000e+00
    221.833   59.84436 -149.46806    224.063     5.7525     5.7526     5.7344    32.9645    32.9748  1027.0094    25.9767    179.233    173.444  306.59977     58.458     56.574     0.0611     0.0183     4.4908     0.1926 1.0000e-12      10935     7.5931  0.000e+00
    221.895   59.84436 -149.46806    224.126     5.7525     5.7526     5.7344    32.9645    32.9750  1027.0097    25.9767    179.233    173.285  306.59984     58.458     56.523     0.0623     0.0256     4.4908     0.1926 1.0000e-12      10936     7.5938  0.000e+00
    221.903   59.84436 -149.46806    224.134     5.7525     5.7526     5.7344    32.9643    32.9748  1027.0095    25.9765    179.232    173.454  306.60029     58.458     56.578     0.0623     0.0256     4.4908     0.1926 8.4714e-06      10937     7.5944  0.000e+00
    221.833   59.84436 -149.46806    224.063     5.7527     5.7525     5.7346    32.9643    32.9751  1027.0092    25.9765    179.229    173.458  306.59918     58.457     56.579     0.0623     0.0256     4.4908     0.1926 1.0000e-12      10938     7.5951  0.000e+00
    221.895   59.84436 -149.46806    224.126     5.7527     5.7526     5.7345    32.9641    32.9752  1027.0093    25.9764    179.229    173.464  306.59961     58.457     56.581     0.0611     0.0183     4.4908     0.1926 8.4714e-06      10939     7.5958  0.000e+00
    221.903   59.84436 -149.46806    224.134     5.7527     5.7525     5.7345    32.9645    32.9750  1027.0097    25.9767    179.227    173.469  306.59864     58.457     56.583     0.0623     0.0256     4.4896     0.1936 8.4714e-06      10940     7.5965  0.000e+00
    221.833   59.84436 -149.46806    224.063     5.7524     5.7526     5.7342    32.9643    32.9750  1027.0093    25.9766    179.226    173.472  306.60133     58.456     56.584     0.0611     0.0183     4.4896     0.1936 8.4714e-06      10941     7.5972  0.000e+00
    221.895   59.84436 -149.46806    224.126     5.7524     5.7526     5.7343    32.9642    32.9752  1027.0095    25.9765    179.226    173.478  306.60114     58.456     56.586     0.0623     0.0256     4.4908     0.1926 8.4714e-06      10942     7.5979  0.000e+00
    221.849   59.84436 -149.46806    224.079     5.7524     5.7528     5.7342    32.9646    32.9751  1027.0096    25.9768    179.224    173.318  306.60064     58.455     56.534     0.0611     0.0183     4.4908     0.1926 8.4714e-06      10943     7.5986  0.000e+00
    221.895   59.84436 -149.46806    224.126     5.7524     5.7526     5.7342    32.9644    32.9756  1027.0096    25.9767    179.192    173.306  306.60104     58.445     56.530     0.0623     0.0256     4.4921     0.1915 8.4714e-06      10944     7.5993  0.000e+00
    221.833   59.84436 -149.46806    224.063     5.7525     5.7528     5.7344    32.9638    32.9757  1027.0088    25.9761    179.188    173.292  306.60136     58.443     56.526     0.0611     0.0183     4.4921     0.1915 8.4714e-06      10945     7.6000  0.000e+00
    221.903   59.84436 -149.46806    224.134     5.7525     5.7530     5.7344    32.9641    32.9756  1027.0094    25.9763    179.187    173.465  306.60082     58.443     56.582     0.0623     0.0256     4.4908     0.1926 1.0000e-12      10946     7.6007  0.000e+00
    221.833   59.84436 -149.46806    224.063     5.7524     5.7530     5.7342    32.9644    32.9763  1027.0093    25.9766    179.215    173.470  306.60115     58.452     56.584     0.0611     0.0183     4.4921     0.1915 8.4714e-06      10947     7.6014  0.000e+00
    221.895   59.84436 -149.46806    224.126     5.7524     5.7534     5.7342    32.9639    32.9765  1027.0092    25.9763    179.216    173.478  306.60219     58.452     56.587     0.0623     0.0256     4.4921     0.1915 8.4714e-06      10948     7.6021  0.000e+00
    221.849   59.84436 -149.46806    224.079     5.7524     5.7531     5.7342    32.9642    32.9764  1027.0093    25.9765    179.213    173.303  306.60152     58.451     56.530     0.0611     0.0183     4.4908     0.1926 8.4714e-06      10949     7.6028  0.000e+00
    221.833   59.84436 -149.46806    224.063     5.7525     5.7536     5.7344    32.9640    32.9763  1027.0090    25.9763    179.211    173.290  306.60092     58.451     56.526     0.0623     0.0256     4.4921     0.1915 8.4714e-06      10950     7.6035  0.000e+00
    221.895   59.84436 -149.46806    224.126     5.7524     5.7537     5.7342    32.9643    32.9764  1027.0095    25.9766    179.415    173.281  306.60131     58.517     56.524     0.0611     0.0183     4.4921     0.1915 8.4714e-06      10951     7.6042  0.000e+00
    221.849   59.84436 -149.46806    224.079     5.7525     5.7538     5.7344    32.9638    32.9763  1027.0089    25.9761    179.238    173.271  306.60138     58.460     56.520     0.0611     0.0183     4.4921     0.1915 8.4714e-06      10952     7.6049  0.000e+00
    221.895   59.84436 -149.46806    224.126     5.7524     5.7539     5.7343    32.9642    32.9759  1027.0094    25.9764    179.237    173.447  306.60132     58.459     56.578     0.0611     0.0183     4.4921     0.1915 8.4714e-06      10953     7.6056  0.000e+00
    221.833   59.84436 -149.46806    224.064     5.7524     5.7539     5.7342    32.9642    32.9763  1027.0092    25.9765    179.233    173.273  306.60159     58.458     56.521     0.0611     0.0183     4.4908     0.1926 8.4714e-06      10954     7.6063  0.000e+00
    221.903   59.84436 -149.46806    224.134     5.7524     5.7541     5.7342    32.9643    32.9760  1027.0096    25.9765    179.232    173.450  306.60141     58.458     56.579     0.0623     0.0256     4.4921     0.1915 1.0000e-12      10955     7.6069  0.000e+00
    221.833   59.84436 -149.46806    224.064     5.7524     5.7539     5.7342    32.9644    32.9764  1027.0093    25.9766    179.228    173.461  306.60115     58.456     56.583     0.0611     0.0183     4.4921     0.1915 1.0000e-12      10956     7.6076  0.000e+00
    221.833   59.84436 -149.46806    224.064     5.7524     5.7540     5.7342    32.9640    32.9761  1027.0090    25.9763    179.022    173.270  306.60212     58.389     56.520     0.0623     0.0256     4.4921     0.1915 8.4714e-06      10957     7.6083  0.000e+00
    221.849   59.84436 -149.46806    224.079     5.7524     5.7542     5.7342    32.9642    32.9761  1027.0093    25.9765    179.194    173.425  306.60152     58.445     56.571     0.0611     0.0183     4.4921     0.1915 1.0000e-12      10958     7.6090  0.000e+00
    221.895   59.84436 -149.46806    224.126     5.7524     5.7541     5.7342    32.9644    32.9768  1027.0096    25.9766    179.194    173.437  306.60122     58.445     56.575     0.0623     0.0256     4.4921     0.1915 8.4714e-06      10959     7.6097  0.000e+00
    221.833   59.84436 -149.46806    224.064     5.7524     5.7543     5.7342    32.9644    32.9765  1027.0093    25.9766    178.987    173.263  306.60115     58.378     56.518     0.0611     0.0183     4.4908     0.1926 8.4714e-06      10960     7.6104  0.000e+00
    221.849   59.84436 -149.46806    224.079     5.7522     5.7544     5.7341    32.9645    32.9766  1027.0095    25.9768    179.161    173.255  306.60193     58.435     56.516     0.0623     0.0256     4.4908     0.1926 8.4714e-06      10961     7.6111  0.000e+00
    221.833   59.84436 -149.46806    224.064     5.7524     5.7542     5.7342    32.9644    32.9766  1027.0093    25.9766    179.161    173.412  306.60115     58.434     56.567     0.0611     0.0183     4.4908     0.1926 8.4714e-06      10962     7.6118  0.000e+00
    221.833   59.84436 -149.46806    224.064     5.7527     5.7543     5.7346    32.9643    32.9766  1027.0092    25.9765    179.159    173.403  306.59918     58.434     56.564     0.0611     0.0183     4.4908     0.1926 1.0000e-12      10963     7.6125  0.000e+00
    221.903   59.84436 -149.46806    224.134     5.7529     5.7541     5.7348    32.9641    32.9770  1027.0094    25.9764    179.160    173.417  306.59807     58.435     56.569     0.0611     0.0183     4.4908     0.1926 8.4714e-06      10964     7.6132  0.000e+00
    221.833   59.84436 -149.46806    224.064     5.7529     5.7539     5.7347    32.9642    32.9769  1027.0091    25.9764    178.955    173.224  306.59824     58.368     56.505     0.0611     0.0183     4.4908     0.1926 8.4714e-06      10965     7.6139  0.000e+00
    221.895   59.84436 -149.46806    224.126     5.7529     5.7542     5.7347    32.9642    32.9766  1027.0094    25.9764    178.927    173.216  306.59831     58.359     56.503     0.0611     0.0183     4.4908     0.1926 1.0000e-12      10966     7.6146  0.000e+00
    221.849   59.84436 -149.46806    224.079     5.7529     5.7542     5.7347    32.9642    32.9763  1027.0092    25.9764    178.898    173.392  306.59826     58.349     56.560     0.0623     0.0256     4.4908     0.1926 8.4714e-06      10967     7.6153  0.000e+00
    221.834   59.84436 -149.46806    224.064     5.7527     5.7541     5.7346    32.9648    32.9765  1027.0096    25.9769    178.871    173.404  306.59795     58.341     56.564     0.0611     0.0183     4.4908     0.1926 8.4714e-06      10968     7.6160  0.000e+00
    221.834   59.84436 -149.46806    224.064     5.7529     5.7542     5.7347    32.9648    32.9766  1027.0096    25.9769    178.845    173.416  306.59692     58.332     56.568     0.0611     0.0183     4.4908     0.1926 8.4714e-06      10969     7.6167  0.000e+00
    221.903   59.84436 -149.46806    224.134     5.7527     5.7539     5.7345    32.9647    32.9763  1027.0098    25.9768    178.824    173.431  306.59829     58.325     56.573     0.0611     0.0183     4.4908     0.1926 8.4714e-06      10970     7.6174  0.000e+00
    221.834   59.84436 -149.46806    224.064     5.7527     5.7541     5.7346    32.9647    32.9762  1027.0095    25.9768    178.800    173.441  306.59830     58.317     56.576     0.0623     0.0256     4.4908     0.1926 8.4714e-06      10971     7.6181  0.000e+00
    221.895   59.84436 -149.46806    224.126     5.7527     5.7540     5.7345    32.9644    32.9764  1027.0096    25.9766    178.780    173.272  306.59890     58.311     56.521     0.0611     0.0183     4.4908     0.1926 8.4714e-06      10972     7.6188  0.000e+00
    221.849   59.84436 -149.46806    224.079     5.7527     5.7539     5.7345    32.9642    32.9765  1027.0092    25.9764    178.759    173.448  306.59947     58.304     56.578     0.0611     0.0183     4.4908     0.1926 8.4714e-06      10973     7.6194  0.000e+00
    221.834   59.84436 -149.46806    224.064     5.7525     5.7539     5.7344    32.9649    32.9763  1027.0097    25.9770    178.739    173.440  306.59897     58.297     56.576     0.0611     0.0183     4.4908     0.1926 1.0000e-12      10974     7.6201  0.000e+00
    221.834   59.84436 -149.46806    224.064     5.7525     5.7539     5.7344    32.9646    32.9764  1027.0095    25.9768    178.722    173.452  306.59950     58.292     56.580     0.0611     0.0183     4.4908     0.1926 8.4714e-06      10975     7.6208  0.000e+00
    221.849   59.84436 -149.46806    224.079     5.7526     5.7541     5.7344    32.9649    32.9763  1027.0098    25.9770    178.737    173.281  306.59847     58.297     56.524     0.0623     0.0256     4.4908     0.1926 1.0000e-12      10976     7.6215  0.000e+00
    221.896   59.84436 -149.46806    224.126     5.7525     5.7540     5.7344    32.9651    32.9766  1027.0101    25.9771    178.724    173.275  306.59851     58.293     56.522     0.0611     0.0183     4.4908     0.1926 1.0000e-12      10977     7.6222  0.000e+00
    221.896   59.84436 -149.46806    224.126     5.7527     5.7541     5.7345    32.9647    32.9764  1027.0098    25.9768    178.915    173.453  306.59828     58.355     56.580     0.0635     0.0330     4.4908     0.1926 8.4714e-06      10978     7.6229  0.000e+00
    221.834   59.84436 -149.46806    224.064     5.7525     5.7541     5.7344    32.9648    32.9758  1027.0096    25.9769    178.728    173.466  306.59906     58.294     56.584     0.0635     0.0330     4.4908     0.1926 8.4714e-06      10979     7.6236  0.000e+00
    221.903   59.84436 -149.46806    224.134     5.7524     5.7542     5.7342    32.9649    32.9757  1027.0101    25.9771    178.719    173.298  306.59990     58.291     56.529     0.0635     0.0330     4.4908     0.1926 8.4714e-06      10980     7.6243  0.000e+00
    221.834   59.84436 -149.46806    224.064     5.7525     5.7539     5.7344    32.9646    32.9764  1027.0095    25.9768    178.707    173.292  306.59959     58.287     56.527     0.0623     0.0256     4.4908     0.1926 8.4714e-06      10981     7.6250  0.000e+00
    221.834   59.84436 -149.46806    224.064     5.7525     5.7539     5.7344    32.9645    32.9767  1027.0094    25.9767    178.698    173.471  306.59977     58.284     56.586     0.0635     0.0330     4.4908     0.1926 8.4714e-06      10982     7.6257  0.000e+00
    221.903   59.84436 -149.46806    224.134     5.7522     5.7542     5.7341    32.9650    32.9768  1027.0102    25.9771    178.693    173.304  306.60084     58.282     56.532     0.0623     0.0256     4.4945     0.1893 8.4714e-06      10983     7.6264  0.000e+00
    221.834   59.84436 -149.46806    224.064     5.7524     5.7542     5.7342    32.9647    32.9763  1027.0096    25.9769    178.685    173.482  306.60036     58.279     56.590     0.0635     0.0330     4.4957     0.1882 1.0000e-12      10984     7.6271  0.000e+00
    221.834   59.84436 -149.46806    224.064     5.7520     5.7541     5.7339    32.9648    32.9765  1027.0097    25.9770    178.681    173.479  306.60275     58.278     56.589     0.0623     0.0256     4.4957     0.1882 1.0000e-12      10985     7.6278  0.000e+00
    221.903   59.84436 -149.46806    224.134     5.7522     5.7543     5.7341    32.9647    32.9764  1027.0099    25.9769    178.678    173.312  306.60155     58.277     56.534     0.0635     0.0330     4.4957     0.1882 8.4714e-06      10986     7.6285  0.000e+00
    221.834   59.84436 -149.46806    224.064     5.7521     5.7541     5.7340    32.9649    32.9764  1027.0098    25.9771    178.674    173.491  306.60180     58.276     56.593     0.0623     0.0256     4.4957     0.1882 1.0000e-12      10987     7.6292  0.000e+00
    221.896   59.84436 -149.46806    224.127     5.7522     5.7542     5.7341    32.9646    32.9764  1027.0098    25.9768    178.675    173.508  306.60181     58.276     56.598     0.0635     0.0330     4.4957     0.1882 1.0000e-12      10988     7.6299  0.000e+00
