merge_samples_with_btl/SKQ202309T/ctd/skq202309t_001.ros
* Sea-Bird SBE 9 Data File:
* FileName = D:\CTD\SKQ202309T\SKQ202309T_001.hex
* Software Version Seasave V 7.26.7.121
* Temperature SN = 6177
* Conductivity SN = 0369
* Number of Bytes Per Scan = 38
* Number of Voltage Words = 3
* Number of Scans Averaged by the Deck Unit = 1
* NMEA Latitude = 59 50.67 N
* NMEA Longitude = 149 28.05 W
* NMEA UTC (Time) = Jun 06 2023  18:49:21
* NMEA baud rate = 4800
** Ship: R/V Sikuliaq
** Station Number: 001
** Station Name: GAK1
** Bottom Depth: 272
** Operator: AP
# nquan = 22
# nvalues = 980                                   
# units = specified
# name 0 = depSM: Depth [salt water, m]
# name 1 = latitude: Latitude [deg]
# name 2 = longitude: Longitude [deg]
# name 3 = prDM: Pressure, Digiquartz [db]
# name 4 = t090C: Temperature [ITS-90, deg C]
# name 5 = t190C: Temperature, 2 [ITS-90, deg C]
# name 6 = potemp090C: Potential Temperature [ITS-90, deg C]
# name 7 = sal00: Salinity, Practical [PSU]
# name 8 = sal11: Salinity, Practical, 2 [PSU]
# name 9 = density00: Density [density, kg/m^3]
# name 10 = sigma-é00: Density [sigma-theta, kg/m^3]
# name 11 = sbox0Mm/Kg: Oxygen, SBE 43 [umol/kg]
# name 12 = sbox1Mm/Kg: Oxygen, SBE 43, 2 [umol/kg]
# name 13 = oxsolMm/Kg: Oxygen Saturation, Garcia & Gordon [umol/kg]
# name 14 = sbeox0PS: Oxygen, SBE 43 [% saturation]
# name 15 = v0: Voltage 0
# name 16 = flECO-AFL: Fluorescence, WET Labs ECO-AFL/FL [mg/m^3]
# name 17 = CStarAt0: Beam Attenuation, WET Labs C-Star [1/m]
# name 18 = par: PAR/Irradiance, Biospherical/Licor
# name 19 = scan: Scan Count
# name 20 = nbf: Bottles Fired
# name 21 = flag:  0.000e+00
# interval = seconds: 0.0416667
# start_time = Jun 06 2023 18:55:03 [NMEA time, first data scan]
# bad_flag = -9.990e-29
*END*
[from data line 527]
     40.197   59.84442 -149.46800     40.583     6.1242     6.1282     6.1210    31.3174    31.3280  1024.8169    24.6294    309.152    301.456  307.67901    100.479     0.0672     0.0549     0.0525 1.5943e-01      34927         11  0.000e+00
     40.251   59.84442 -149.46800     40.638     6.1253     6.1295     6.1220    31.3177    31.3280  1024.8173    24.6294    309.146    301.460  307.67106    100.479     0.0684     0.0623     0.0515 1.5555e-01      34928         11  0.000e+00
     40.251   59.84442 -149.46800     40.638     6.1266     6.1307     6.1234    31.3164    31.3283  1024.8161    24.6283    309.139    301.479  307.66407    100.479     0.0672     0.0549     0.0515 1.5020e-01      34929         11  0.000e+00
     40.251   59.84442 -149.46800     40.638     6.1269     6.1324     6.1237    31.3155    31.3285  1024.8154    24.6275    309.140    301.493  307.66389    100.480     0.0672     0.0549     0.0525 1.4945e-01      34930         11  0.000e+00
     40.251   59.84442 -149.46800     40.638     6.1268     6.1330     6.1235    31.3155    31.3296  1024.8154    24.6276    309.538    301.513  307.66501    100.609     0.0672     0.0549     0.0515 1.5248e-01      34931         11  0.000e+00
     40.251   59.84442 -149.46800     40.638     6.1270     6.1336     6.1238    31.3156    31.3297  1024.8154    24.6275    309.195    301.691  307.66311    100.498     0.0672     0.0549     0.0515 1.5865e-01      34932         11  0.000e+00
     40.251   59.84442 -149.46800     40.638     6.1276     6.1345     6.1243    31.3155    31.3290  1024.8152    24.6274    309.387    301.528  307.65932    100.562     0.0684     0.0623     0.0515 1.6021e-01      34933         11  0.000e+00
     40.313   59.84442 -149.46800     40.700     6.1283     6.1368     6.1250    31.3156    31.3279  1024.8155    24.6274    309.410    301.693  307.65422    100.571     0.0672     0.0549     0.0515 1.5943e-01      34934         11  0.000e+00
     40.251   59.84442 -149.46800     40.638     6.1288     6.1398     6.1255    31.3155    31.3286  1024.8151    24.6273    309.428    301.522  307.65071    100.578     0.0684     0.0623     0.0515 1.5632e-01      34935         11  0.000e+00
     40.305   59.84442 -149.46800     40.693     6.1289     6.1417     6.1256    31.3162    31.3304  1024.8159    24.6278    309.452    301.698  307.64853    100.586     0.0684     0.0623     0.0525 1.5478e-01      34936         11  0.000e+00
     40.313   59.84442 -149.46800     40.700     6.1286     6.1428     6.1253    31.3151    31.3328  1024.8151    24.6270    309.479    301.715  307.65309    100.593     0.0684     0.0623     0.0525 1.5632e-01      34937         11  0.000e+00
     40.251   59.84442 -149.46800     40.638     6.1290     6.1452     6.1258    31.3145    31.3342  1024.8143    24.6265    309.495    301.719  307.65121    100.599     0.0672     0.0549     0.0525 1.6021e-01      34938         11  0.000e+00
     39.915   59.84440 -149.46800     40.298     6.0954     6.0792     6.0922    31.3291    31.3395  1024.8283    24.6420    308.784    301.022  307.85983    100.300     0.0696     0.0696     0.0536 1.6575e-01      35108         12  0.000e+00
     39.853   59.84440 -149.46800     40.236     6.0950     6.0781     6.0918    31.3295    31.3404  1024.8284    24.6424    308.771    301.038  307.86149    100.295     0.0708     0.0769     0.0504 1.6575e-01      35109         12  0.000e+00
     39.915   59.84440 -149.46800     40.299     6.0950     6.0767     6.0918    31.3291    31.3417  1024.8284    24.6421    308.762    301.063  307.86225    100.292     0.0696     0.0696     0.0504 1.6897e-01      35110         12  0.000e+00
     39.853   59.84440 -149.46800     40.236     6.0947     6.0754     6.0915    31.3290    31.3426  1024.8281    24.6421    308.752    301.085  307.86468    100.288     0.0696     0.0696     0.0515 1.7222e-01      35111         12  0.000e+00
     39.853   59.84440 -149.46800     40.236     6.0939     6.0736     6.0907    31.3300    31.3432  1024.8289    24.6429    308.549    301.114  307.86832    100.221     0.0672     0.0549     0.0515 1.7386e-01      35112         12  0.000e+00
     39.915   59.84440 -149.46800     40.299     6.0929     6.0733     6.0897    31.3305    31.3432  1024.8297    24.6435    308.720    301.119  307.87409    100.275     0.0684     0.0623     0.0515 1.7304e-01      35113         12  0.000e+00
     39.853   59.84440 -149.46800     40.236     6.0931     6.0736     6.0899    31.3302    31.3425  1024.8291    24.6431    308.513    301.315  307.87350    100.208     0.0672     0.0549     0.0504 1.7304e-01      35114         12  0.000e+00
     39.915   59.84440 -149.46800     40.299     6.0936     6.0735     6.0904    31.3300    31.3421  1024.8292    24.6429    308.481    301.160  307.87063    100.198     0.0672     0.0549     0.0515 1.7304e-01      35115         12  0.000e+00
     39.854   59.84440 -149.46800     40.236     6.0943     6.0722     6.0911    31.3290    31.3428  1024.8281    24.6421    308.644    301.187  307.86813    100.252     0.0672     0.0549     0.0515 1.7222e-01      35116         12  0.000e+00
     39.854   59.84440 -149.46800     40.236     6.0941     6.0717     6.0909    31.3289    31.3428  1024.8280    24.6420    308.448    301.195  307.86951    100.188     0.0684     0.0623     0.0515 1.6897e-01      35117         12  0.000e+00
     39.915   59.84440 -149.46800     40.299     6.0939     6.0722     6.0907    31.3290    31.3421  1024.8284    24.6421    308.426    301.398  307.87070    100.180     0.0672     0.0549     0.0515 1.6816e-01      35118         12  0.000e+00
     39.800   59.84440 -149.46800     40.182     6.0941     6.0719     6.0909    31.3288    31.3426  1024.8277    24.6419    308.595    301.437  307.87006    100.235     0.0672     0.0549     0.0515 1.6978e-01      35119         12  0.000e+00
     39.915   59.84440 -149.46800     40.299     6.0936     6.0719     6.0904    31.3292    31.3423  1024.8286    24.6423    308.410    301.486  307.87234    100.175     0.0672     0.0549     0.0515 1.7468e-01      35120         12  0.000e+00
     39.854   59.84440 -149.46800     40.236     6.0928     6.0717     6.0896    31.3301    31.3426  1024.8292    24.6432    308.392    301.509  307.87609    100.168     0.0684     0.0623     0.0515 1.7717e-01      35121         12  0.000e+00
     39.915   59.84440 -149.46800     40.299     6.0934     6.0712     6.0902    31.3297    31.3429  1024.8290    24.6427    308.570    301.559  307.87244    100.227     0.0684     0.0623     0.0515 1.7634e-01      35122         12  0.000e+00
     39.854   59.84440 -149.46800     40.236     6.0946     6.0703     6.0914    31.3285    31.3442  1024.8276    24.6416    308.317    301.408  307.86709    100.146     0.0672     0.0549     0.0515 1.7059e-01      35123         12  0.000e+00
     39.915   59.84440 -149.46800     40.299     6.0949     6.0703     6.0917    31.3284    31.3444  1024.8278    24.6416    308.300    301.597  307.86500    100.141     0.0684     0.0623     0.0515 1.6816e-01      35124         12  0.000e+00
     39.854   59.84440 -149.46800     40.237     6.0936     6.0711     6.0904    31.3296    31.3444  1024.8287    24.6427    308.291    301.616  307.87142    100.136     0.0672     0.0549     0.0504 1.6816e-01      35125         12  0.000e+00
     39.854   59.84440 -149.46800     40.237     6.0925     6.0720     6.0893    31.3303    31.3442  1024.8293    24.6433    308.287    301.635  307.87799    100.133     0.0684     0.0623     0.0515 1.7717e-01      35126         12  0.000e+00
     39.916   59.84440 -149.46800     40.299     6.0920     6.0703     6.0888    31.3301    31.3463  1024.8295    24.6432    308.482    301.673  307.88176    100.195     0.0672     0.0549     0.0515 1.8220e-01      35127         12  0.000e+00
     39.854   59.84440 -149.46800     40.237     6.0901     6.0678     6.0869    31.3316    31.3485  1024.8307    24.6447    308.512    301.712  307.89215    100.201     0.0672     0.0549     0.0525 1.8220e-01      35128         12  0.000e+00
     39.962   59.84440 -149.46800     40.346     6.0888     6.0654     6.0856    31.3326    31.3500  1024.8321    24.6456    308.545    301.758  307.89910    100.210     0.0672     0.0549     0.0536 1.7717e-01      35129         12  0.000e+00
     39.854   59.84440 -149.46800     40.237     6.0888     6.0653     6.0856    31.3324    31.3502  1024.8314    24.6454    308.564    301.781  307.89959    100.216     0.0672     0.0549     0.0536 1.7468e-01      35130         12  0.000e+00
     39.916   59.84440 -149.46800     40.299     6.0898     6.0663     6.0866    31.3315    31.3493  1024.8309    24.6446    308.386    301.804  307.89455    100.160     0.0672     0.0549     0.0536 1.7386e-01      35131         12  0.000e+00
     39.916   59.84440 -149.46800     40.299     6.0912     6.0714     6.0880    31.3308    31.3462  1024.8301    24.6438    308.374    301.798  307.88608    100.158     0.0684     0.0623     0.0536 1.7717e-01      35132         12  0.000e+00
     39.916   59.84440 -149.46800     40.299     6.0928     6.0775     6.0896    31.3300    31.3432  1024.8293    24.6430    308.363    301.607  307.87650    100.158     0.0672     0.0549     0.0536 1.7967e-01      35133         12  0.000e+00
     39.854   59.84440 -149.46800     40.237     6.0941     6.0830     6.0909    31.3295    31.3408  1024.8285    24.6425    308.353    301.735  307.86814    100.158     0.0672     0.0549     0.0536 1.8051e-01      35134         12  0.000e+00
     39.962   59.84440 -149.46800     40.346     6.0947     6.0874     6.0915    31.3293    31.3388  1024.8287    24.6422    308.358    301.718  307.86420    100.160     0.0672     0.0549     0.0536 1.8135e-01      35135         12  0.000e+00
     39.916   59.84440 -149.46800     40.299     6.0955     6.0900     6.0923    31.3289    31.3386  1024.8282    24.6419    308.358    301.703  307.85940    100.162     0.0684     0.0623     0.0536 1.8389e-01      35136         12  0.000e+00
     39.970   59.84440 -149.46800     40.354     6.0958     6.0923     6.0926    31.3290    31.3380  1024.8284    24.6419    308.564    301.516  307.85678    100.230     0.0672     0.0549     0.0536 1.8475e-01      35137         12  0.000e+00
     39.916   59.84440 -149.46800     40.299     6.0967     6.0948     6.0934    31.3282    31.3372  1024.8275    24.6412    308.596    301.484  307.85257    100.241     0.0684     0.0623     0.0536 1.8304e-01      35138         12  0.000e+00
     39.916   59.84440 -149.46800     40.299     6.0973     6.0963     6.0941    31.3280    31.3372  1024.8272    24.6409    308.632    301.461  307.84878    100.254     0.0684     0.0623     0.0536 1.8135e-01      35139         12  0.000e+00
     40.024   59.84440 -149.46800     40.408     6.0971     6.0979     6.0939    31.3280    31.3361  1024.8277    24.6409    308.678    301.443  307.84993    100.269     0.0684     0.0623     0.0536 1.8051e-01      35140         12  0.000e+00
     39.916   59.84440 -149.46800     40.299     6.0971     6.0988     6.0939    31.3278    31.3364  1024.8271    24.6408    308.717    301.597  307.85024    100.281     0.0684     0.0623     0.0536 1.7883e-01      35141         12  0.000e+00
     39.916   59.84440 -149.46800     40.299     6.0973     6.0997     6.0941    31.3273    31.3366  1024.8267    24.6404    308.760    301.576  307.85023    100.296     0.0672     0.0549     0.0536 1.7386e-01      35142         12  0.000e+00
     40.032   59.84440 -149.46800     40.416     6.0971     6.1013     6.0939    31.3270    31.3358  1024.8270    24.6402    308.811    301.574  307.85208    100.312     0.0684     0.0623     0.0536 1.7222e-01      35143         12  0.000e+00
     39.970   59.84440 -149.46800     40.354     6.0968     6.1043     6.0936    31.3275    31.3346  1024.8272    24.6406    308.856    301.535  307.85306    100.326     0.0672     0.0549     0.0536 1.7222e-01      35144         12  0.000e+00
     39.970   59.84440 -149.46800     40.354     6.0967     6.1082     6.0934    31.3271    31.3332  1024.8268    24.6403    308.876    301.331  307.85521    100.331     0.0684     0.0623     0.0536 1.7800e-01      35145         12  0.000e+00
     39.962   59.84440 -149.46800     40.346     6.0965     6.1119     6.0933    31.3269    31.3315  1024.8266    24.6402    309.093    301.289  307.85675    100.401     0.0672     0.0549     0.0536 1.8051e-01      35146         12  0.000e+00
     40.032   59.84440 -149.46800     40.416     6.0960     6.1151     6.0928    31.3275    31.3299  1024.8275    24.6407    308.718    301.433  307.85907    100.279     0.0684     0.0623     0.0536 1.7967e-01      35147         12  0.000e+00
     39.970   59.84440 -149.46800     40.354     6.0955     6.1165     6.0923    31.3277    31.3297  1024.8274    24.6409    308.905    301.420  307.86194    100.339     0.0672     0.0549     0.0525 1.6735e-01      35148         12  0.000e+00
     40.032   59.84440 -149.46800     40.416     6.0955     6.1181     6.0923    31.3272    31.3286  1024.8274    24.6405    308.954    301.413  307.86295    100.354     0.0672     0.0549     0.0504 1.6099e-01      35149         12  0.000e+00
     40.032   59.84440 -149.46800     40.416     6.0950     6.1184     6.0918    31.3277    31.3288  1024.8278    24.6410    309.004    301.409  307.86546    100.370     0.0672     0.0549     0.0504 1.6021e-01      35150         12  0.000e+00
     40.032   59.84440 -149.46800     40.416     6.0954     6.1189     6.0922    31.3275    31.3286  1024.8276    24.6408    309.218    301.226  307.86339    100.440     0.0684     0.0623     0.0504 1.7059e-01      35151         12  0.000e+00
     40.024   59.84440 -149.46800     40.409     6.0960     6.1195     6.0928    31.3272    31.3280  1024.8273    24.6405    309.091    301.381  307.85967    100.400     0.0672     0.0549     0.0504 1.7717e-01      35152         12  0.000e+00
     40.032   59.84440 -149.46800     40.416     6.0973     6.1195     6.0940    31.3281    31.3280  1024.8278    24.6410    309.098    301.201  307.84856    100.406     0.0672     0.0549     0.0504 1.7883e-01      35153         12  0.000e+00
     40.086   59.84440 -149.46800     40.471     6.0995     6.1194     6.0963    31.3277    31.3279  1024.8275    24.6405    309.299    301.184  307.83317    100.476     0.0672     0.0549     0.0504 1.7222e-01      35154         12  0.000e+00
     40.032   59.84440 -149.46800     40.416     6.1015     6.1195     6.0982    31.3275    31.3272  1024.8269    24.6400    309.130    301.340  307.81982    100.426     0.0672     0.0549     0.0504 1.6655e-01      35155         12  0.000e+00
     40.086   59.84440 -149.46800     40.471     6.1031     6.1192     6.0999    31.3258    31.3271  1024.8256    24.6385    308.943    301.342  307.81193    100.367     0.0684     0.0623     0.0504 1.6575e-01      35156         12  0.000e+00
     19.989   59.84430 -149.46814     20.180     6.5137     6.5040     6.5121    30.9429    30.9573  1024.3794    24.2863    313.019    303.998  305.74680    102.378     0.1038     0.2747     0.0873 1.1503e+00      37850         13  0.000e+00
     19.912   59.84430 -149.46814     20.102     6.5132     6.5032     6.5116    30.9432    30.9576  1024.3793    24.2865    313.043    304.026  305.74987    102.385     0.1038     0.2747     0.0884 1.1539e+00      37851         13  0.000e+00
     19.873   59.84430 -149.46814     20.063     6.5117     6.5021     6.5100    30.9446    30.9580  1024.3805    24.2879    313.268    304.057  305.75776    102.456     0.1050     0.2820     0.0884 1.1503e+00      37852         13  0.000e+00
     19.912   59.84430 -149.46814     20.102     6.5119     6.5013     6.5103    30.9443    30.9583  1024.3804    24.2876    313.118    304.089  305.75669    102.408     0.1038     0.2747     0.0884 1.1503e+00      37853         13  0.000e+00
