merge_samples_with_btl/SKQ202309T/ctd/skq202309t_002.ros
* Sea-Bird SBE 9 Data File:
* FileName = D:\CTD\SKQ202309T\SKQ202309T_002.hex
* Software Version Seasave V 7.26.7.121
* Temperature SN = 6177
* Conductivity SN = 0369
* Number of Bytes Per Scan = 38
* Number of Voltage Words = 3
* Number of Scans Averaged by the Deck Unit = 1
* NMEA Latitude = 54 25.07 N
* NMEA Longitude = 165 12.78 W
* NMEA UTC (Time) = Jun 09 2023  15:02:10
* NMEA baud rate = 4800
** Ship: R/V Sikuliaq
** Station Number: 002
** Station Name: STN002
** Bottom Depth: 177
** Operator: SZ
# nquan = 21
# nvalues = 980                                   
# units = specified
# name 0 = depSM: Depth [salt water, m]
# name 1 = latitude: Latitude [deg]
# name 2 = longitude: Longitude [deg]
# name 3 = prDM: Pressure, Digiquartz [db]
# name 4 = t090C: Temperature [ITS-90, deg C]
# name 5 = t190C: Temperature, 2 [ITS-90, deg C]
# name 6 = potemp090C: Potential Temperature [ITS-90, deg C]
# name 7 = sal00: Salinity, Practical [PSU]
# name 8 = sal11: Salinity, Practical, 2 [PSU]
# name 9 = density00: Density [density, kg/m^3]
# name 10 = sigma-é00: Density [sigma-theta, kg/m^3]
# name 11 = sbox0Mm/Kg: Oxygen, SBE 43 [umol/kg]
# name 12 = sbox1Mm/Kg: Oxygen, SBE 43, 2 [umol/kg]
# name 13 = oxsolMm/Kg: Oxygen Saturation, Garcia & Gordon [umol/kg]
# name 14 = sbeox0PS: Oxygen, SBE 43 [% saturation]
# name 15 = v0: Voltage 0
# name 16 = flECO-AFL: Fluorescence, WET Labs ECO-AFL/FL [mg/m^3]
# name 17 = CStarAt0: Beam Attenuation, WET Labs C-Star [1/m]
# name 18 = scan: Scan Count
# name 19 = nbf: Bottles Fired
# name 20 = flag:  0.000e+00
# interval = seconds: 0.0416667
# start_time = Jun 09 2023 15:06:35 [NMEA time, first data scan]
# bad_flag = -9.990e-29
*END*
[from data line 138]
    125.578   54.41846 -165.21388    126.753     4.5270     4.5268     4.5180    32.9907    33.0011  1026.7236    26.1348    241.007    234.719  315.56950     76.372     0.0977     0.2381     0.1065      22288          3  0.000e+00
    125.632   54.41846 -165.21388    126.807     4.5270     4.5270     4.5180    32.9903    33.0012  1026.7235    26.1345    241.150    234.731  315.57041     76.417     0.0965     0.2308     0.1065      22289          3  0.000e+00
    125.640   54.41846 -165.21388    126.815     4.5268     4.5270     4.5179    32.9909    33.0010  1026.7240    26.1350    241.148    234.743  315.57030     76.417     0.0977     0.2381     0.1065      22290          3  0.000e+00
    125.578   54.41846 -165.21388    126.753     4.5270     4.5268     4.5180    32.9906    33.0009  1026.7235    26.1347    241.144    234.753  315.56978     76.416     0.0965     0.2308     0.1065      22291          3  0.000e+00
    125.632   54.41846 -165.21388    126.807     4.5268     4.5268     4.5178    32.9907    33.0011  1026.7238    26.1348    241.147    234.788  315.57112     76.416     0.0977     0.2381     0.1065      22292          3  0.000e+00
    125.578   54.41846 -165.21388    126.753     4.5268     4.5268     4.5179    32.9909    33.0009  1026.7237    26.1350    241.146    234.799  315.57031     76.416     0.0965     0.2308     0.1065      22293          3  0.000e+00
    125.632   54.41846 -165.21388    126.807     4.5268     4.5270     4.5179    32.9908    33.0009  1026.7239    26.1349    241.184    234.811  315.57047     76.428     0.0965     0.2308     0.1065      22294          3  0.000e+00
    125.578   54.41846 -165.21388    126.753     4.5270     4.5268     4.5180    32.9907    33.0012  1026.7236    26.1349    241.187    234.822  315.56941     76.429     0.0940     0.2161     0.1065      22295          3  0.000e+00
    125.640   54.41846 -165.21388    126.815     4.5268     4.5268     4.5178    32.9912    33.0012  1026.7243    26.1352    241.196    234.836  315.56991     76.432     0.0940     0.2161     0.1065      22296          3  0.000e+00
    125.251   54.41848 -165.21392    126.423     4.5313     4.5297     4.5223    32.9877    32.9987  1026.7192    26.1320    242.293    235.844  315.54429     76.786     0.1001     0.2527     0.1043      22840          4  0.000e+00
    125.422   54.41848 -165.21392    126.595     4.5311     4.5297     4.5221    32.9879    32.9989  1026.7202    26.1322    241.955    235.661  315.54530     76.679     0.1013     0.2601     0.1043      22841          4  0.000e+00
    125.306   54.41848 -165.21392    126.478     4.5313     4.5290     4.5223    32.9876    32.9995  1026.7193    26.1319    241.960    235.636  315.54454     76.680     0.1001     0.2527     0.1043      22842          4  0.000e+00
    125.306   54.41848 -165.21392    126.478     4.5311     4.5292     4.5222    32.9877    32.9990  1026.7195    26.1320    241.971    235.611  315.54545     76.683     0.1013     0.2601     0.1043      22843          4  0.000e+00
    125.244   54.41848 -165.21392    126.415     4.5313     4.5290     4.5223    32.9879    32.9994  1026.7193    26.1321    241.559    235.583  315.54381     76.553     0.1001     0.2527     0.1043      22844          4  0.000e+00
    125.422   54.41848 -165.21392    126.595     4.5304     4.5290     4.5215    32.9877    32.9996  1026.7201    26.1321    241.936    235.559  315.55043     76.671     0.1013     0.2601     0.1043      22845          4  0.000e+00
    125.306   54.41848 -165.21392    126.478     4.5300     4.5290     4.5211    32.9883    32.9995  1026.7201    26.1326    241.946    235.547  315.55219     76.674     0.1001     0.2527     0.1043      22846          4  0.000e+00
    125.360   54.41848 -165.21392    126.532     4.5295     4.5287     4.5206    32.9889    32.9998  1026.7208    26.1331    241.962    235.541  315.55488     76.678     0.1001     0.2527     0.1054      22847          4  0.000e+00
    125.306   54.41848 -165.21392    126.478     4.5292     4.5286     4.5203    32.9895    32.9996  1026.7211    26.1336    241.973    235.718  315.55579     76.682     0.1001     0.2527     0.1097      22848          4  0.000e+00
    125.306   54.41848 -165.21392    126.478     4.5298     4.5287     4.5209    32.9887    32.9996  1026.7204    26.1330    241.983    235.537  315.55281     76.685     0.1001     0.2527     0.1107      22849          4  0.000e+00
    125.306   54.41848 -165.21392    126.478     4.5305     4.5286     4.5216    32.9880    32.9997  1026.7198    26.1323    241.991    235.504  315.54937     76.689     0.1013     0.2601     0.1118      22850          4  0.000e+00
    125.360   54.41848 -165.21392    126.533     4.5308     4.5286     4.5219    32.9880    32.9996  1026.7200    26.1323    242.003    235.491  315.54705     76.693     0.1001     0.2527     0.1107      22851          4  0.000e+00
    125.306   54.41848 -165.21392    126.478     4.5310     4.5292     4.5220    32.9881    32.9994  1026.7198    26.1323    242.012    235.470  315.54570     76.696     0.1013     0.2601     0.1107      22852          4  0.000e+00
    125.306   54.41848 -165.21392    126.478     4.5314     4.5295     4.5224    32.9877    32.9991  1026.7194    26.1320    242.022    235.452  315.54343     76.700     0.1001     0.2527     0.1107      22853          4  0.000e+00
    125.360   54.41848 -165.21392    126.533     4.5317     4.5301     4.5228    32.9871    32.9984  1026.7192    26.1314    242.035    235.434  315.54216     76.704     0.1013     0.2601     0.1107      22854          4  0.000e+00
    125.306   54.41848 -165.21392    126.478     4.5316     4.5300     4.5227    32.9873    32.9990  1026.7191    26.1316    242.255    235.414  315.54272     76.774     0.1001     0.2527     0.1107      22855          4  0.000e+00
    125.306   54.41848 -165.21392    126.478     4.5314     4.5301     4.5225    32.9872    32.9985  1026.7190    26.1315    242.090    235.395  315.54429     76.721     0.0977     0.2381     0.1107      22856          4  0.000e+00
    125.306   54.41848 -165.21392    126.478     4.5309     4.5300     4.5220    32.9878    32.9988  1026.7196    26.1321    242.103    235.375  315.54672     76.725     0.0952     0.2234     0.1107      22857          4  0.000e+00
    125.306   54.41848 -165.21392    126.478     4.5310     4.5295     4.5220    32.9878    32.9991  1026.7196    26.1321    242.113    235.357  315.54626     76.728     0.0952     0.2234     0.1107      22858          4  0.000e+00
    125.360   54.41848 -165.21392    126.533     4.5307     4.5298     4.5217    32.9878    32.9986  1026.7198    26.1321    242.128    235.336  315.54880     76.732     0.0952     0.2234     0.1107      22859          4  0.000e+00
    125.306   54.41848 -165.21392    126.478     4.5302     4.5297     4.5212    32.9883    32.9991  1026.7201    26.1326    242.106    235.124  315.55109     76.725     0.0952     0.2234     0.1107      22860          4  0.000e+00
    125.306   54.41848 -165.21392    126.478     4.5298     4.5298     4.5209    32.9887    32.9993  1026.7204    26.1329    242.117    235.079  315.55290     76.728     0.0952     0.2234     0.1107      22861          4  0.000e+00
    125.360   54.41848 -165.21392    126.533     4.5300     4.5298     4.5211    32.9887    32.9991  1026.7206    26.1329    242.126    235.247  315.55141     76.731     0.0952     0.2234     0.1107      22862          4  0.000e+00
    125.306   54.41848 -165.21392    126.478     4.5303     4.5298     4.5214    32.9886    32.9984  1026.7203    26.1328    242.099    235.036  315.54925     76.723     0.0965     0.2308     0.1107      22863          4  0.000e+00
    125.306   54.41848 -165.21392    126.478     4.5307     4.5298     4.5217    32.9879    32.9986  1026.7197    26.1322    242.106    234.993  315.54836     76.725     0.0952     0.2234     0.1107      22864          4  0.000e+00
    125.360   54.41848 -165.21392    126.533     4.5303     4.5294     4.5213    32.9882    32.9996  1026.7202    26.1325    242.117    234.952  315.55052     76.729     0.0965     0.2308     0.1107      22865          4  0.000e+00
    125.306   54.41848 -165.21392    126.478     4.5302     4.5295     4.5212    32.9883    32.9992  1026.7201    26.1326    242.091    234.907  315.55100     76.720     0.0952     0.2234     0.1107      22866          4  0.000e+00
    125.360   54.41848 -165.21392    126.533     4.5297     4.5300     4.5207    32.9882    32.9985  1026.7203    26.1326    242.312    235.051  315.55519     76.789     0.0965     0.2308     0.1107      22867          4  0.000e+00
    125.360   54.41848 -165.21392    126.533     4.5287     4.5301     4.5198    32.9891    32.9986  1026.7211    26.1334    242.111    234.861  315.56017     76.724     0.0952     0.2234     0.1065      22868          4  0.000e+00
    125.306   54.41848 -165.21392    126.478     4.5292     4.5309     4.5203    32.9890    32.9979  1026.7207    26.1332    242.111    234.833  315.55700     76.725     0.0952     0.2234     0.1043      22869          4  0.000e+00
    125.360   54.41848 -165.21392    126.533     4.5293     4.5312     4.5204    32.9886    32.9978  1026.7207    26.1329    241.907    234.813  315.55663     76.660     0.0952     0.2234     0.1043      22870          4  0.000e+00
    125.306   54.41848 -165.21392    126.478     4.5295     4.5313     4.5206    32.9892    32.9979  1026.7208    26.1333    242.019    234.812  315.55416     76.696     0.0952     0.2234     0.1043      22871          4  0.000e+00
    125.360   54.41848 -165.21392    126.533     4.5297     4.5312     4.5207    32.9887    32.9980  1026.7207    26.1330    242.023    234.796  315.55406     76.698     0.0952     0.2234     0.1043      22872          4  0.000e+00
    125.360   54.41848 -165.21392    126.533     4.5297     4.5309     4.5207    32.9888    32.9982  1026.7207    26.1330    242.026    234.780  315.55397     76.699     0.0952     0.2234     0.1043      22873          4  0.000e+00
    125.306   54.41848 -165.21392    126.479     4.5297     4.5309     4.5207    32.9891    32.9979  1026.7207    26.1332    242.026    234.762  315.55325     76.699     0.0952     0.2234     0.1043      22874          4  0.000e+00
    125.361   54.41848 -165.21392    126.533     4.5298     4.5309     4.5209    32.9888    32.9982  1026.7208    26.1330    242.030    234.748  315.55259     76.700     0.0965     0.2308     0.1043      22875          4  0.000e+00
    125.361   54.41848 -165.21392    126.533     4.5303     4.5306     4.5214    32.9884    32.9983  1026.7204    26.1326    242.030    234.735  315.54969     76.701     0.0965     0.2308     0.1043      22876          4  0.000e+00
    125.361   54.41848 -165.21392    126.533     4.5305     4.5303     4.5216    32.9880    32.9988  1026.7201    26.1323    242.241    234.722  315.54934     76.768     0.0952     0.2234     0.1043      22877          4  0.000e+00
    125.361   54.41848 -165.21392    126.533     4.5308     4.5304     4.5218    32.9877    32.9987  1026.7198    26.1321    242.064    234.708  315.54807     76.712     0.0965     0.2308     0.1043      22878          4  0.000e+00
    125.361   54.41848 -165.21392    126.533     4.5308     4.5303     4.5219    32.9880    32.9986  1026.7200    26.1323    242.031    234.719  315.54705     76.702     0.0952     0.2234     0.1043      22879          4  0.000e+00
    125.361   54.41848 -165.21392    126.533     4.5308     4.5304     4.5219    32.9878    32.9981  1026.7198    26.1321    242.450    234.708  315.54761     76.835     0.0952     0.2234     0.1043      22880          4  0.000e+00
    125.361   54.41848 -165.21392    126.533     4.5308     4.5304     4.5219    32.9879    32.9985  1026.7199    26.1322    242.060    234.720  315.54733     76.711     0.0989     0.2454     0.1043      22881          4  0.000e+00
    125.423   54.41848 -165.21392    126.596     4.5309     4.5306     4.5220    32.9874    32.9985  1026.7198    26.1318    242.025    234.713  315.54771     76.700     0.1050     0.2820     0.1043      22882          4  0.000e+00
    125.361   54.41848 -165.21392    126.533     4.5308     4.5306     4.5219    32.9877    32.9986  1026.7198    26.1320    242.017    234.704  315.54780     76.698     0.1062     0.2894     0.1043      22883          4  0.000e+00
    125.361   54.41848 -165.21392    126.533     4.5300     4.5303     4.5211    32.9887    32.9986  1026.7207    26.1329    242.015    234.700  315.55132     76.696     0.1062     0.2894     0.1043      22884          4  0.000e+00
    125.423   54.41848 -165.21392    126.596     4.5297     4.5301     4.5207    32.9888    32.9986  1026.7211    26.1331    242.014    234.698  315.55376     76.695     0.1050     0.2820     0.1043      22885          4  0.000e+00
    125.423   54.41848 -165.21392    126.596     4.5293     4.5304     4.5204    32.9886    32.9981  1026.7210    26.1329    242.011    234.714  315.55661     76.693     0.1062     0.2894     0.1043      22886          4  0.000e+00
    125.361   54.41848 -165.21392    126.534     4.5292     4.5309     4.5203    32.9888    32.9980  1026.7208    26.1331    242.004    234.728  315.55735     76.691     0.1050     0.2820     0.1043      22887          4  0.000e+00
    125.423   54.41848 -165.21392    126.596     4.5290     4.5309     4.5201    32.9889    32.9982  1026.7212    26.1331    242.002    234.750  315.55843     76.690     0.1050     0.2820     0.1086      22888          4  0.000e+00
    100.164   54.41860 -165.21412    101.095     4.9101     4.9102     4.9028    32.7240    32.7345  1026.3507    25.8818    275.870    268.642  313.31974     88.047     0.1209     0.3773     0.1310      26564          5  0.000e+00
    100.164   54.41860 -165.21412    101.095     4.9100     4.9103     4.9026    32.7244    32.7339  1026.3511    25.8822    275.872    268.656  313.31990     88.048     0.1197     0.3699     0.1321      26565          5  0.000e+00
    100.110   54.41860 -165.21412    101.040     4.9101     4.9102     4.9028    32.7241    32.7343  1026.3506    25.8820    275.840    268.667  313.31931     88.038     0.1209     0.3773     0.1289      26566          5  0.000e+00
    100.164   54.41860 -165.21412    101.095     4.9101     4.9102     4.9028    32.7240    32.7342  1026.3507    25.8818    275.844    268.680  313.31974     88.039     0.1197     0.3699     0.1267      26567          5  0.000e+00
    100.110   54.41860 -165.21412    101.040     4.9100     4.9102     4.9026    32.7242    32.7342  1026.3507    25.8820    275.844    268.688  313.32029     88.039     0.1209     0.3773     0.1278      26568          5  0.000e+00
    100.164   54.41860 -165.21412    101.095     4.9100     4.9105     4.9026    32.7246    32.7336  1026.3513    25.8823    275.846    268.881  313.31935     88.040     0.1197     0.3699     0.1278      26569          5  0.000e+00
    100.164   54.41860 -165.21412    101.095     4.9100     4.9104     4.9026    32.7245    32.7339  1026.3512    25.8822    275.848    268.907  313.31972     88.040     0.1209     0.3773     0.1278      26570          5  0.000e+00
    100.164   54.41860 -165.21412    101.095     4.9100     4.9100     4.9026    32.7240    32.7346  1026.3508    25.8819    275.850    268.909  313.32073     88.041     0.1209     0.3773     0.1278      26571          5  0.000e+00
    100.126   54.41860 -165.21412    101.056     4.9100     4.9102     4.9026    32.7242    32.7345  1026.3507    25.8820    275.849    268.905  313.32040     88.041     0.1209     0.3773     0.1278      26572          5  0.000e+00
    100.164   54.41860 -165.21412    101.095     4.9098     4.9102     4.9024    32.7245    32.7342  1026.3512    25.8823    275.820    268.902  313.32079     88.031     0.1209     0.3773     0.1278      26573          5  0.000e+00
