merge_samples_with_btl/SKQ202309T/ctd/skq202309t_decktest.cnv
* Sea-Bird SBE 9 Data File:
* FileName = D:\CTD\SKQ202309T\SKQ202309T_decktest.hex
* Software Version Seasave V 7.26.7.121
* Temperature SN = 6177
* Conductivity SN = 0369
* Number of Bytes Per Scan = 41
* Number of Voltage Words = 4
* Number of Scans Averaged by the Deck Unit = 1
* NMEA Latitude = 59 27.85 N
* NMEA Longitude = 146 25.62 W
* NMEA UTC (Time) = May 26 2023  22:41:26
* NMEA baud rate = 4800
** Ship: R/V Sikuliaq
** Station Number:
** Station Name:
** Bottom Depth:
** Operator:
** Deck Test
# nquan = 24
# nvalues = 4677                                  
# units = specified
# name 0 = depSM: Depth [salt water, m]
# name 1 = latitude: Latitude [deg]
# name 2 = longitude: Longitude [deg]
# name 3 = prDM: Pressure, Digiquartz [db]
# name 4 = t090C: Temperature [ITS-90, deg C]
# name 5 = t190C: Temperature, 2 [ITS-90, deg C]
# name 6 = potemp090C: Potential Temperature [ITS-90, deg C]
# name 7 = sal00: Salinity, Practical [PSU]
# name 8 = sal11: Salinity, Practical, 2 [PSU]
# name 9 = density00: Density [density, kg/m^3]
# name 10 = sigma-é00: Density [sigma-theta, kg/m^3]
# name 11 = sbox0Mm/Kg: Oxygen, SBE 43 [umol/kg]
# name 12 = sbox1Mm/Kg: Oxygen, SBE 43, 2 [umol/kg]
# name 13 = oxsolMm/Kg: Oxygen Saturation, Garcia & Gordon [umol/kg]
# name 14 = sbeox0PS: Oxygen, SBE 43 [% saturation]
# name 15 = sbeox1PS: Oxygen, SBE 43, 2 [% saturation]
# name 16 = v0: Voltage 0
# name 17 = flECO-AFL: Fluorescence, WET Labs ECO-AFL/FL [mg/m^3]
# name 18 = v1: Voltage 1
# name 19 = CStarAt0: Beam Attenuation, WET Labs C-Star [1/m]
# name 20 = par: PAR/Irradiance, Biospherical/Licor
# name 21 = scan: Scan Count
# name 22 = timeM: Time, Elapsed [minutes]
# name 23 = flag:  0.000e+00
# span 0 =      0.828,      1.091                 
# span 1 =   59.46438,   59.46448                 
# span 2 = -146.42632, -146.42582                 
# span 3 =      0.835,      1.102                 
# span 4 =    14.1898,    14.5287                 
# span 5 =    14.3208,    14.5808                 
# span 6 =    14.1897,    14.5286                 
# span 7 =     0.0132,     0.0138                 
# span 8 =     0.0000,     0.0628                 
# span 9 =   999.1857,   999.2351                 
# span 10 =    -0.8186,    -0.7700                
# span 11 =    102.284,    203.684                
# span 12 =    -32.088,    210.147                
# span 13 =  318.60328,  320.95276                
# span 14 =     31.954,     63.584                
# span 15 =    -10.037,     65.759                
# span 16 =     0.0000,     5.0000                
# span 17 =    -0.3600,    29.6400                
# span 18 =     0.0000,     4.3663                
# span 19 =     0.2858,    55.2620                
# span 20 = 1.0000e-12, 1.2795e+03                
# span 21 =          1,       4677                
# span 22 =     0.0000,     3.2472                
# span 23 = 0.0000e+00, 0.0000e+00                
# interval = seconds: 0.0416667
# start_time = May 26 2023 22:47:21 [NMEA time, first data scan]
# bad_flag = -9.990e-29
*END*
[from data line 4529]
      0.975   59.46448 -146.42584      0.984    14.2163    14.3230    14.2163     0.0136     0.0165   999.2308    -0.7738    160.749    148.460  320.76773     50.114     46.391     0.0574    -0.0157     0.0012    49.3097 1.0000e-12       4530     3.1451  0.000e+00
      0.913   59.46448 -146.42584      0.922    14.2162    14.3231    14.2161     0.0136     0.0163   999.2306    -0.7737    160.745    148.431  320.76895     50.112     46.382     0.0574    -0.0157     0.0012    49.3097 1.0000e-12       4531     3.1458  0.000e+00
      0.975   59.46448 -146.42584      0.984    14.2159    14.3231    14.2158     0.0136     0.0165   999.2309    -0.7737    160.743    148.415  320.77121     50.111     46.377     0.0562    -0.0230     0.0012    49.3097 1.0000e-12       4532     3.1465  0.000e+00
      0.913   59.46448 -146.42584      0.922    14.2159    14.3231    14.2158     0.0136     0.0164   999.2306    -0.7737    160.738    148.395  320.77084     50.110     46.371     0.0574    -0.0157     0.0012    49.3097 8.4714e-06       4533     3.1472  0.000e+00
      0.975   59.46448 -146.42584      0.984    14.2155    14.3233    14.2154     0.0137     0.0166   999.2310    -0.7736    160.736    148.374  320.77363     50.109     46.364     0.0562    -0.0230     0.0012    49.3097 8.4714e-06       4534     3.1479  0.000e+00
      0.913   59.46448 -146.42584      0.922    14.2155    14.3231    14.2154     0.0136     0.0160   999.2307    -0.7736    160.731    148.174  320.77367     50.107     46.302     0.0574    -0.0157     0.0012    49.3097 8.4714e-06       4535     3.1486  0.000e+00
      0.975   59.46448 -146.42584      0.984    14.2154    14.3237    14.2153     0.0136     0.0161   999.2310    -0.7736    160.191    148.313  320.77467     49.939     46.345     0.0574    -0.0157     0.0012    49.3097 8.4714e-06       4536     3.1493  0.000e+00
      0.975   59.46448 -146.42584      0.984    14.2150    14.3233    14.2149     0.0137     0.0164   999.2310    -0.7735    160.712    148.273  320.77679     50.101     46.333     0.0574    -0.0157     0.0012    49.3097 1.0000e-12       4537     3.1500  0.000e+00
      0.913   59.46448 -146.42584      0.922    14.2147    14.3233    14.2146     0.0137     0.0165   999.2308    -0.7735    160.712    148.053  320.77925     50.100     46.264     0.0574    -0.0157     0.0012    49.3097 8.4714e-06       4538     3.1507  0.000e+00
      0.975   59.46448 -146.42584      0.984    14.2147    14.3237    14.2146     0.0137     0.0162   999.2311    -0.7735    160.906    148.172  320.77932     50.161     46.302     0.0574    -0.0157     0.0012    49.3097 8.4714e-06       4539     3.1514  0.000e+00
      0.913   59.46448 -146.42584      0.922    14.2143    14.3235    14.2142     0.0137     0.0161   999.2309    -0.7734    160.732    148.137  320.78174     50.106     46.290     0.0574    -0.0157     0.0012    49.3097 8.4714e-06       4540     3.1521  0.000e+00
      0.975   59.46448 -146.42584      0.984    14.2145    14.3237    14.2144     0.0137     0.0162   999.2311    -0.7735    160.732    148.101  320.78053     50.106     46.279     0.0623     0.0136     0.0012    49.3097 8.4714e-06       4541     3.1528  0.000e+00
      0.975   59.46448 -146.42584      0.984    14.2140    14.3235    14.2139     0.0136     0.0167   999.2312    -0.7734    160.733    148.239  320.78409     50.106     46.323     0.0635     0.0210     0.0012    49.3097 1.0000e-12       4542     3.1535  0.000e+00
      0.913   59.46448 -146.42584      0.921    14.2140    14.3237    14.2139     0.0137     0.0169   999.2309    -0.7734    160.731    148.209  320.78402     50.106     46.313     0.0635     0.0210     0.0012    49.3097 8.4714e-06       4543     3.1542  0.000e+00
      0.974   59.46448 -146.42584      0.984    14.2136    14.3242    14.2135     0.0136     0.0166   999.2312    -0.7734    160.732    148.178  320.78662     50.106     46.304     0.0623     0.0136     0.0012    49.3097 8.4714e-06       4544     3.1549  0.000e+00
      0.974   59.46448 -146.42584      0.984    14.2136    14.3240    14.2135     0.0136     0.0169   999.2312    -0.7734    160.732    148.144  320.78663     50.105     46.293     0.0635     0.0210     0.0012    49.3097 8.4714e-06       4545     3.1556  0.000e+00
      0.913   59.46448 -146.42584      0.921    14.2133    14.3240    14.2132     0.0136     0.0169   999.2310    -0.7733    160.731    148.107  320.78877     50.105     46.282     0.0623     0.0136     0.0000    55.2620 1.0000e-12       4546     3.1563  0.000e+00
      0.974   59.46448 -146.42584      0.984    14.2131    14.3242    14.2130     0.0137     0.0170   999.2313    -0.7733    160.925    148.244  320.78993     50.165     46.325     0.0635     0.0210     0.0012    49.3097 1.0000e-12       4547     3.1569  0.000e+00
      0.913   59.46448 -146.42584      0.921    14.2128    14.3243    14.2127     0.0136     0.0170   999.2311    -0.7732    160.791    148.226  320.79222     50.123     46.319     0.0635     0.0210     0.0012    49.3097 8.4714e-06       4548     3.1576  0.000e+00
      0.974   59.46448 -146.42584      0.983    14.2125    14.3243    14.2124     0.0136     0.0170   999.2314    -0.7732    160.793    148.398  320.79474     50.123     46.373     0.0635     0.0210     0.0012    49.3097 8.4714e-06       4549     3.1583  0.000e+00
      0.974   59.46448 -146.42584      0.983    14.2123    14.3246    14.2122     0.0136     0.0170   999.2314    -0.7732    160.794    148.415  320.79570     50.123     46.379     0.0623     0.0136     0.0012    49.3097 1.0000e-12       4550     3.1590  0.000e+00
      0.912   59.46448 -146.42582      0.921    14.2122    14.3246    14.2121     0.0136     0.0168   999.2311    -0.7732    160.793    148.442  320.79700     50.123     46.387     0.0635     0.0210     0.0012    49.3097 1.0000e-12       4551     3.1597  0.000e+00
      0.974   59.46448 -146.42582      0.983    14.2118    14.3250    14.2117     0.0137     0.0169   999.2315    -0.7731    160.796    148.482  320.79943     50.123     46.400     0.0635     0.0210     0.0012    49.3097 1.0000e-12       4552     3.1604  0.000e+00
      0.974   59.46448 -146.42582      0.983    14.2115    14.3250    14.2114     0.0137     0.0172   999.2315    -0.7730    160.797    148.344  320.80163     50.123     46.357     0.0635     0.0210     0.0012    49.3097 1.0000e-12       4553     3.1611  0.000e+00
      0.912   59.46448 -146.42582      0.921    14.2110    14.3252    14.2109     0.0137     0.0173   999.2314    -0.7730    160.797    148.369  320.80503     50.123     46.365     0.0635     0.0210     0.0012    49.3097 1.0000e-12       4554     3.1618  0.000e+00
      0.974   59.46448 -146.42582      0.983    14.2107    14.3252    14.2106     0.0137     0.0173   999.2317    -0.7729    160.800    148.395  320.80723     50.123     46.373     0.0635     0.0210     0.0012    49.3097 1.0000e-12       4555     3.1625  0.000e+00
      0.912   59.46448 -146.42582      0.921    14.2103    14.3253    14.2102     0.0137     0.0174   999.2314    -0.7729    160.800    148.418  320.80979     50.123     46.380     0.0623     0.0136     0.0012    49.3097 1.0000e-12       4556     3.1632  0.000e+00
      0.912   59.46448 -146.42582      0.921    14.2099    14.3255    14.2099     0.0137     0.0175   999.2315    -0.7728    160.801    148.429  320.81233     50.123     46.384     0.0635     0.0210     0.0012    49.3097 1.0000e-12       4557     3.1639  0.000e+00
      1.005   59.46448 -146.42582      1.014    14.2096    14.3259    14.2095     0.0137     0.0174   999.2320    -0.7728    160.804    148.439  320.81453     50.124     46.388     0.0635     0.0210     0.0012    49.3097 1.0000e-12       4558     3.1646  0.000e+00
      0.974   59.46448 -146.42582      0.983    14.2091    14.3260    14.2090     0.0137     0.0170   999.2319    -0.7727    160.826    148.447  320.81799     50.130     46.390     0.0635     0.0210     0.0012    49.3097 1.0000e-12       4559     3.1653  0.000e+00
      0.974   59.46448 -146.42582      0.983    14.2086    14.3261    14.2085     0.0137     0.0171   999.2320    -0.7726    160.849    148.455  320.82145     50.137     46.393     0.0635     0.0210     0.0012    49.3097 1.0000e-12       4560     3.1660  0.000e+00
      0.912   59.46448 -146.42582      0.921    14.2083    14.3265    14.2082     0.0137     0.0175   999.2317    -0.7726    160.851    148.459  320.82396     50.137     46.394     0.0635     0.0210     0.0000    55.2620 8.4714e-06       4561     3.1667  0.000e+00
      0.974   59.46448 -146.42582      0.983    14.2076    14.3268    14.2075     0.0137     0.0173   999.2321    -0.7725    160.856    148.465  320.82858     50.138     46.397     0.0635     0.0210     0.0012    49.3097 8.4714e-06       4562     3.1674  0.000e+00
      0.974   59.46448 -146.42582      0.983    14.2071    14.3268    14.2070     0.0136     0.0170   999.2321    -0.7725    160.859    148.647  320.83223     50.138     46.453     0.0635     0.0210     0.0012    49.3097 8.4714e-06       4563     3.1681  0.000e+00
      0.974   59.46448 -146.42582      0.983    14.2068    14.3272    14.2067     0.0137     0.0171   999.2322    -0.7724    160.477    148.485  320.83436     50.019     46.403     0.0635     0.0210     0.0012    49.3097 8.4714e-06       4564     3.1688  0.000e+00
      0.912   59.46448 -146.42582      0.921    14.2061    14.3275    14.2060     0.0136     0.0183   999.2320    -0.7723    160.828    148.307  320.83910     50.127     46.348     0.0635     0.0210     0.0012    49.3097 8.4714e-06       4565     3.1694  0.000e+00
      0.974   59.46448 -146.42582      0.983    14.2058    14.3276    14.2057     0.0137     0.0204   999.2324    -0.7722    160.833    148.118  320.84159     50.129     46.290     0.0611     0.0063     0.0012    49.3097 1.0000e-12       4566     3.1701  0.000e+00
      0.974   59.46448 -146.42582      0.983    14.2049    14.3282    14.2048     0.0136     0.0217   999.2325    -0.7721    160.840    147.384  320.84759     50.130     46.062     0.0574    -0.0157     0.0012    49.3097 1.0000e-12       4567     3.1708  0.000e+00
      0.912   59.46448 -146.42582      0.921    14.2044    14.3283    14.2044     0.0137     0.0199   999.2323    -0.7720    160.651    146.959  320.85055     50.070     45.928     0.0562    -0.0230     0.0012    49.3097 1.0000e-12       4568     3.1715  0.000e+00
      0.974   59.46448 -146.42582      0.983    14.2036    14.3287    14.2035     0.0137     0.0144   999.2327    -0.7719    160.254    146.517  320.85663     49.946     45.789     0.0562    -0.0230     0.0012    49.3097 8.4714e-06       4569     3.1722  0.000e+00
      0.974   59.46448 -146.42582      0.983    14.2029    14.3288    14.2028     0.0137     0.0130   999.2328    -0.7718    159.626    146.402  320.86141     49.749     45.753     0.0574    -0.0157     0.0012    49.3097 1.0000e-12       4570     3.1729  0.000e+00
      0.912   59.46448 -146.42582      0.920    14.2025    14.3293    14.2025     0.0136     0.0132   999.2325    -0.7718    159.327    146.641  320.86397     49.655     45.828     0.0562    -0.0230     0.0012    49.3097 8.4714e-06       4571     3.1736  0.000e+00
      0.973   59.46448 -146.42582      0.983    14.2016    14.3295    14.2015     0.0137     0.0129   999.2329    -0.7716    159.770    149.208  320.87085     49.792     46.630     0.0574    -0.0157     0.0012    49.3097 8.4714e-06       4572     3.1743  0.000e+00
      0.973   59.46448 -146.42582      0.982    14.2009    14.3298    14.2008     0.0137     0.0130   999.2331    -0.7715    160.485    151.958  320.87555     50.015     47.490     0.0562    -0.0230     0.0000    55.2620 1.0000e-12       4573     3.1750  0.000e+00
      0.973   59.46448 -146.42582      0.982    14.2002    14.3303    14.2001     0.0136     0.0128   999.2331    -0.7715    160.700    152.943  320.88064     50.081     47.798     0.0574    -0.0157     0.0012    49.3097 8.4714e-06       4574     3.1757  0.000e+00
      0.911   59.46448 -146.42582      0.920    14.1996    14.3305    14.1995     0.0137     0.0130   999.2329    -0.7714    160.739    152.903  320.88471     50.092     47.786     0.0562    -0.0230     0.0000    55.2620 8.4714e-06       4575     3.1764  0.000e+00
      0.973   59.46448 -146.42582      0.982    14.1989    14.3309    14.1988     0.0137     0.0129   999.2333    -0.7713    160.780    152.826  320.88941     50.105     47.762     0.0574    -0.0157     0.0012    49.3097 8.4714e-06       4576     3.1771  0.000e+00
      0.973   59.46448 -146.42582      0.982    14.1980    14.3310    14.1979     0.0137     0.0128   999.2335    -0.7711    160.627    152.711  320.89535     50.056     47.727     0.0562    -0.0230     0.0012    49.3097 8.4714e-06       4577     3.1778  0.000e+00
      0.972   59.46448 -146.42582      0.982    14.1976    14.3315    14.1975     0.0137     0.0129   999.2335    -0.7711    160.839    152.558  320.89821     50.121     47.679     0.0574    -0.0157     0.0012    49.3097 1.0000e-12       4578     3.1785  0.000e+00
      0.911   59.46448 -146.42582      0.919    14.1969    14.3318    14.1968     0.0137     0.0130   999.2333    -0.7710    160.876    152.368  320.90356     50.132     47.620     0.0574    -0.0157     0.0012    49.3097 1.0000e-12       4579     3.1792  0.000e+00
      0.972   59.46448 -146.42582      0.981    14.1962    14.3322    14.1961     0.0137     0.0132   999.2337    -0.7709    160.722    152.322  320.90826     50.084     47.606     0.0574    -0.0157     0.0012    49.3097 8.4714e-06       4580     3.1799  0.000e+00
      0.972   59.46448 -146.42582      0.981    14.1955    14.3325    14.1954     0.0137     0.0132   999.2338    -0.7708    160.934    152.254  320.91328     50.149     47.585     0.0574    -0.0157     0.0000    55.2620 1.0000e-12       4581     3.1806  0.000e+00
      0.972   59.46448 -146.42582      0.981    14.1948    14.3327    14.1947     0.0137     0.0130   999.2339    -0.7707    160.777    152.341  320.91773     50.099     47.613     0.0574    -0.0157     0.0012    49.3097 8.4714e-06       4582     3.1812  0.000e+00
      0.910   59.46448 -146.42582      0.919    14.1942    14.3328    14.1941     0.0137     0.0133   999.2337    -0.7706    160.793    152.243  320.92214     50.103     47.582     0.0562    -0.0230     0.0012    49.3097 1.0000e-12       4583     3.1819  0.000e+00
      0.972   59.46448 -146.42582      0.981    14.1937    14.3333    14.1936     0.0136     0.0132   999.2340    -0.7705    160.811    152.111  320.92597     50.108     47.542     0.0574    -0.0157     0.0012    49.3097 1.0000e-12       4584     3.1826  0.000e+00
      0.972   59.46448 -146.42582      0.981    14.1933    14.3333    14.1932     0.0137     0.0127   999.2341    -0.7705    160.766    152.150  320.92877     50.094     47.554     0.0574    -0.0157     0.0012    49.3097 8.4714e-06       4585     3.1833  0.000e+00
      0.910   59.46448 -146.42582      0.919    14.1929    14.3335    14.1928     0.0136     0.0131   999.2338    -0.7704    160.779    152.179  320.93169     50.097     47.563     0.0586    -0.0084     0.0012    49.3097 1.0000e-12       4586     3.1840  0.000e+00
      0.972   59.46448 -146.42582      0.981    14.1922    14.3338    14.1921     0.0136     0.0132   999.2343    -0.7703    160.794    152.013  320.93636     50.102     47.511     0.0574    -0.0157     0.0012    49.3097 1.0000e-12       4587     3.1847  0.000e+00
      0.910   59.46448 -146.42582      0.919    14.1921    14.3340    14.1920     0.0137     0.0129   999.2340    -0.7703    160.826    151.839  320.93695     50.111     47.457     0.0574    -0.0157     0.0012    49.3097 8.4714e-06       4588     3.1854  0.000e+00
