merge_samples_with_btl/SKQ202309T/ctd/skq202309t_002avg.cnv
* Sea-Bird SBE 9 Data File:
* FileName = D:\CTD\SKQ202309T\SKQ202309T_002.hex
* Software Version Seasave V 7.26.7.121
* Temperature SN = 6177
* Conductivity SN = 0369
* Number of Bytes Per Scan = 38
* Number of Voltage Words = 3
* Number of Scans Averaged by the Deck Unit = 1
* NMEA Latitude = 54 25.07 N
* NMEA Longitude = 165 12.78 W
* NMEA UTC (Time) = Jun 09 2023  15:02:10
* NMEA baud rate = 4800
** Ship: R/V Sikuliaq
** Station Number: 002
** Station Name: STN002
** Bottom Depth: 177
** Operator: SZ
# nquan = 24
# nvalues = 169                         
# units = specified
# name 0 = depSM: Depth [salt water, m]
# name 1 = latitude: Latitude [deg]
# name 2 = longitude: Longitude [deg]
# name 3 = prDM: Pressure, Digiquartz [db]
# name 4 = t090C: Temperature [ITS-90, deg C]
# name 5 = t190C: Temperature, 2 [ITS-90, deg C]
# name 6 = potemp090C: Potential Temperature [ITS-90, deg C]
# name 7 = sal00: Salinity, Practical [PSU]
# name 8 = sal11: Salinity, Practical, 2 [PSU]
# name 9 = density00: Density [density, kg/m^3]
# name 10 = sigma-é00: Density [sigma-theta, kg/m^3]
# name 11 = sbox0Mm/Kg: Oxygen, SBE 43 [umol/kg]
# name 12 = sbox1Mm/Kg: Oxygen, SBE 43, 2 [umol/kg]
# name 13 = oxsolMm/Kg: Oxygen Saturation, Garcia & Gordon [umol/kg]
# name 14 = sbeox0PS: Oxygen, SBE 43 [% saturation]
# name 15 = sbeox1PS: Oxygen, SBE 43, 2 [% saturation]
# name 16 = v0: Voltage 0
# name 17 = flECO-AFL: Fluorescence, WET Labs ECO-AFL/FL [mg/m^3]
# name 18 = v1: Voltage 1
# name 19 = CStarAt0: Beam Attenuation, WET Labs C-Star [1/m]
# name 20 = scan: Scan Count
# name 21 = timeM: Time, Elapsed [minutes]
# name 22 = nbin: number of scans per bin
# name 23 = flag: flag
# span 0 =      1.982,    168.407       
# span 1 =   54.41784,   54.41805       
# span 2 = -165.21339, -165.21313       
# span 3 =      2.000,    170.000       
# span 4 =     4.4403,     5.3959       
# span 5 =     4.4401,     5.3992       
# span 6 =     4.4284,     5.3951       
# span 7 =    32.2327,    33.0745       
# span 8 =    32.2435,    33.0852       
# span 9 =  1025.4507,  1026.9987       
# span 10 =    25.4403,    26.2108      
# span 11 =    233.073,    303.301      
# span 12 =    226.277,    295.738      
# span 13 =  310.79909,  316.02722      
# span 14 =     73.753,     97.511      
# span 15 =     71.608,     95.086      
# span 16 =     0.0842,     0.2326      
# span 17 =     0.1574,     1.0475      
# span 18 =     4.4279,     4.6024      
# span 19 =     0.0944,     0.2498      
# span 20 =        952,      15667      
# span 21 =     0.6603,    10.8794      
# span 22 =         37,       1533      
# span 23 = 0.0000e+00, 0.0000e+00      
# interval = decibars: 1                
# start_time = Jun 09 2023 15:06:35 [NMEA time, first data scan]
# bad_flag = -9.990e-29
*END*
      1.982   54.41784 -165.21316      2.000     5.3736     5.3735     5.3735    32.2344    32.2453  1025.4507    25.4414    303.074    295.507  311.02820     97.443     95.017     0.1514     0.5604     4.4953     0.1885        952     0.6603       1533 0.0000e+00
      2.973   54.41784 -165.21316      3.000     5.3733     5.3733     5.3730    32.2333    32.2443  1025.4545    25.4406    303.126    295.189  311.03350     97.458     94.914     0.1505     0.5548     4.4946     0.1892       1640     1.1381        194 0.0000e+00
      3.964   54.41784 -165.21316      4.000     5.3728     5.3728     5.3725    32.2327    32.2438  1025.4588    25.4403    303.168    295.083  311.03847     97.470     94.878     0.1535     0.5732     4.4965     0.1875       1791     1.2430         89 0.0000e+00
      4.955   54.41784 -165.21316      5.000     5.3730     5.3724     5.3726    32.2328    32.2437  1025.4635    25.4403    303.296    294.964  311.03684     97.511     94.839     0.1611     0.6185     4.4957     0.1882       1931     1.3400        190 0.0000e+00
      5.946   54.41784 -165.21316      6.000     5.3718     5.3717     5.3713    32.2327    32.2438  1025.4682    25.4404    303.277    295.738  311.04577     97.502     95.086     0.1528     0.5690     4.4967     0.1873       2066     1.4344         96 0.0000e+00
      6.937   54.41784 -165.21316      7.000     5.3735     5.3732     5.3730    32.2329    32.2438  1025.4728    25.4403    303.036    295.072  311.03258     97.429     94.876     0.1532     0.5710     4.4976     0.1866       2208     1.5329        171 0.0000e+00
      7.928   54.41784 -165.21316      8.000     5.3685     5.3694     5.3679    32.2328    32.2435  1025.4779    25.4408    303.126    295.474  311.06937     97.446     94.996     0.1521     0.5648     4.4946     0.1892       2362     1.6399        142 0.0000e+00
      8.919   54.41784 -165.21316      9.000     5.3429     5.3480     5.3422    32.2416    32.2525  1025.4924    25.4507    303.301    294.955  311.23752     97.450     94.787     0.1506     0.5553     4.4991     0.1852       2486     1.7257        104 0.0000e+00
      9.910   54.41784 -165.21316     10.000     5.3959     5.3992     5.3951    32.2628    32.2749  1025.5078    25.4615    302.179    294.276  310.79909     97.226     94.700     0.1546     0.5794     4.4925     0.1911       2643     1.8345        170 0.0000e+00
     10.901   54.41784 -165.21316     11.000     5.3465     5.3479     5.3457    32.2704    32.2813  1025.5241    25.4731    301.584    292.855  311.14411     96.927     94.133     0.1546     0.5800     4.4845     0.1983       2768     1.9217        106 0.0000e+00
     11.892   54.41784 -165.21316     12.000     5.3303     5.3283     5.3294    32.2702    32.2811  1025.5305    25.4748    301.545    293.840  311.26414     96.878     94.405     0.1688     0.6650     4.4823     0.2002       2909     2.0197        160 0.0000e+00
     12.883   54.41784 -165.21316     13.000     5.3141     5.3148     5.3132    32.2688    32.2800  1025.5358    25.4756    301.010    293.150  311.38611     96.668     94.153     0.1561     0.5887     4.4824     0.2001       3019     2.0955         82 0.0000e+00
     13.874   54.41784 -165.21316     14.000     5.3066     5.3060     5.3056    32.2682    32.2793  1025.5408    25.4759    301.550    293.148  311.44281     96.824     94.132     0.1559     0.5873     4.4856     0.1973       3118     2.1647        104 0.0000e+00
     14.865   54.41784 -165.21316     15.000     5.3003     5.3010     5.2992    32.2680    32.2791  1025.5461    25.4765    301.037    292.787  311.48992     96.644     94.005     0.1554     0.5841     4.4834     0.1992       3208     2.2268         70 0.0000e+00
     15.856   54.41784 -165.21316     16.000     5.2731     5.2696     5.2719    32.2721    32.2845  1025.5570    25.4828    301.437    292.951  311.68085     96.713     93.992     0.1631     0.6308     4.4896     0.1937       3265     2.2666         56 0.0000e+00
     16.847   54.41784 -165.21316     17.000     5.2524     5.2532     5.2511    32.2763    32.2871  1025.5673    25.4885    301.061    292.032  311.82435     96.548     93.662     0.1580     0.6003     4.4920     0.1915       3352     2.3274        105 0.0000e+00
     17.838   54.41784 -165.21316     18.000     5.2469     5.2469     5.2456    32.2779    32.2891  1025.5739    25.4904    300.260    292.235  311.86051     96.280     93.715     0.1591     0.6065     4.4891     0.1941       3431     2.3816         48 0.0000e+00
     18.829   54.41784 -165.21316     19.000     5.2464     5.2467     5.2450    32.2786    32.2896  1025.5791    25.4910    300.054    292.173  311.86303     96.213     93.695     0.1683     0.6621     4.4831     0.1994       3472     2.4106         41 0.0000e+00
     19.820   54.41784 -165.21316     20.000     5.2523     5.2530     5.2508    32.2761    32.2868  1025.5811    25.4884    299.203    291.852  311.82522     95.952     93.604     0.1581     0.6005     4.4875     0.1955       3513     2.4387         45 0.0000e+00
     20.811   54.41784 -165.21316     21.000     5.2504     5.2502     5.2488    32.2761    32.2873  1025.5860    25.4886    299.684    291.499  311.83918     96.102     93.485     0.1612     0.6194     4.4858     0.1971       3571     2.4789         71 0.0000e+00
     21.802   54.41784 -165.21316     22.000     5.2464     5.2477     5.2448    32.2768    32.2877  1025.5916    25.4896    300.284    292.076  311.86716     96.286     93.664     0.1641     0.6367     4.4749     0.2068       3641     2.5277         62 0.0000e+00
     22.793   54.41784 -165.21316     23.000     5.2336     5.2329     5.2319    32.2806    32.2917  1025.6007    25.4941    299.954    292.066  311.95254     96.154     93.631     0.1633     0.6319     4.4813     0.2010       3696     2.5658         45 0.0000e+00
     23.783   54.41784 -165.21316     24.000     5.2324     5.2327     5.2306    32.2816    32.2923  1025.6063    25.4950    299.796    291.838  311.95927     96.101     93.558     0.1670     0.6536     4.4872     0.1958       3736     2.5939         40 0.0000e+00
     24.774   54.41784 -165.21316     25.000     5.2357     5.2344     5.2338    32.2809    32.2921  1025.6100    25.4941    298.701    291.127  311.93669     95.757     93.334     0.1650     0.6423     4.4819     0.2006       3778     2.6232         46 0.0000e+00
     25.765   54.41784 -165.21316     26.000     5.2370     5.2371     5.2350    32.2806    32.2914  1025.6143    25.4937    298.809    290.710  311.92794     95.794     93.205     0.1692     0.6673     4.4778     0.2043       3834     2.6621         62 0.0000e+00
     26.756   54.41784 -165.21316     27.000     5.2338     5.2332     5.2318    32.2788    32.2899  1025.6179    25.4926    299.195    290.997  311.95567     95.909     93.288     0.1659     0.6473     4.4834     0.1991       3894     2.7036         54 0.0000e+00
     27.747   54.41784 -165.21316     28.000     5.2302     5.2296     5.2282    32.2771    32.2878  1025.6215    25.4917    299.250    291.616  311.98590     95.918     93.477     0.1690     0.6660     4.4787     0.2034       3943     2.7372         44 0.0000e+00
     28.738   54.41784 -165.21316     29.000     5.2280     5.2278     5.2259    32.2763    32.2870  1025.6258    25.4913    298.953    291.167  312.00396     95.817     93.329     0.1691     0.6668     4.4641     0.2164       3988     2.7686         46 0.0000e+00
     29.729   54.41784 -165.21316     30.000     5.2278     5.2276     5.2256    32.2761    32.2868  1025.6304    25.4912    298.255    290.671  312.00589     95.593     93.169     0.1743     0.6978     4.4809     0.2014       4038     2.8037         56 0.0000e+00
     30.720   54.41784 -165.21316     31.000     5.2282     5.2281     5.2259    32.2758    32.2867  1025.6347    25.4909    298.166    290.734  312.00407     95.565     93.190     0.1796     0.7297     4.4829     0.1996       4101     2.8471         63 0.0000e+00
     31.711   54.41784 -165.21316     32.000     5.2287     5.2286     5.2264    32.2754    32.2864  1025.6390    25.4906    297.962    289.143  312.00065     95.501     92.681     0.1829     0.7495     4.4734     0.2081       4152     2.8829         42 0.0000e+00
     32.702   54.41784 -165.21316     33.000     5.2283     5.2282     5.2259    32.2758    32.2865  1025.6440    25.4909    297.906    289.861  312.00300     95.482     92.910     0.1774     0.7164     4.4739     0.2077       4192     2.9106         38 0.0000e+00
     33.692   54.41784 -165.21316     34.000     5.2286     5.2283     5.2261    32.2757    32.2865  1025.6485    25.4908    297.967    289.236  312.00127     95.502     92.710     0.1892     0.7871     4.4760     0.2058       4238     2.9421         51 0.0000e+00
     34.683   54.41784 -165.21316     35.000     5.2300     5.2298     5.2274    32.2748    32.2858  1025.6523    25.4900    298.250    289.983  311.99270     95.595     92.953     0.1728     0.6886     4.4793     0.2028       4304     2.9880         68 0.0000e+00
     35.674   54.41784 -165.21316     36.000     5.2309     5.2310     5.2282    32.2744    32.2850  1025.6565    25.4896    297.850    289.710  311.98744     95.469     92.867     0.1854     0.7647     4.4835     0.1991       4361     3.0275         50 0.0000e+00
     36.665   54.41784 -165.21316     37.000     5.2306     5.2311     5.2278    32.2749    32.2853  1025.6616    25.4900    298.610    289.153  311.98823     95.712     92.689     0.1656     0.6455     4.4810     0.2013       4409     3.0613         46 0.0000e+00
     37.656   54.41784 -165.21316     38.000     5.2271     5.2280     5.2242    32.2782    32.2883  1025.6693    25.4930    298.455    290.282  312.00657     95.657     93.046     0.1593     0.6075     4.4823     0.2002       4455     3.0933         48 0.0000e+00
     38.647   54.41784 -165.21316     39.000     5.2272     5.2275     5.2243    32.2784    32.2891  1025.6741    25.4932    298.141    290.586  312.00528     95.557     93.143     0.1659     0.6471     4.4792     0.2030       4503     3.1263         50 0.0000e+00
     39.638   54.41784 -165.21316     40.000     5.2297     5.2287     5.2267    32.2766    32.2883  1025.6770    25.4915    297.727    290.691  311.99075     95.428     93.179     0.1777     0.7185     4.4816     0.2008       4560     3.1662         63 0.0000e+00
     40.628   54.41784 -165.21316     41.000     5.2314     5.2313     5.2283    32.2753    32.2861  1025.6804    25.4903    298.103    289.867  311.98126     95.552     92.919     0.1764     0.7106     4.4846     0.1981       4622     3.2093         54 0.0000e+00
     41.619   54.41784 -165.21316     42.000     5.2315     5.2316     5.2284    32.2760    32.2866  1025.6855    25.4908    298.098    290.268  311.97911     95.551     93.049     0.1735     0.6929     4.4802     0.2021       4672     3.2437         48 0.0000e+00
     42.610   54.41784 -165.21316     43.000     5.2312     5.2314     5.2280    32.2761    32.2866  1025.6903    25.4910    297.568    290.320  311.98087     95.380     93.065     0.1698     0.6707     4.4849     0.1978       4718     3.2755         46 0.0000e+00
     43.601   54.41784 -165.21316     44.000     5.2315     5.2309     5.2282    32.2759    32.2870  1025.6948    25.4908    298.144    289.845  311.97941     95.565     92.911     0.1631     0.6306     4.4853     0.1975       4767     3.3097         50 0.0000e+00
     44.592   54.41784 -165.21316     45.000     5.2311     5.2312     5.2277    32.2761    32.2868  1025.6996    25.4910    298.252    290.104  311.98187     95.599     92.995     0.1652     0.6436     4.4721     0.2093       4820     3.3466         55 0.0000e+00
     45.582   54.41784 -165.21316     46.000     5.2286     5.2289     5.2251    32.2782    32.2887  1025.7062    25.4929    298.491    290.531  311.99562     95.671     93.128     0.1655     0.6452     4.4817     0.2008       4879     3.3877         61 0.0000e+00
     46.574   54.41784 -165.21316     47.000     5.2284     5.2285     5.2249    32.2787    32.2894  1025.7112    25.4933    298.198    290.640  311.99577     95.578     93.163     0.1628     0.6290     4.4787     0.2034       4931     3.4236         45 0.0000e+00
     47.564   54.41785 -165.21316     48.000     5.2269     5.2272     5.2233    32.2793    32.2899  1025.7165    25.4940    297.969    290.301  312.00533     95.501     93.052     0.1688     0.6647     4.4834     0.1992       4979     3.4573         50 0.0000e+00
     48.555   54.41786 -165.21316     49.000     5.2206     5.2221     5.2170    32.2830    32.2935  1025.7248    25.4976    298.297    289.948  312.04295     95.595     92.930     0.1695     0.6689     4.4769     0.2050       5032     3.4935         51 0.0000e+00
     49.546   54.41786 -165.21316     50.000     5.2182     5.2178     5.2145    32.2844    32.2952  1025.7308    25.4990    297.577    289.291  312.05764     95.360     92.711     0.1703     0.6736     4.4799     0.2024       5082     3.5282         52 0.0000e+00
     50.536   54.41786 -165.21316     51.000     5.2142     5.2146     5.2104    32.2845    32.2954  1025.7360    25.4996    297.596    289.828  312.08739     95.357     92.876     0.1798     0.7308     4.4750     0.2067       5136     3.5657         56 0.0000e+00
     51.527   54.41786 -165.21316     52.000     5.2119     5.2138     5.2080    32.2851    32.2951  1025.7414    25.5003    297.577    288.399  312.10282     95.346     92.416     0.1862     0.7690     4.4724     0.2090       5191     3.6043         51 0.0000e+00
     52.518   54.41786 -165.21316     53.000     5.2046     5.2052     5.2007    32.2884    32.2990  1025.7495    25.5037    297.122    288.630  312.14887     95.186     92.474     0.1807     0.7362     4.4760     0.2058       5240     3.6384         49 0.0000e+00
     53.509   54.41786 -165.21316     54.000     5.2017     5.2037     5.1977    32.2914    32.3011  1025.7568    25.5065    296.492    289.328  312.16366     94.980     92.696     0.1888     0.7850     4.4766     0.2053       5290     3.6731         50 0.0000e+00
     54.500   54.41786 -165.21316     55.000     5.1967     5.1976     5.1926    32.2957    32.3057  1025.7654    25.5104    296.671    288.851  312.19077     95.029     92.533     0.1966     0.8319     4.4689     0.2121       5339     3.7069         44 0.0000e+00
     55.491   54.41786 -165.21316     56.000     5.1939     5.1936     5.1897    32.2982    32.3091  1025.7724    25.5127    296.214    289.235  312.20551     94.878     92.649     0.1931     0.8103     4.4765     0.2053       5390     3.7421         58 0.0000e+00
     56.481   54.41786 -165.21316     57.000     5.1930     5.1930     5.1888    32.2994    32.3102  1025.7781    25.5138    295.905    287.456  312.20894     94.778     92.079     0.2087     0.9039     4.4677     0.2132       5452     3.7856         59 0.0000e+00
     57.472   54.41786 -165.21316     58.000     5.1905     5.1899     5.1862    32.3022    32.3136  1025.7853    25.5163    296.084    287.242  312.22079     94.831     92.006     0.1803     0.7335     4.4725     0.2089       5498     3.8176         38 0.0000e+00
     58.463   54.41786 -165.21316     59.000     5.1827     5.1826     5.1783    32.3091    32.3200  1025.7962    25.5226    295.747    288.229  312.26288     94.711     92.311     0.1861     0.7690     4.4775     0.2044       5539     3.8456         42 0.0000e+00
     59.453   54.41786 -165.21316     60.000     5.1727     5.1720     5.1683    32.3182    32.3296  1025.8092    25.5309    295.412    287.961  312.31552     94.588     92.208     0.2165     0.9509     4.4819     0.2006       5589     3.8808         57 0.0000e+00
     60.444   54.41786 -165.21316     61.000     5.1614     5.1613     5.1569    32.3283    32.3392  1025.8231    25.5402    294.170    286.984  312.37612     94.172     91.879     0.2009     0.8573     4.4755     0.2062       5652     3.9245         65 0.0000e+00
