merge_samples_with_btl/SKQ202309T/ctd/skq202309t_decktestsvp.cnv
* Sea-Bird SBE 9 Data File:
* FileName = D:\CTD\SKQ202309T\SKQ202309T_decktest.hex
* Software Version Seasave V 7.26.7.121
* Temperature SN = 6177
* Conductivity SN = 0369
* Number of Bytes Per Scan = 41
* Number of Voltage Words = 4
* Number of Scans Averaged by the Deck Unit = 1
* NMEA Latitude = 59 27.85 N
* NMEA Longitude = 146 25.62 W
* NMEA UTC (Time) = May 26 2023  22:41:26
* NMEA baud rate = 4800
** Ship: R/V Sikuliaq
** Station Number:
** Station Name:
** Bottom Depth:
** Operator:
** Deck Test
# nquan = 7
# nvalues = 4677                                  
# units = specified
# name 0 = depSM: Depth [salt water, m]
# name 1 = latitude: Latitude [deg]
# name 2 = longitude: Longitude [deg]
# name 3 = t090C: Temperature [ITS-90, deg C]
# name 4 = sal00: Salinity, Practical [PSU]
# name 5 = svCM: Sound Velocity [Chen-Millero, m/s]
# name 6 = flag:  0.000e+00
# span 0 =     -1.626,     -1.362                 
# span 1 =   59.46438,   59.46448                 
# span 2 = -146.42632, -146.42582                 
# span 3 =    14.1898,    14.5287                 
# span 4 =     0.0132,     0.0138                 
# span 5 =    1463.07,    1464.28                 
# span 6 = 0.0000e+00, 0.0000e+00                 
# interval = seconds: 0.0416667
# start_time = May 26 2023 22:47:21 [NMEA time, first data scan]
# bad_flag = -9.990e-29
*END*
[from data line 3488]
     -1.414   59.46446 -146.42590    14.2382     0.0137    1463.24  0.000e+00
     -1.468   59.46446 -146.42590    14.2368     0.0137    1463.24  0.000e+00
     -1.468   59.46446 -146.42590    14.2356     0.0137    1463.23  0.000e+00
     -1.414   59.46446 -146.42590    14.2347     0.0137    1463.23  0.000e+00
     -1.468   59.46446 -146.42590    14.2335     0.0137    1463.23  0.000e+00
     -1.468   59.46446 -146.42590    14.2326     0.0137    1463.22  0.000e+00
     -1.414   59.46446 -146.42590    14.2316     0.0137    1463.22  0.000e+00
     -1.468   59.46446 -146.42590    14.2305     0.0137    1463.22  0.000e+00
     -1.414   59.46446 -146.42590    14.2295     0.0137    1463.21  0.000e+00
     -1.468   59.46446 -146.42590    14.2289     0.0137    1463.21  0.000e+00
     -1.414   59.46446 -146.42590    14.2279     0.0137    1463.21  0.000e+00
     -1.468   59.46446 -146.42590    14.2273     0.0137    1463.20  0.000e+00
     -1.414   59.46446 -146.42590    14.2264     0.0137    1463.20  0.000e+00
     -1.468   59.46446 -146.42590    14.2259     0.0137    1463.20  0.000e+00
     -1.468   59.46446 -146.42590    14.2252     0.0137    1463.20  0.000e+00
     -1.414   59.46446 -146.42590    14.2247     0.0137    1463.20  0.000e+00
     -1.468   59.46446 -146.42590    14.2241     0.0137    1463.19  0.000e+00
     -1.414   59.46446 -146.42590    14.2235     0.0137    1463.19  0.000e+00
     -1.468   59.46446 -146.42590    14.2231     0.0137    1463.19  0.000e+00
     -1.468   59.46446 -146.42590    14.2224     0.0137    1463.19  0.000e+00
     -1.414   59.46446 -146.42590    14.2222     0.0137    1463.19  0.000e+00
     -1.468   59.46446 -146.42590    14.2219     0.0137    1463.18  0.000e+00
     -1.414   59.46446 -146.42590    14.2214     0.0137    1463.18  0.000e+00
     -1.491   59.46446 -146.42590    14.2214     0.0137    1463.18  0.000e+00
     -1.414   59.46446 -146.42590    14.2209     0.0137    1463.18  0.000e+00
     -1.468   59.46446 -146.42590    14.2207     0.0137    1463.18  0.000e+00
     -1.414   59.46446 -146.42590    14.2204     0.0137    1463.18  0.000e+00
     -1.468   59.46446 -146.42590    14.2203     0.0137    1463.18  0.000e+00
     -1.468   59.46446 -146.42590    14.2204     0.0137    1463.18  0.000e+00
     -1.414   59.46446 -146.42590    14.2202     0.0137    1463.18  0.000e+00
     -1.468   59.46446 -146.42590    14.2204     0.0137    1463.18  0.000e+00
     -1.468   59.46446 -146.42590    14.2200     0.0137    1463.18  0.000e+00
     -1.468   59.46446 -146.42590    14.2201     0.0137    1463.18  0.000e+00
     -1.414   59.46446 -146.42590    14.2202     0.0137    1463.18  0.000e+00
     -1.468   59.46446 -146.42590    14.2202     0.0137    1463.18  0.000e+00
     -1.468   59.46446 -146.42590    14.2204     0.0137    1463.18  0.000e+00
     -1.468   59.46446 -146.42590    14.2205     0.0137    1463.18  0.000e+00
     -1.468   59.46446 -146.42590    14.2208     0.0136    1463.18  0.000e+00
     -1.414   59.46446 -146.42590    14.2207     0.0136    1463.18  0.000e+00
     -1.468   59.46446 -146.42590    14.2212     0.0136    1463.18  0.000e+00
     -1.468   59.46446 -146.42590    14.2215     0.0136    1463.18  0.000e+00
     -1.468   59.46446 -146.42590    14.2217     0.0137    1463.18  0.000e+00
     -1.468   59.46446 -146.42590    14.2221     0.0136    1463.19  0.000e+00
     -1.468   59.46446 -146.42590    14.2229     0.0137    1463.19  0.000e+00
     -1.468   59.46446 -146.42590    14.2232     0.0137    1463.19  0.000e+00
     -1.468   59.46446 -146.42590    14.2237     0.0137    1463.19  0.000e+00
     -1.468   59.46446 -146.42590    14.2242     0.0136    1463.19  0.000e+00
     -1.468   59.46446 -146.42590    14.2246     0.0136    1463.19  0.000e+00
     -1.468   59.46446 -146.42590    14.2258     0.0136    1463.20  0.000e+00
     -1.468   59.46446 -146.42590    14.2261     0.0137    1463.20  0.000e+00
     -1.468   59.46446 -146.42590    14.2269     0.0137    1463.20  0.000e+00
     -1.468   59.46446 -146.42590    14.2279     0.0136    1463.21  0.000e+00
     -1.530   59.46446 -146.42590    14.2289     0.0136    1463.21  0.000e+00
     -1.468   59.46446 -146.42590    14.2299     0.0136    1463.21  0.000e+00
     -1.468   59.46446 -146.42590    14.2308     0.0136    1463.22  0.000e+00
     -1.468   59.46446 -146.42590    14.2320     0.0136    1463.22  0.000e+00
     -1.530   59.46446 -146.42590    14.2333     0.0136    1463.22  0.000e+00
     -1.468   59.46446 -146.42590    14.2347     0.0136    1463.23  0.000e+00
     -1.468   59.46446 -146.42590    14.2358     0.0137    1463.23  0.000e+00
     -1.530   59.46446 -146.42590    14.2372     0.0136    1463.24  0.000e+00
     -1.468   59.46446 -146.42590    14.2385     0.0136    1463.24  0.000e+00
     -1.468   59.46446 -146.42590    14.2397     0.0136    1463.25  0.000e+00
     -1.553   59.46446 -146.42590    14.2412     0.0136    1463.25  0.000e+00
     -1.530   59.46446 -146.42590    14.2425     0.0136    1463.26  0.000e+00
     -1.468   59.46446 -146.42590    14.2439     0.0136    1463.26  0.000e+00
     -1.468   59.46446 -146.42590    14.2454     0.0136    1463.27  0.000e+00
     -1.530   59.46446 -146.42590    14.2469     0.0136    1463.27  0.000e+00
     -1.530   59.46446 -146.42590    14.2481     0.0136    1463.28  0.000e+00
     -1.468   59.46446 -146.42590    14.2496     0.0136    1463.28  0.000e+00
     -1.530   59.46446 -146.42590    14.2513     0.0136    1463.29  0.000e+00
     -1.530   59.46446 -146.42590    14.2528     0.0136    1463.29  0.000e+00
     -1.468   59.46446 -146.42590    14.2545     0.0136    1463.30  0.000e+00
     -1.530   59.46446 -146.42590    14.2560     0.0136    1463.31  0.000e+00
     -1.530   59.46446 -146.42590    14.2580     0.0136    1463.31  0.000e+00
     -1.530   59.46446 -146.42590    14.2599     0.0136    1463.32  0.000e+00
     -1.530   59.46446 -146.42590    14.2621     0.0137    1463.33  0.000e+00
     -1.530   59.46446 -146.42590    14.2639     0.0136    1463.33  0.000e+00
     -1.468   59.46446 -146.42590    14.2658     0.0136    1463.34  0.000e+00
     -1.530   59.46446 -146.42590    14.2676     0.0136    1463.35  0.000e+00
     -1.530   59.46446 -146.42590    14.2695     0.0136    1463.35  0.000e+00
     -1.530   59.46446 -146.42590    14.2713     0.0136    1463.36  0.000e+00
     -1.530   59.46446 -146.42590    14.2728     0.0136    1463.37  0.000e+00
     -1.530   59.46446 -146.42590    14.2748     0.0136    1463.37  0.000e+00
     -1.530   59.46446 -146.42590    14.2763     0.0136    1463.38  0.000e+00
     -1.530   59.46446 -146.42590    14.2784     0.0136    1463.38  0.000e+00
     -1.530   59.46446 -146.42590    14.2797     0.0136    1463.39  0.000e+00
     -1.530   59.46446 -146.42590    14.2812     0.0136    1463.40  0.000e+00
     -1.530   59.46446 -146.42590    14.2826     0.0136    1463.40  0.000e+00
     -1.530   59.46446 -146.42590    14.2837     0.0136    1463.40  0.000e+00
     -1.530   59.46446 -146.42590    14.2850     0.0136    1463.41  0.000e+00
     -1.530   59.46446 -146.42590    14.2861     0.0136    1463.41  0.000e+00
     -1.530   59.46446 -146.42590    14.2873     0.0136    1463.42  0.000e+00
     -1.530   59.46446 -146.42590    14.2880     0.0136    1463.42  0.000e+00
     -1.530   59.46446 -146.42590    14.2893     0.0136    1463.42  0.000e+00
     -1.530   59.46446 -146.42590    14.2901     0.0136    1463.43  0.000e+00
     -1.530   59.46446 -146.42590    14.2910     0.0136    1463.43  0.000e+00
     -1.584   59.46446 -146.42590    14.2917     0.0136    1463.43  0.000e+00
     -1.530   59.46446 -146.42590    14.2925     0.0136    1463.44  0.000e+00
     -1.530   59.46446 -146.42590    14.2930     0.0136    1463.44  0.000e+00
     -1.530   59.46446 -146.42590    14.2937     0.0136    1463.44  0.000e+00
     -1.530   59.46446 -146.42590    14.2942     0.0136    1463.44  0.000e+00
     -1.530   59.46446 -146.42590    14.2947     0.0136    1463.44  0.000e+00
     -1.530   59.46446 -146.42590    14.2950     0.0136    1463.44  0.000e+00
     -1.553   59.46446 -146.42590    14.2955     0.0136    1463.45  0.000e+00
     -1.530   59.46446 -146.42590    14.2957     0.0136    1463.45  0.000e+00
     -1.530   59.46446 -146.42590    14.2960     0.0136    1463.45  0.000e+00
     -1.530   59.46446 -146.42590    14.2962     0.0136    1463.45  0.000e+00
     -1.468   59.46446 -146.42590    14.2965     0.0136    1463.45  0.000e+00
     -1.584   59.46446 -146.42590    14.2965     0.0136    1463.45  0.000e+00
     -1.530   59.46446 -146.42590    14.2964     0.0136    1463.45  0.000e+00
     -1.530   59.46446 -146.42590    14.2965     0.0136    1463.45  0.000e+00
     -1.530   59.46446 -146.42590    14.2967     0.0136    1463.45  0.000e+00
     -1.530   59.46446 -146.42590    14.2967     0.0136    1463.45  0.000e+00
     -1.530   59.46446 -146.42590    14.2967     0.0136    1463.45  0.000e+00
     -1.530   59.46446 -146.42590    14.2967     0.0136    1463.45  0.000e+00
     -1.530   59.46446 -146.42590    14.2960     0.0136    1463.45  0.000e+00
     -1.468   59.46446 -146.42590    14.2959     0.0136    1463.45  0.000e+00
     -1.530   59.46446 -146.42590    14.2959     0.0136    1463.45  0.000e+00
     -1.530   59.46446 -146.42590    14.2952     0.0136    1463.44  0.000e+00
     -1.530   59.46446 -146.42590    14.2945     0.0136    1463.44  0.000e+00
     -1.530   59.46446 -146.42590    14.2942     0.0136    1463.44  0.000e+00
     -1.468   59.46446 -146.42590    14.2935     0.0136    1463.44  0.000e+00
     -1.530   59.46446 -146.42590    14.2925     0.0136    1463.44  0.000e+00
     -1.530   59.46446 -146.42590    14.2915     0.0136    1463.43  0.000e+00
     -1.530   59.46446 -146.42590    14.2907     0.0136    1463.43  0.000e+00
     -1.469   59.46446 -146.42590    14.2898     0.0136    1463.43  0.000e+00
     -1.531   59.46446 -146.42590    14.2886     0.0137    1463.42  0.000e+00
     -1.531   59.46446 -146.42590    14.2878     0.0136    1463.42  0.000e+00
     -1.469   59.46446 -146.42590    14.2866     0.0137    1463.42  0.000e+00
     -1.531   59.46446 -146.42590    14.2854     0.0137    1463.41  0.000e+00
     -1.532   59.46446 -146.42590    14.2843     0.0136    1463.41  0.000e+00
     -1.470   59.46446 -146.42590    14.2831     0.0136    1463.40  0.000e+00
     -1.532   59.46446 -146.42590    14.2819     0.0136    1463.40  0.000e+00
     -1.470   59.46446 -146.42590    14.2804     0.0136    1463.39  0.000e+00
     -1.532   59.46446 -146.42590    14.2790     0.0136    1463.39  0.000e+00
     -1.471   59.46446 -146.42590    14.2779     0.0136    1463.38  0.000e+00
     -1.471   59.46446 -146.42590    14.2765     0.0136    1463.38  0.000e+00
     -1.534   59.46446 -146.42590    14.2748     0.0136    1463.37  0.000e+00
     -1.472   59.46446 -146.42590    14.2735     0.0137    1463.37  0.000e+00
     -1.473   59.46446 -146.42590    14.2722     0.0136    1463.36  0.000e+00
     -1.535   59.46446 -146.42590    14.2706     0.0136    1463.36  0.000e+00
     -1.474   59.46446 -146.42590    14.2695     0.0137    1463.35  0.000e+00
     -1.474   59.46446 -146.42590    14.2678     0.0136    1463.35  0.000e+00
     -1.475   59.46446 -146.42590    14.2666     0.0136    1463.34  0.000e+00
     -1.498   59.46446 -146.42590    14.2651     0.0137    1463.34  0.000e+00
     -1.537   59.46446 -146.42590    14.2639     0.0136    1463.33  0.000e+00
     -1.476   59.46446 -146.42590    14.2624     0.0137    1463.33  0.000e+00
     -1.476   59.46446 -146.42590    14.2610     0.0137    1463.32  0.000e+00
     -1.477   59.46446 -146.42590    14.2597     0.0137    1463.32  0.000e+00
     -1.477   59.46446 -146.42590    14.2585     0.0137    1463.32  0.000e+00
     -1.477   59.46446 -146.42590    14.2573     0.0137    1463.31  0.000e+00
     -1.539   59.46446 -146.42588    14.2560     0.0137    1463.31  0.000e+00
     -1.478   59.46446 -146.42588    14.2547     0.0137    1463.30  0.000e+00
     -1.478   59.46446 -146.42588    14.2535     0.0136    1463.30  0.000e+00
     -1.478   59.46446 -146.42588    14.2525     0.0137    1463.29  0.000e+00
     -1.478   59.46446 -146.42588    14.2515     0.0137    1463.29  0.000e+00
     -1.478   59.46446 -146.42588    14.2506     0.0137    1463.29  0.000e+00
     -1.479   59.46446 -146.42588    14.2498     0.0137    1463.28  0.000e+00
     -1.479   59.46446 -146.42588    14.2491     0.0137    1463.28  0.000e+00
     -1.479   59.46446 -146.42588    14.2483     0.0137    1463.28  0.000e+00
     -1.479   59.46446 -146.42588    14.2471     0.0137    1463.27  0.000e+00
     -1.479   59.46446 -146.42588    14.2464     0.0137    1463.27  0.000e+00
     -1.541   59.46446 -146.42588    14.2459     0.0137    1463.27  0.000e+00
     -1.480   59.46446 -146.42588    14.2451     0.0136    1463.27  0.000e+00
     -1.480   59.46446 -146.42588    14.2444     0.0136    1463.26  0.000e+00
     -1.480   59.46446 -146.42588    14.2439     0.0137    1463.26  0.000e+00
     -1.480   59.46446 -146.42588    14.2434     0.0137    1463.26  0.000e+00
     -1.480   59.46446 -146.42588    14.2429     0.0137    1463.26  0.000e+00
     -1.480   59.46446 -146.42588    14.2424     0.0137    1463.26  0.000e+00
     -1.480   59.46446 -146.42588    14.2420     0.0136    1463.26  0.000e+00
     -1.481   59.46446 -146.42588    14.2416     0.0137    1463.25  0.000e+00
     -1.481   59.46446 -146.42588    14.2412     0.0136    1463.25  0.000e+00
     -1.481   59.46446 -146.42588    14.2405     0.0137    1463.25  0.000e+00
     -1.481   59.46446 -146.42588    14.2402     0.0137    1463.25  0.000e+00
     -1.481   59.46446 -146.42588    14.2400     0.0137    1463.25  0.000e+00
     -1.481   59.46446 -146.42588    14.2397     0.0136    1463.25  0.000e+00
     -1.481   59.46446 -146.42588    14.2393     0.0136    1463.25  0.000e+00
     -1.481   59.46446 -146.42588    14.2393     0.0136    1463.25  0.000e+00
     -1.542   59.46446 -146.42588    14.2392     0.0137    1463.25  0.000e+00
     -1.481   59.46446 -146.42588    14.2387     0.0137    1463.24  0.000e+00
     -1.481   59.46446 -146.42588    14.2387     0.0136    1463.24  0.000e+00
     -1.481   59.46446 -146.42588    14.2382     0.0136    1463.24  0.000e+00
     -1.481   59.46446 -146.42588    14.2382     0.0137    1463.24  0.000e+00
     -1.542   59.46446 -146.42588    14.2382     0.0137    1463.24  0.000e+00
     -1.450   59.46446 -146.42588    14.2379     0.0136    1463.24  0.000e+00
     -1.481   59.46446 -146.42588    14.2379     0.0137    1463.24  0.000e+00
     -1.481   59.46446 -146.42588    14.2379     0.0137    1463.24  0.000e+00
     -1.481   59.46446 -146.42588    14.2377     0.0137    1463.24  0.000e+00
     -1.481   59.46446 -146.42588    14.2375     0.0137    1463.24  0.000e+00
     -1.542   59.46446 -146.42588    14.2374     0.0137    1463.24  0.000e+00
     -1.542   59.46446 -146.42588    14.2372     0.0137    1463.24  0.000e+00
     -1.426   59.46446 -146.42588    14.2372     0.0137    1463.24  0.000e+00
     -1.480   59.46446 -146.42588    14.2374     0.0137    1463.24  0.000e+00
     -1.480   59.46446 -146.42588    14.2370     0.0137    1463.24  0.000e+00
     -1.480   59.46446 -146.42588    14.2372     0.0137    1463.24  0.000e+00
     -1.480   59.46446 -146.42588    14.2372     0.0136    1463.24  0.000e+00
     -1.480   59.46446 -146.42588    14.2368     0.0137    1463.24  0.000e+00
     -1.481   59.46446 -146.42588    14.2370     0.0136    1463.24  0.000e+00
     -1.542   59.46446 -146.42588    14.2368     0.0137    1463.24  0.000e+00
     -1.481   59.46446 -146.42588    14.2368     0.0137    1463.24  0.000e+00
     -1.480   59.46446 -146.42588    14.2368     0.0136    1463.24  0.000e+00
     -1.481   59.46446 -146.42588    14.2367     0.0137    1463.24  0.000e+00
     -1.481   59.46446 -146.42588    14.2367     0.0137    1463.24  0.000e+00
     -1.542   59.46446 -146.42588    14.2365     0.0137    1463.24  0.000e+00
