merge_samples_with_btl/SKQ202309T/ctd/skq202309t_003.ros
* Sea-Bird SBE 9 Data File:
* FileName = D:\CTD\SKQ202309T\SKQ202309T_003.hex
* Software Version Seasave V 7.26.7.121
* Temperature SN = 6177
* Conductivity SN = 0369
* Number of Bytes Per Scan = 38
* Number of Voltage Words = 3
* Number of Scans Averaged by the Deck Unit = 1
* NMEA Latitude = 56 26.56 N
* NMEA Longitude = 166 33.22 W
* NMEA UTC (Time) = Jun 10 2023  04:39:46
* NMEA baud rate = 4800
** Ship: R/V Sikuliaq
** Station Number: 003
** Station Name: STN 004
** Bottom Depth: 101
** Operator: Julia Moriarty
# nquan = 21
# nvalues = 784                                   
# units = specified
# name 0 = depSM: Depth [salt water, m]
# name 1 = latitude: Latitude [deg]
# name 2 = longitude: Longitude [deg]
# name 3 = prDM: Pressure, Digiquartz [db]
# name 4 = t090C: Temperature [ITS-90, deg C]
# name 5 = t190C: Temperature, 2 [ITS-90, deg C]
# name 6 = potemp090C: Potential Temperature [ITS-90, deg C]
# name 7 = sal00: Salinity, Practical [PSU]
# name 8 = sal11: Salinity, Practical, 2 [PSU]
# name 9 = density00: Density [density, kg/m^3]
# name 10 = sigma-é00: Density [sigma-theta, kg/m^3]
# name 11 = sbox0Mm/Kg: Oxygen, SBE 43 [umol/kg]
# name 12 = sbox1Mm/Kg: Oxygen, SBE 43, 2 [umol/kg]
# name 13 = oxsolMm/Kg: Oxygen Saturation, Garcia & Gordon [umol/kg]
# name 14 = sbeox0PS: Oxygen, SBE 43 [% saturation]
# name 15 = v0: Voltage 0
# name 16 = flECO-AFL: Fluorescence, WET Labs ECO-AFL/FL [mg/m^3]
# name 17 = CStarAt0: Beam Attenuation, WET Labs C-Star [1/m]
# name 18 = scan: Scan Count
# name 19 = nbf: Bottles Fired
# name 20 = flag:  0.000e+00
# interval = seconds: 0.0416667
# start_time = Jun 10 2023 04:44:02 [NMEA time, first data scan]
# bad_flag = -9.990e-29
*END*
[from data line 690]
      2.213   56.44284 -166.55326      2.233     6.7751     6.7765     6.7749    31.8724    31.8811  1024.9956    24.9853    414.432    402.272  301.83210    137.306     0.3468     1.7326     0.8599      33923         15  0.000e+00
      2.159   56.44284 -166.55326      2.179     6.7754     6.7766     6.7752    31.8716    31.8810  1024.9946    24.9846    414.447    402.337  301.83141    137.311     0.3480     1.7399     0.8599      33924         15  0.000e+00
      2.159   56.44284 -166.55326      2.179     6.7754     6.7762     6.7752    31.8720    31.8814  1024.9949    24.9849    414.408    402.410  301.83065    137.298     0.3468     1.7326     0.8612      33925         15  0.000e+00
      2.213   56.44284 -166.55326      2.233     6.7753     6.7760     6.7751    31.8720    31.8814  1024.9952    24.9849    414.591    402.487  301.83170    137.358     0.3480     1.7399     0.8612      33926         15  0.000e+00
      2.159   56.44284 -166.55326      2.179     6.7756     6.7758     6.7754    31.8717    31.8815  1024.9947    24.9847    414.623    402.714  301.83017    137.370     0.3480     1.7399     0.8612      33927         15  0.000e+00
      2.213   56.44284 -166.55326      2.233     6.7753     6.7747     6.7751    31.8719    31.8822  1024.9951    24.9848    414.472    402.797  301.83187    137.319     0.3468     1.7326     0.8612      33928         15  0.000e+00
      2.159   56.44284 -166.55326      2.179     6.7756     6.7744     6.7754    31.8714    31.8822  1024.9944    24.9844    414.639    402.870  301.83059    137.375     0.3480     1.7399     0.8599      33929         15  0.000e+00
      2.213   56.44284 -166.55326      2.233     6.7754     6.7740     6.7752    31.8715    31.8817  1024.9948    24.9845    414.675    402.950  301.83163    137.386     0.3468     1.7326     0.8612      33930         15  0.000e+00
      2.159   56.44284 -166.55326      2.179     6.7753     6.7737     6.7751    31.8712    31.8815  1024.9943    24.9843    414.675    403.005  301.83340    137.385     0.3480     1.7399     0.8612      33931         15  0.000e+00
      2.213   56.44284 -166.55326      2.233     6.7750     6.7731     6.7748    31.8712    31.8815  1024.9946    24.9843    414.679    403.258  301.83552    137.386     0.3468     1.7326     0.8612      33932         15  0.000e+00
      2.213   56.44284 -166.55326      2.233     6.7751     6.7733     6.7749    31.8712    31.8809  1024.9946    24.9843    414.481    403.346  301.83486    137.320     0.3480     1.7399     0.8612      33933         15  0.000e+00
      2.159   56.44284 -166.55326      2.179     6.7751     6.7731     6.7749    31.8713    31.8811  1024.9944    24.9843    414.636    403.414  301.83472    137.372     0.3468     1.7326     0.8612      33934         15  0.000e+00
      2.159   56.44284 -166.55326      2.179     6.7747     6.7734     6.7745    31.8711    31.8810  1024.9943    24.9843    414.438    403.461  301.83795    137.305     0.3480     1.7399     0.8612      33935         15  0.000e+00
      2.159   56.44284 -166.55326      2.179     6.7743     6.7738     6.7741    31.8714    31.8809  1024.9946    24.9846    414.401    403.523  301.84001    137.292     0.3468     1.7326     0.8612      33936         15  0.000e+00
      2.213   56.44284 -166.55326      2.234     6.7735     6.7739     6.7733    31.8714    31.8809  1024.9950    24.9847    414.563    403.571  301.84560    137.343     0.3480     1.7399     0.8612      33937         15  0.000e+00
      2.159   56.44284 -166.55326      2.179     6.7734     6.7747     6.7732    31.8714    31.8804  1024.9947    24.9847    414.542    403.606  301.84629    137.336     0.3468     1.7326     0.8612      33938         15  0.000e+00
      2.213   56.44284 -166.55326      2.234     6.7731     6.7746     6.7730    31.8716    31.8806  1024.9952    24.9849    414.333    403.825  301.84724    137.266     0.3394     1.6886     0.8612      33939         15  0.000e+00
      2.159   56.44284 -166.55326      2.179     6.7729     6.7744     6.7727    31.8713    31.8808  1024.9947    24.9847    414.283    403.707  301.84968    137.248     0.3309     1.6373     0.8689      33940         15  0.000e+00
      2.213   56.44284 -166.55326      2.234     6.7730     6.7742     6.7728    31.8714    31.8810  1024.9950    24.9847    414.259    403.921  301.84882    137.241     0.3297     1.6300     0.8895      33941         15  0.000e+00
      2.159   56.44284 -166.55326      2.179     6.7727     6.7743     6.7725    31.8718    31.8811  1024.9951    24.9851    414.232    403.795  301.84999    137.231     0.3309     1.6373     0.8973      33942         15  0.000e+00
      2.159   56.44284 -166.55326      2.179     6.7725     6.7744     6.7724    31.8716    31.8812  1024.9950    24.9849    414.207    404.155  301.85149    137.222     0.3297     1.6300     0.8973      33943         15  0.000e+00
      2.213   56.44284 -166.55326      2.234     6.7723     6.7745     6.7722    31.8715    31.8812  1024.9952    24.9849    414.375    403.854  301.85303    137.277     0.3309     1.6373     0.8960      33944         15  0.000e+00
      2.128   56.44284 -166.55326      2.148     6.7722     6.7746     6.7720    31.8718    31.8813  1024.9950    24.9851    414.367    404.029  301.85351    137.274     0.3297     1.6300     0.8960      33945         15  0.000e+00
      2.159   56.44284 -166.55326      2.179     6.7721     6.7747     6.7719    31.8714    31.8814  1024.9949    24.9848    414.172    403.877  301.85513    137.209     0.3309     1.6373     0.8960      33946         15  0.000e+00
      2.213   56.44284 -166.55326      2.234     6.7720     6.7745     6.7718    31.8717    31.8819  1024.9954    24.9851    414.141    404.054  301.85484    137.199     0.3297     1.6300     0.8960      33947         15  0.000e+00
      2.159   56.44284 -166.55326      2.179     6.7722     6.7748     6.7720    31.8718    31.8815  1024.9952    24.9851    414.101    404.064  301.85355    137.186     0.3309     1.6373     0.8960      33948         15  0.000e+00
      2.213   56.44284 -166.55326      2.234     6.7719     6.7744     6.7717    31.8721    31.8815  1024.9957    24.9855    414.069    404.082  301.85450    137.175     0.3297     1.6300     0.8960      33949         15  0.000e+00
      2.159   56.44284 -166.55326      2.179     6.7725     6.7742     6.7723    31.8718    31.8816  1024.9951    24.9851    414.024    404.087  301.85140    137.161     0.3309     1.6373     0.8947      33950         15  0.000e+00
      2.160   56.44284 -166.55326      2.179     6.7722     6.7743     6.7720    31.8720    31.8815  1024.9953    24.9853    413.413    403.899  301.85304    136.958     0.3297     1.6300     0.8960      33951         15  0.000e+00
      2.214   56.44284 -166.55326      2.234     6.7721     6.7744     6.7719    31.8723    31.8812  1024.9958    24.9855    413.903    403.867  301.85318    137.121     0.3297     1.6300     0.8960      33952         15  0.000e+00
      2.160   56.44284 -166.55326      2.179     6.7723     6.7744     6.7722    31.8720    31.8816  1024.9953    24.9853    413.862    403.825  301.85197    137.108     0.3297     1.6300     0.8960      33953         15  0.000e+00
      2.098   56.44284 -166.55326      2.117     6.7725     6.7743     6.7723    31.8722    31.8811  1024.9951    24.9854    413.847    403.799  301.85058    137.103     0.3297     1.6300     0.8960      33954         15  0.000e+00
      2.275   56.44284 -166.55326      2.296     6.7725     6.7741     6.7723    31.8723    31.8811  1024.9960    24.9855    413.818    403.784  301.85002    137.094     0.3309     1.6373     0.8960      33955         15  0.000e+00
      2.214   56.44284 -166.55326      2.234     6.7728     6.7736     6.7727    31.8717    31.8813  1024.9953    24.9850    413.775    403.755  301.84914    137.080     0.3297     1.6300     0.8960      33956         15  0.000e+00
      2.160   56.44284 -166.55326      2.180     6.7729     6.7735     6.7727    31.8718    31.8811  1024.9951    24.9851    413.759    403.721  301.84859    137.075     0.3309     1.6373     0.8960      33957         15  0.000e+00
      2.214   56.44284 -166.55326      2.234     6.7730     6.7731     6.7728    31.8714    31.8806  1024.9950    24.9847    413.941    403.693  301.84874    137.135     0.3297     1.6300     0.8960      33958         15  0.000e+00
      2.160   56.44284 -166.55326      2.180     6.7727     6.7726     6.7725    31.8715    31.8813  1024.9949    24.9849    413.954    403.499  301.85058    137.139     0.3309     1.6373     0.8960      33959         15  0.000e+00
      2.214   56.44284 -166.55326      2.234     6.7724     6.7726     6.7722    31.8716    31.8808  1024.9953    24.9850    413.972    403.447  301.85245    137.144     0.3297     1.6300     0.8947      33960         15  0.000e+00
      2.214   56.44284 -166.55326      2.234     6.7720     6.7724     6.7718    31.8718    31.8810  1024.9955    24.9852    413.795    403.216  301.85451    137.084     0.3309     1.6373     0.8844      33961         15  0.000e+00
      2.214   56.44284 -166.55326      2.234     6.7722     6.7724     6.7720    31.8719    31.8811  1024.9955    24.9852    413.997    403.156  301.85327    137.152     0.3297     1.6300     0.8805      33962         15  0.000e+00
      2.160   56.44284 -166.55326      2.180     6.7722     6.7724     6.7721    31.8720    31.8811  1024.9954    24.9853    414.004    403.074  301.85263    137.154     0.3297     1.6300     0.8805      33963         15  0.000e+00
      2.276   56.44284 -166.55326      2.297     6.7722     6.7722     6.7720    31.8720    31.8815  1024.9958    24.9853    414.021    403.002  301.85317    137.160     0.3321     1.6447     0.8805      33964         15  0.000e+00
      2.214   56.44284 -166.55326      2.234     6.7722     6.7722     6.7720    31.8718    31.8820  1024.9955    24.9852    414.027    402.760  301.85344    137.162     0.3553     1.7839     0.8805      33965         15  0.000e+00
      2.160   56.44284 -166.55326      2.180     6.7721     6.7726     6.7719    31.8720    31.8812  1024.9954    24.9853    414.032    402.675  301.85371    137.163     0.3651     1.8425     0.8805      33966         15  0.000e+00
      2.276   56.44284 -166.55326      2.297     6.7725     6.7728     6.7723    31.8721    31.8813  1024.9959    24.9853    414.068    402.597  301.85085    137.176     0.3663     1.8498     0.8805      33967         15  0.000e+00
      1.992   56.44284 -166.55326      2.010     6.7856     6.7876     6.7854    31.8729    31.8816  1024.9935    24.9843    413.708    403.423  301.75819    137.099     0.3480     1.7399     0.8215      34232         16  0.000e+00
      2.107   56.44284 -166.55326      2.127     6.7859     6.7879     6.7857    31.8722    31.8818  1024.9935    24.9837    413.902    403.408  301.75758    137.164     0.3492     1.7472     0.8215      34233         16  0.000e+00
      2.108   56.44284 -166.55326      2.127     6.7856     6.7881     6.7854    31.8727    31.8819  1024.9939    24.9841    413.736    403.214  301.75864    137.108     0.3492     1.7472     0.8215      34234         16  0.000e+00
      2.054   56.44284 -166.55326      2.072     6.7855     6.7882     6.7853    31.8724    31.8818  1024.9934    24.9839    413.923    403.172  301.75967    137.170     0.3492     1.7472     0.8215      34235         16  0.000e+00
      2.108   56.44284 -166.55326      2.127     6.7857     6.7881     6.7855    31.8725    31.8821  1024.9937    24.9839    413.945    403.136  301.75807    137.178     0.3492     1.7472     0.8215      34236         16  0.000e+00
      2.054   56.44284 -166.55326      2.073     6.7851     6.7881     6.7849    31.8729    31.8820  1024.9939    24.9844    413.968    403.093  301.76122    137.184     0.3480     1.7399     0.8215      34237         16  0.000e+00
      2.108   56.44284 -166.55326      2.127     6.7848     6.7881     6.7846    31.8727    31.8819  1024.9940    24.9842    413.995    402.899  301.76418    137.192     0.3492     1.7472     0.8215      34238         16  0.000e+00
      2.108   56.44284 -166.55326      2.127     6.7848     6.7882     6.7846    31.8731    31.8820  1024.9943    24.9845    414.040    402.838  301.76342    137.207     0.3480     1.7399     0.8215      34239         16  0.000e+00
      2.108   56.44284 -166.55326      2.127     6.7848     6.7889     6.7846    31.8732    31.8817  1024.9944    24.9846    414.059    402.963  301.76317    137.213     0.3480     1.7399     0.8215      34240         16  0.000e+00
      2.054   56.44284 -166.55326      2.073     6.7853     6.7889     6.7851    31.8726    31.8820  1024.9936    24.9841    414.070    402.743  301.76099    137.218     0.3480     1.7399     0.8215      34241         16  0.000e+00
      2.108   56.44284 -166.55326      2.127     6.7854     6.7890     6.7852    31.8727    31.8820  1024.9939    24.9842    414.087    402.700  301.75963    137.224     0.3492     1.7472     0.8228      34242         16  0.000e+00
      2.108   56.44284 -166.55326      2.127     6.7855     6.7889     6.7853    31.8726    31.8823  1024.9938    24.9840    414.293    402.466  301.75923    137.293     0.3480     1.7399     0.8240      34243         16  0.000e+00
      2.054   56.44284 -166.55326      2.073     6.7856     6.7889     6.7854    31.8720    31.8824  1024.9931    24.9836    414.140    402.403  301.76009    137.241     0.3480     1.7399     0.8355      34244         16  0.000e+00
      2.170   56.44284 -166.55326      2.190     6.7852     6.7887     6.7850    31.8722    31.8823  1024.9939    24.9838    414.161    402.368  301.76219    137.248     0.3468     1.7326     0.8419      34245         16  0.000e+00
      2.054   56.44284 -166.55326      2.073     6.7851     6.7890     6.7849    31.8719    31.8820  1024.9931    24.9835    414.168    402.147  301.76357    137.249     0.3431     1.7106     0.8432      34246         16  0.000e+00
      2.108   56.44284 -166.55326      2.127     6.7849     6.7892     6.7847    31.8723    31.8820  1024.9937    24.9839    414.373    402.092  301.76402    137.317     0.3419     1.7033     0.8419      34247         16  0.000e+00
      2.108   56.44284 -166.55326      2.127     6.7851     6.7892     6.7849    31.8724    31.8823  1024.9937    24.9839    414.406    402.019  301.76286    137.328     0.3407     1.6960     0.8406      34248         16  0.000e+00
      2.085   56.44284 -166.55326      2.104     6.7846     6.7890     6.7844    31.8726    31.8821  1024.9938    24.9841    414.440    401.969  301.76556    137.339     0.3419     1.7033     0.8419      34249         16  0.000e+00
      2.108   56.44284 -166.55326      2.128     6.7845     6.7889     6.7844    31.8728    31.8825  1024.9941    24.9843    414.307    401.747  301.76550    137.294     0.3407     1.6960     0.8419      34250         16  0.000e+00
      2.108   56.44284 -166.55326      2.128     6.7844     6.7889     6.7843    31.8729    31.8823  1024.9942    24.9844    414.311    401.684  301.76590    137.296     0.3419     1.7033     0.8419      34251         16  0.000e+00
      2.054   56.44284 -166.55326      2.073     6.7843     6.7890     6.7841    31.8729    31.8825  1024.9940    24.9844    414.312    401.617  301.76692    137.295     0.3407     1.6960     0.8419      34252         16  0.000e+00
      2.108   56.44284 -166.55326      2.128     6.7842     6.7887     6.7841    31.8724    31.8827  1024.9939    24.9841    414.510    401.564  301.76840    137.360     0.3419     1.7033     0.8419      34253         16  0.000e+00
      2.108   56.44284 -166.55326      2.128     6.7843     6.7892     6.7841    31.8727    31.8823  1024.9940    24.9843    414.534    401.505  301.76748    137.369     0.3407     1.6960     0.8419      34254         16  0.000e+00
