merge_samples_with_btl/SKQ202309T/ctd/skq202309t_007svp.cnv
* Sea-Bird SBE 9 Data File:
* FileName = D:\CTD\SKQ202309T\SKQ202309T_007.hex
* Software Version Seasave V 7.26.7.121
* Temperature SN = 6177
* Conductivity SN = 0369
* Number of Bytes Per Scan = 38
* Number of Voltage Words = 3
* Number of Scans Averaged by the Deck Unit = 1
* NMEA Latitude = 64 14.62 N
* NMEA Longitude = 165 32.56 W
* NMEA UTC (Time) = Jun 12 2023  15:23:52
* NMEA baud rate = 4800
** Ship: R/V Sikuliaq
** Station Number: 007
** Station Name: 011
** Bottom Depth: 19
** Operator: Steve Dykstra
# nquan = 7
# nvalues = 4666                                  
# units = specified
# name 0 = depSM: Depth [salt water, m]
# name 1 = latitude: Latitude [deg]
# name 2 = longitude: Longitude [deg]
# name 3 = t090C: Temperature [ITS-90, deg C]
# name 4 = sal00: Salinity, Practical [PSU]
# name 5 = svCM: Sound Velocity [Chen-Millero, m/s]
# name 6 = flag:  0.000e+00
# span 0 =      1.331,     13.983                 
# span 1 =   64.24362,   64.24366                 
# span 2 = -165.54258, -165.54254                 
# span 3 =     1.5460,     8.0700                 
# span 4 =    18.1737,    28.9193                 
# span 5 =    1447.21,    1462.00                 
# span 6 = 0.0000e+00, 0.0000e+00                 
# interval = seconds: 0.0416667
# start_time = Jun 12 2023 15:28:02 [NMEA time, first data scan]
# bad_flag = -9.990e-29
*END*
[from data line 4513]
     13.819   64.24364 -165.54254     1.5666    28.9132    1448.40  0.000e+00
     13.819   64.24364 -165.54254     1.5666    28.9129    1448.40  0.000e+00
     13.873   64.24364 -165.54254     1.5666    28.9136    1448.41  0.000e+00
     13.842   64.24364 -165.54254     1.5668    28.9131    1448.41  0.000e+00
     13.819   64.24364 -165.54254     1.5663    28.9134    1448.40  0.000e+00
     13.819   64.24364 -165.54254     1.5660    28.9135    1448.40  0.000e+00
     13.842   64.24364 -165.54254     1.5658    28.9140    1448.40  0.000e+00
     13.819   64.24364 -165.54254     1.5660    28.9140    1448.40  0.000e+00
     13.873   64.24364 -165.54254     1.5663    28.9132    1448.40  0.000e+00
     13.873   64.24364 -165.54254     1.5652    28.9137    1448.40  0.000e+00
     13.789   64.24364 -165.54254     1.5641    28.9139    1448.39  0.000e+00
     13.873   64.24364 -165.54254     1.5634    28.9143    1448.39  0.000e+00
     13.819   64.24364 -165.54254     1.5627    28.9148    1448.39  0.000e+00
     13.843   64.24364 -165.54254     1.5629    28.9152    1448.39  0.000e+00
     13.819   64.24364 -165.54254     1.5641    28.9144    1448.39  0.000e+00
     13.873   64.24364 -165.54254     1.5649    28.9145    1448.40  0.000e+00
     13.819   64.24364 -165.54254     1.5660    28.9141    1448.40  0.000e+00
     13.843   64.24364 -165.54254     1.5664    28.9119    1448.40  0.000e+00
     13.819   64.24364 -165.54254     1.5641    28.9120    1448.39  0.000e+00
     13.819   64.24364 -165.54254     1.5632    28.9124    1448.39  0.000e+00
     13.873   64.24364 -165.54254     1.5627    28.9135    1448.39  0.000e+00
     13.789   64.24364 -165.54254     1.5625    28.9140    1448.39  0.000e+00
     13.873   64.24364 -165.54254     1.5623    28.9141    1448.39  0.000e+00
     13.819   64.24364 -165.54254     1.5623    28.9147    1448.39  0.000e+00
     13.843   64.24364 -165.54254     1.5627    28.9147    1448.39  0.000e+00
     13.819   64.24364 -165.54254     1.5652    28.9138    1448.40  0.000e+00
     13.819   64.24364 -165.54254     1.5666    28.9127    1448.40  0.000e+00
     13.819   64.24364 -165.54254     1.5662    28.9129    1448.40  0.000e+00
     13.843   64.24364 -165.54254     1.5657    28.9117    1448.40  0.000e+00
     13.819   64.24364 -165.54254     1.5654    28.9110    1448.40  0.000e+00
     13.819   64.24364 -165.54254     1.5630    28.9125    1448.39  0.000e+00
     13.819   64.24364 -165.54254     1.5606    28.9146    1448.38  0.000e+00
     13.843   64.24364 -165.54254     1.5599    28.9154    1448.38  0.000e+00
     13.819   64.24364 -165.54254     1.5605    28.9147    1448.38  0.000e+00
     13.819   64.24364 -165.54254     1.5597    28.9151    1448.38  0.000e+00
     13.843   64.24364 -165.54254     1.5596    28.9154    1448.38  0.000e+00
     13.819   64.24364 -165.54254     1.5596    28.9153    1448.38  0.000e+00
     13.819   64.24364 -165.54254     1.5588    28.9148    1448.37  0.000e+00
     13.819   64.24364 -165.54254     1.5563    28.9159    1448.36  0.000e+00
     13.843   64.24364 -165.54254     1.5562    28.9159    1448.36  0.000e+00
     13.819   64.24364 -165.54254     1.5557    28.9170    1448.36  0.000e+00
     13.819   64.24364 -165.54254     1.5571    28.9173    1448.37  0.000e+00
     13.843   64.24364 -165.54254     1.5591    28.9171    1448.38  0.000e+00
     13.765   64.24364 -165.54254     1.5607    28.9161    1448.38  0.000e+00
     13.873   64.24364 -165.54254     1.5612    28.9156    1448.38  0.000e+00
     13.765   64.24364 -165.54254     1.5616    28.9150    1448.38  0.000e+00
     13.843   64.24364 -165.54254     1.5618    28.9147    1448.38  0.000e+00
     13.819   64.24364 -165.54254     1.5619    28.9144    1448.38  0.000e+00
     13.819   64.24364 -165.54254     1.5615    28.9144    1448.38  0.000e+00
     13.819   64.24364 -165.54254     1.5605    28.9148    1448.38  0.000e+00
     13.843   64.24364 -165.54254     1.5601    28.9154    1448.38  0.000e+00
     13.819   64.24364 -165.54254     1.5599    28.9151    1448.38  0.000e+00
     13.819   64.24364 -165.54254     1.5602    28.9152    1448.38  0.000e+00
     13.789   64.24364 -165.54254     1.5608    28.9153    1448.38  0.000e+00
     13.819   64.24364 -165.54254     1.5610    28.9150    1448.38  0.000e+00
     13.819   64.24364 -165.54254     1.5616    28.9146    1448.38  0.000e+00
     13.819   64.24364 -165.54254     1.5615    28.9146    1448.38  0.000e+00
     13.843   64.24364 -165.54254     1.5604    28.9151    1448.38  0.000e+00
     13.819   64.24364 -165.54254     1.5605    28.9147    1448.38  0.000e+00
     13.820   64.24364 -165.54254     1.5604    28.9150    1448.38  0.000e+00
     13.820   64.24364 -165.54254     1.5604    28.9150    1448.38  0.000e+00
     13.789   64.24364 -165.54254     1.5605    28.9154    1448.38  0.000e+00
     13.820   64.24364 -165.54254     1.5607    28.9149    1448.38  0.000e+00
     13.820   64.24364 -165.54254     1.5607    28.9151    1448.38  0.000e+00
     13.789   64.24364 -165.54254     1.5613    28.9147    1448.38  0.000e+00
     13.820   64.24364 -165.54254     1.5612    28.9146    1448.38  0.000e+00
     13.820   64.24364 -165.54254     1.5612    28.9149    1448.38  0.000e+00
     13.820   64.24364 -165.54254     1.5607    28.9145    1448.38  0.000e+00
     13.843   64.24364 -165.54254     1.5607    28.9144    1448.38  0.000e+00
     13.766   64.24364 -165.54254     1.5607    28.9151    1448.38  0.000e+00
     13.820   64.24364 -165.54254     1.5604    28.9147    1448.38  0.000e+00
     13.820   64.24364 -165.54254     1.5604    28.9146    1448.38  0.000e+00
     13.789   64.24364 -165.54254     1.5604    28.9151    1448.38  0.000e+00
     13.820   64.24364 -165.54254     1.5608    28.9145    1448.38  0.000e+00
     13.820   64.24364 -165.54254     1.5610    28.9142    1448.38  0.000e+00
     13.789   64.24364 -165.54254     1.5607    28.9149    1448.38  0.000e+00
     13.820   64.24364 -165.54254     1.5602    28.9150    1448.38  0.000e+00
     13.820   64.24364 -165.54254     1.5601    28.9154    1448.38  0.000e+00
     13.766   64.24364 -165.54254     1.5599    28.9151    1448.38  0.000e+00
     13.843   64.24364 -165.54254     1.5596    28.9150    1448.38  0.000e+00
     13.766   64.24364 -165.54254     1.5595    28.9146    1448.37  0.000e+00
     13.820   64.24364 -165.54254     1.5585    28.9147    1448.37  0.000e+00
     13.789   64.24364 -165.54254     1.5574    28.9157    1448.37  0.000e+00
     13.820   64.24364 -165.54254     1.5573    28.9163    1448.37  0.000e+00
     13.820   64.24364 -165.54254     1.5578    28.9163    1448.37  0.000e+00
     13.820   64.24364 -165.54254     1.5585    28.9158    1448.37  0.000e+00
     13.727   64.24364 -165.54254     1.5593    28.9154    1448.37  0.000e+00
     13.874   64.24364 -165.54254     1.5599    28.9157    1448.38  0.000e+00
     13.766   64.24364 -165.54254     1.5616    28.9149    1448.38  0.000e+00
     13.820   64.24364 -165.54254     1.5616    28.9144    1448.38  0.000e+00
     13.789   64.24364 -165.54254     1.5607    28.9147    1448.38  0.000e+00
     13.766   64.24364 -165.54254     1.5597    28.9150    1448.37  0.000e+00
     13.820   64.24364 -165.54254     1.5590    28.9148    1448.37  0.000e+00
     13.789   64.24364 -165.54254     1.5584    28.9150    1448.37  0.000e+00
     13.820   64.24364 -165.54254     1.5578    28.9154    1448.37  0.000e+00
     13.820   64.24364 -165.54254     1.5582    28.9156    1448.37  0.000e+00
     13.766   64.24364 -165.54254     1.5587    28.9154    1448.37  0.000e+00
     13.789   64.24364 -165.54254     1.5590    28.9158    1448.37  0.000e+00
     13.820   64.24364 -165.54254     1.5593    28.9158    1448.37  0.000e+00
     13.766   64.24364 -165.54254     1.5597    28.9157    1448.38  0.000e+00
     13.820   64.24364 -165.54254     1.5605    28.9151    1448.38  0.000e+00
     13.789   64.24364 -165.54254     1.5605    28.9150    1448.38  0.000e+00
     13.820   64.24364 -165.54254     1.5604    28.9142    1448.38  0.000e+00
     13.766   64.24362 -165.54254     1.5591    28.9146    1448.37  0.000e+00
     13.789   64.24362 -165.54254     1.5587    28.9152    1448.37  0.000e+00
     13.820   64.24362 -165.54254     1.5587    28.9155    1448.37  0.000e+00
     13.766   64.24362 -165.54254     1.5596    28.9156    1448.37  0.000e+00
     13.820   64.24362 -165.54254     1.5602    28.9155    1448.38  0.000e+00
     13.789   64.24362 -165.54254     1.5608    28.9154    1448.38  0.000e+00
     13.766   64.24362 -165.54254     1.5607    28.9153    1448.38  0.000e+00
     13.820   64.24362 -165.54254     1.5615    28.9151    1448.38  0.000e+00
     13.704   64.24362 -165.54254     1.5621    28.9150    1448.38  0.000e+00
     13.843   64.24362 -165.54254     1.5627    28.9145    1448.39  0.000e+00
     13.820   64.24362 -165.54254     1.5627    28.9142    1448.39  0.000e+00
     13.766   64.24362 -165.54254     1.5629    28.9145    1448.39  0.000e+00
     13.789   64.24362 -165.54254     1.5627    28.9148    1448.39  0.000e+00
     13.820   64.24362 -165.54254     1.5615    28.9152    1448.38  0.000e+00
     13.820   64.24362 -165.54254     1.5608    28.9151    1448.38  0.000e+00
     13.766   64.24362 -165.54254     1.5604    28.9145    1448.38  0.000e+00
     13.789   64.24362 -165.54254     1.5599    28.9147    1448.38  0.000e+00
     13.766   64.24362 -165.54254     1.5596    28.9147    1448.37  0.000e+00
     13.820   64.24362 -165.54254     1.5595    28.9150    1448.37  0.000e+00
     13.789   64.24362 -165.54254     1.5597    28.9155    1448.38  0.000e+00
     13.820   64.24362 -165.54254     1.5613    28.9151    1448.38  0.000e+00
     13.766   64.24362 -165.54254     1.5621    28.9145    1448.38  0.000e+00
     13.820   64.24362 -165.54254     1.5627    28.9144    1448.39  0.000e+00
     13.789   64.24362 -165.54254     1.5627    28.9143    1448.39  0.000e+00
     13.766   64.24362 -165.54254     1.5623    28.9138    1448.38  0.000e+00
     13.820   64.24362 -165.54254     1.5618    28.9138    1448.38  0.000e+00
     13.766   64.24362 -165.54254     1.5610    28.9139    1448.38  0.000e+00
     13.789   64.24362 -165.54254     1.5596    28.9144    1448.37  0.000e+00
     13.820   64.24362 -165.54254     1.5591    28.9148    1448.37  0.000e+00
     13.820   64.24362 -165.54254     1.5596    28.9146    1448.37  0.000e+00
     13.789   64.24362 -165.54254     1.5602    28.9147    1448.38  0.000e+00
     13.766   64.24362 -165.54254     1.5604    28.9151    1448.38  0.000e+00
     13.820   64.24362 -165.54254     1.5605    28.9158    1448.38  0.000e+00
     13.766   64.24362 -165.54254     1.5613    28.9176    1448.39  0.000e+00
     13.789   64.24362 -165.54254     1.5630    28.9182    1448.39  0.000e+00
     13.820   64.24362 -165.54254     1.5646    28.9160    1448.40  0.000e+00
     13.820   64.24362 -165.54254     1.5636    28.9147    1448.39  0.000e+00
     13.766   64.24362 -165.54254     1.5627    28.9136    1448.39  0.000e+00
     13.789   64.24362 -165.54254     1.5616    28.9137    1448.38  0.000e+00
     13.820   64.24362 -165.54254     1.5606    28.9146    1448.38  0.000e+00
     13.820   64.24362 -165.54254     1.5601    28.9153    1448.38  0.000e+00
     13.789   64.24362 -165.54254     1.5602    28.9150    1448.38  0.000e+00
     13.820   64.24362 -165.54254     1.5601    28.9151    1448.38  0.000e+00
     13.820   64.24362 -165.54254     1.5597    28.9153    1448.38  0.000e+00
     13.766   64.24362 -165.54254     1.5597    28.9154    1448.38  0.000e+00
     13.843   64.24362 -165.54254     1.5599    28.9154    1448.38  0.000e+00
     13.766   64.24362 -165.54254     1.5604    28.9152    1448.38  0.000e+00
     13.820   64.24362 -165.54254     1.5612    28.9148    1448.38  0.000e+00
     13.704   64.24362 -165.54254     1.5612    28.9151    1448.38  0.000e+00
     13.905   64.24362 -165.54254     1.5619    28.9148    1448.39  0.000e+00
