merge_samples_with_btl/SKQ202309T/ctd/skq202309t_002.ros
* Sea-Bird SBE 9 Data File:
* FileName = D:\CTD\SKQ202309T\SKQ202309T_002.hex
* Software Version Seasave V 7.26.7.121
* Temperature SN = 6177
* Conductivity SN = 0369
* Number of Bytes Per Scan = 38
* Number of Voltage Words = 3
* Number of Scans Averaged by the Deck Unit = 1
* NMEA Latitude = 54 25.07 N
* NMEA Longitude = 165 12.78 W
* NMEA UTC (Time) = Jun 09 2023  15:02:10
* NMEA baud rate = 4800
** Ship: R/V Sikuliaq
** Station Number: 002
** Station Name: STN002
** Bottom Depth: 177
** Operator: SZ
# nquan = 21
# nvalues = 980                                   
# units = specified
# name 0 = depSM: Depth [salt water, m]
# name 1 = latitude: Latitude [deg]
# name 2 = longitude: Longitude [deg]
# name 3 = prDM: Pressure, Digiquartz [db]
# name 4 = t090C: Temperature [ITS-90, deg C]
# name 5 = t190C: Temperature, 2 [ITS-90, deg C]
# name 6 = potemp090C: Potential Temperature [ITS-90, deg C]
# name 7 = sal00: Salinity, Practical [PSU]
# name 8 = sal11: Salinity, Practical, 2 [PSU]
# name 9 = density00: Density [density, kg/m^3]
# name 10 = sigma-é00: Density [sigma-theta, kg/m^3]
# name 11 = sbox0Mm/Kg: Oxygen, SBE 43 [umol/kg]
# name 12 = sbox1Mm/Kg: Oxygen, SBE 43, 2 [umol/kg]
# name 13 = oxsolMm/Kg: Oxygen Saturation, Garcia & Gordon [umol/kg]
# name 14 = sbeox0PS: Oxygen, SBE 43 [% saturation]
# name 15 = v0: Voltage 0
# name 16 = flECO-AFL: Fluorescence, WET Labs ECO-AFL/FL [mg/m^3]
# name 17 = CStarAt0: Beam Attenuation, WET Labs C-Star [1/m]
# name 18 = scan: Scan Count
# name 19 = nbf: Bottles Fired
# name 20 = flag:  0.000e+00
# interval = seconds: 0.0416667
# start_time = Jun 09 2023 15:06:35 [NMEA time, first data scan]
# bad_flag = -9.990e-29
*END*
[from data line 621]
     29.879   54.41904 -165.21522     30.151     5.2548     5.2555     5.2525    32.2555    32.2652  1025.6117    25.4719    299.732    291.084  311.85463     96.113     0.1734     0.6923     0.1980      40108         13  0.000e+00
     29.778   54.41904 -165.21522     30.050     5.2551     5.2555     5.2529    32.2552    32.2652  1025.6109    25.4716    299.530    291.238  311.85310     96.049     0.1722     0.6850     0.1980      40109         13  0.000e+00
     29.832   54.41904 -165.21522     30.104     5.2553     5.2553     5.2531    32.2553    32.2659  1025.6113    25.4717    299.709    291.233  311.85129     96.106     0.1734     0.6923     0.1980      40110         13  0.000e+00
     29.817   54.41904 -165.21522     30.089     5.2552     5.2558     5.2530    32.2553    32.2653  1025.6112    25.4717    299.714    291.038  311.85172     96.108     0.1722     0.6850     0.1980      40111         13  0.000e+00
     29.832   54.41904 -165.21522     30.104     5.2555     5.2557     5.2532    32.2555    32.2652  1025.6114    25.4718    299.716    290.826  311.84978     96.109     0.1734     0.6923     0.1969      40112         13  0.000e+00
     29.817   54.41904 -165.21522     30.089     5.2554     5.2555     5.2532    32.2555    32.2653  1025.6113    25.4718    299.718    291.157  311.85021     96.110     0.1734     0.6923     0.1969      40113         13  0.000e+00
     29.778   54.41904 -165.21522     30.050     5.2556     5.2555     5.2534    32.2554    32.2655  1025.6111    25.4717    299.716    291.159  311.84874     96.110     0.1734     0.6923     0.1980      40114         13  0.000e+00
     29.778   54.41904 -165.21522     30.050     5.2554     5.2555     5.2532    32.2549    32.2654  1025.6106    25.4713    299.719    291.159  311.85160     96.110     0.1758     0.7069     0.1980      40115         13  0.000e+00
     29.817   54.41904 -165.21522     30.089     5.2550     5.2555     5.2527    32.2555    32.2653  1025.6114    25.4719    299.721    291.159  311.85305     96.110     0.1746     0.6996     0.1969      40116         13  0.000e+00
     29.778   54.41904 -165.21522     30.050     5.2551     5.2557     5.2529    32.2555    32.2652  1025.6112    25.4718    299.624    290.971  311.85247     96.079     0.1758     0.7069     0.1969      40117         13  0.000e+00
     29.817   54.41904 -165.21522     30.089     5.2550     5.2558     5.2527    32.2553    32.2651  1025.6112    25.4717    299.619    290.766  311.85368     96.077     0.1746     0.6996     0.1980      40118         13  0.000e+00
     29.779   54.41904 -165.21522     30.050     5.2549     5.2558     5.2527    32.2553    32.2648  1025.6110    25.4717    299.609    291.083  311.85399     96.074     0.1758     0.7069     0.1980      40119         13  0.000e+00
     29.779   54.41904 -165.21522     30.050     5.2548     5.2555     5.2525    32.2555    32.2653  1025.6112    25.4718    299.600    291.075  311.85479     96.070     0.1746     0.6996     0.1969      40120         13  0.000e+00
     29.817   54.41904 -165.21522     30.089     5.2548     5.2553     5.2525    32.2554    32.2653  1025.6113    25.4718    299.793    291.067  311.85483     96.132     0.1758     0.7069     0.1980      40121         13  0.000e+00
     29.717   54.41904 -165.21522     29.988     5.2548     5.2552     5.2525    32.2555    32.2654  1025.6109    25.4719    299.603    290.687  311.85472     96.071     0.1746     0.6996     0.1969      40122         13  0.000e+00
     29.833   54.41904 -165.21522     30.105     5.2548     5.2552     5.2525    32.2554    32.2653  1025.6114    25.4718    299.624    290.639  311.85485     96.078     0.1758     0.7069     0.1980      40123         13  0.000e+00
     29.787   54.41906 -165.21526     30.059     5.2493     5.2497     5.2470    32.2574    32.2680  1025.6134    25.4740    299.067    290.355  311.89115     95.888     0.1807     0.7362     0.2089      40391         14  0.000e+00
     29.842   54.41906 -165.21526     30.114     5.2487     5.2503     5.2465    32.2573    32.2674  1025.6137    25.4740    299.072    290.332  311.89504     95.889     0.1819     0.7436     0.2078      40392         14  0.000e+00
     29.772   54.41906 -165.21526     30.044     5.2483     5.2501     5.2460    32.2578    32.2676  1025.6137    25.4744    298.869    290.490  311.89744     95.823     0.1807     0.7362     0.2078      40393         14  0.000e+00
     29.903   54.41906 -165.21526     30.176     5.2479     5.2504     5.2457    32.2576    32.2672  1025.6142    25.4743    299.050    290.308  311.90053     95.880     0.1819     0.7436     0.2078      40394         14  0.000e+00
     29.772   54.41906 -165.21526     30.044     5.2476     5.2504     5.2454    32.2578    32.2674  1025.6138    25.4745    299.046    290.462  311.90198     95.878     0.1783     0.7216     0.2078      40395         14  0.000e+00
     29.842   54.41906 -165.21526     30.114     5.2476     5.2503     5.2454    32.2578    32.2674  1025.6142    25.4745    299.049    290.280  311.90233     95.879     0.1783     0.7216     0.2078      40396         14  0.000e+00
     29.842   54.41906 -165.21526     30.114     5.2473     5.2504     5.2451    32.2581    32.2673  1025.6144    25.4747    299.051    290.257  311.90366     95.879     0.1770     0.7143     0.2078      40397         14  0.000e+00
     29.826   54.41906 -165.21526     30.098     5.2465     5.2501     5.2443    32.2582    32.2676  1025.6145    25.4750    299.056    290.234  311.90942     95.879     0.1770     0.7143     0.2078      40398         14  0.000e+00
     29.788   54.41906 -165.21526     30.059     5.2457     5.2501     5.2435    32.2588    32.2674  1025.6149    25.4755    299.060    290.210  311.91426     95.879     0.1770     0.7143     0.2078      40399         14  0.000e+00
     29.826   54.41906 -165.21526     30.098     5.2459     5.2500     5.2437    32.2586    32.2676  1025.6149    25.4753    299.262    290.188  311.91315     95.944     0.1783     0.7216     0.2078      40400         14  0.000e+00
     29.788   54.41906 -165.21526     30.059     5.2462     5.2499     5.2439    32.2588    32.2678  1025.6149    25.4755    299.085    290.184  311.91070     95.888     0.1770     0.7143     0.2078      40401         14  0.000e+00
     29.842   54.41906 -165.21526     30.114     5.2460     5.2500     5.2438    32.2584    32.2677  1025.6148    25.4751    299.088    290.183  311.91246     95.888     0.1783     0.7216     0.2078      40402         14  0.000e+00
     29.826   54.41906 -165.21526     30.098     5.2458     5.2498     5.2436    32.2579    32.2675  1025.6144    25.4748    299.088    290.183  311.91504     95.888     0.1783     0.7216     0.2078      40403         14  0.000e+00
     29.788   54.41906 -165.21526     30.060     5.2456     5.2499     5.2433    32.2585    32.2676  1025.6147    25.4753    299.086    290.179  311.91560     95.887     0.1783     0.7216     0.2078      40404         14  0.000e+00
     29.772   54.41906 -165.21526     30.044     5.2457     5.2504     5.2435    32.2590    32.2676  1025.6150    25.4757    299.083    290.175  311.91370     95.886     0.1783     0.7216     0.2078      40405         14  0.000e+00
     29.842   54.41906 -165.21526     30.114     5.2460     5.2506     5.2438    32.2583    32.2675  1025.6147    25.4751    299.083    290.178  311.91264     95.887     0.1770     0.7143     0.2045      40406         14  0.000e+00
     29.842   54.41906 -165.21526     30.114     5.2460     5.2504     5.2438    32.2582    32.2676  1025.6147    25.4750    299.082    290.160  311.91318     95.886     0.1783     0.7216     0.1980      40407         14  0.000e+00
     29.827   54.41906 -165.21526     30.099     5.2460     5.2491     5.2438    32.2580    32.2682  1025.6144    25.4748    299.282    289.988  311.91343     95.950     0.1770     0.7143     0.1947      40408         14  0.000e+00
     29.788   54.41906 -165.21526     30.060     5.2460     5.2473     5.2438    32.2580    32.2687  1025.6142    25.4748    299.308    289.983  311.91375     95.959     0.1783     0.7216     0.1947      40409         14  0.000e+00
     29.788   54.41906 -165.21526     30.060     5.2460     5.2457     5.2438    32.2577    32.2695  1025.6140    25.4746    299.334    289.979  311.91402     95.967     0.1770     0.7143     0.1958      40410         14  0.000e+00
     29.827   54.41906 -165.21526     30.099     5.2460     5.2458     5.2438    32.2583    32.2694  1025.6146    25.4751    299.360    289.967  311.91307     95.975     0.1783     0.7216     0.1958      40411         14  0.000e+00
     29.788   54.41906 -165.21526     30.060     5.2459     5.2464     5.2437    32.2580    32.2692  1025.6142    25.4748    299.182    290.112  311.91455     95.918     0.1770     0.7143     0.1958      40412         14  0.000e+00
     29.827   54.41906 -165.21526     30.099     5.2454     5.2467     5.2431    32.2578    32.2692  1025.6144    25.4748    299.383    289.938  311.91869     95.981     0.1783     0.7216     0.1958      40413         14  0.000e+00
     29.788   54.41906 -165.21526     30.060     5.2443     5.2474     5.2421    32.2583    32.2688  1025.6147    25.4753    299.411    289.922  311.92558     95.988     0.1770     0.7143     0.1958      40414         14  0.000e+00
     29.842   54.41906 -165.21526     30.114     5.2435     5.2478     5.2412    32.2585    32.2683  1025.6152    25.4755    299.410    289.894  311.93124     95.986     0.1770     0.7143     0.1958      40415         14  0.000e+00
     29.773   54.41906 -165.21526     30.044     5.2434     5.2481     5.2411    32.2592    32.2684  1025.6154    25.4761    299.425    289.882  311.93044     95.991     0.1783     0.7216     0.1958      40416         14  0.000e+00
     29.788   54.41906 -165.21526     30.060     5.2433     5.2482     5.2411    32.2595    32.2680  1025.6157    25.4763    299.474    289.877  311.93018     96.007     0.1770     0.7143     0.1958      40417         14  0.000e+00
     29.827   54.41906 -165.21526     30.099     5.2437     5.2481     5.2414    32.2591    32.2681  1025.6155    25.4760    299.289    289.854  311.92836     95.948     0.1783     0.7216     0.1958      40418         14  0.000e+00
     29.788   54.41906 -165.21526     30.060     5.2439     5.2482     5.2417    32.2597    32.2679  1025.6158    25.4764    299.473    289.829  311.92510     96.008     0.1770     0.7143     0.1958      40419         14  0.000e+00
     29.788   54.41906 -165.21526     30.060     5.2450     5.2477     5.2427    32.2598    32.2685  1025.6158    25.4764    299.279    289.829  311.91717     95.948     0.1819     0.7436     0.1958      40420         14  0.000e+00
     29.827   54.41906 -165.21526     30.099     5.2458     5.2479     5.2436    32.2596    32.2682  1025.6157    25.4762    299.260    289.809  311.91108     95.944     0.1917     0.8022     0.1958      40421         14  0.000e+00
     29.789   54.41906 -165.21526     30.060     5.2456     5.2478     5.2433    32.2596    32.2682  1025.6156    25.4762    299.449    289.789  311.91299     96.004     0.1966     0.8315     0.1958      40422         14  0.000e+00
     29.773   54.41906 -165.21526     30.045     5.2465     5.2477     5.2443    32.2588    32.2681  1025.6148    25.4754    299.256    289.770  311.90801     95.944     0.1954     0.8242     0.1958      40423         14  0.000e+00
     29.843   54.41906 -165.21526     30.115     5.2480     5.2471     5.2457    32.2583    32.2686  1025.6145    25.4748    299.435    289.757  311.89858     96.004     0.1954     0.8242     0.1958      40424         14  0.000e+00
     29.789   54.41906 -165.21526     30.060     5.2486     5.2463     5.2463    32.2583    32.2691  1025.6141    25.4748    299.240    289.743  311.89407     95.943     0.1954     0.8242     0.1958      40425         14  0.000e+00
     29.773   54.41906 -165.21526     30.045     5.2489     5.2455     5.2467    32.2578    32.2688  1025.6137    25.4744    299.424    289.732  311.89281     96.002     0.1954     0.8242     0.1969      40426         14  0.000e+00
     29.843   54.41906 -165.21526     30.115     5.2495     5.2448     5.2473    32.2577    32.2694  1025.6139    25.4742    299.434    289.743  311.88844     96.007     0.1966     0.8315     0.2034      40427         14  0.000e+00
     29.773   54.41906 -165.21526     30.045     5.2503     5.2441     5.2481    32.2576    32.2694  1025.6134    25.4740    299.234    289.751  311.88258     95.945     0.1954     0.8242     0.2067      40428         14  0.000e+00
     29.789   54.41906 -165.21526     30.060     5.2508     5.2439     5.2486    32.2571    32.2696  1025.6130    25.4736    299.214    289.760  311.88039     95.939     0.1954     0.8242     0.2056      40429         14  0.000e+00
     29.789   54.41906 -165.21526     30.060     5.2510     5.2434     5.2487    32.2573    32.2695  1025.6131    25.4737    299.395    289.793  311.87878     95.997     0.1954     0.8242     0.2056      40430         14  0.000e+00
     29.827   54.41906 -165.21526     30.099     5.2511     5.2432     5.2489    32.2570    32.2696  1025.6131    25.4735    299.406    289.807  311.87821     96.001     0.1954     0.8242     0.2056      40431         14  0.000e+00
     29.789   54.41906 -165.21526     30.060     5.2510     5.2433     5.2487    32.2574    32.2699  1025.6132    25.4738    299.243    289.797  311.87860     95.949     0.1954     0.8242     0.2056      40432         14  0.000e+00
     29.773   54.41906 -165.21526     30.045     5.2511     5.2434     5.2489    32.2568    32.2699  1025.6127    25.4733    299.626    289.809  311.87869     96.071     0.1966     0.8315     0.2067      40433         14  0.000e+00
     29.843   54.41906 -165.21526     30.115     5.2506     5.2435     5.2484    32.2569    32.2697  1025.6131    25.4734    299.468    289.826  311.88197     96.020     0.1954     0.8242     0.2056      40434         14  0.000e+00
     29.789   54.41906 -165.21526     30.061     5.2506     5.2434     5.2484    32.2566    32.2699  1025.6126    25.4732    299.270    289.842  311.88254     95.956     0.1954     0.8242     0.2056      40435         14  0.000e+00
     29.774   54.41906 -165.21526     30.045     5.2505     5.2436     5.2483    32.2572    32.2693  1025.6130    25.4737    299.246    289.860  311.88242     95.948     0.1954     0.8242     0.2056      40436         14  0.000e+00
     29.789   54.41906 -165.21526     30.061     5.2505     5.2440     5.2483    32.2569    32.2691  1025.6128    25.4734    299.224    289.857  311.88315     95.941     0.1954     0.8242     0.2056      40437         14  0.000e+00
     29.789   54.41906 -165.21526     30.061     5.2505     5.2441     5.2483    32.2568    32.2694  1025.6127    25.4734    299.201    289.695  311.88342     95.934     0.1954     0.8242     0.2056      40438         14  0.000e+00
     29.828   54.41906 -165.21526     30.100     5.2503     5.2440     5.2481    32.2569    32.2693  1025.6130    25.4735    299.382    289.701  311.88427     95.991     0.1954     0.8242     0.2056      40439         14  0.000e+00
     20.239   54.41920 -165.21556     20.423     5.3066     5.3052     5.3050    32.2454    32.2555  1025.5526    25.4580    301.773    291.489  311.49610     96.879     0.1880     0.7802     0.2024      43475         15  0.000e+00
     20.146   54.41920 -165.21556     20.329     5.3067     5.3050     5.3052    32.2457    32.2559  1025.5524    25.4581    301.755    291.470  311.49439     96.873     0.1880     0.7802     0.2034      43476         15  0.000e+00
     20.239   54.41920 -165.21556     20.423     5.3069     5.3050     5.3054    32.2451    32.2559  1025.5523    25.4576    301.776    291.278  311.49424     96.880     0.1880     0.7802     0.2002      43477         15  0.000e+00
