merge_samples_with_btl/SKQ202309T/ctd/skq202309t_004svp.cnv
* Sea-Bird SBE 9 Data File:
* FileName = D:\CTD\SKQ202309T\SKQ202309T_004.hex
* Software Version Seasave V 7.26.7.121
* Temperature SN = 6177
* Conductivity SN = 0369
* Number of Bytes Per Scan = 38
* Number of Voltage Words = 3
* Number of Scans Averaged by the Deck Unit = 1
* NMEA Latitude = 60 30.69 N
* NMEA Longitude = 168 26.21 W
* NMEA UTC (Time) = Jun 11 2023  07:16:30
* NMEA baud rate = 4800
** Ship: R/V Sikuliaq
** Station Number: 004
** Station Name: STN 006
** Bottom Depth: 35
** Operator: Emelia Chamberlain
# nquan = 7
# nvalues = 7467                                  
# units = specified
# name 0 = depSM: Depth [salt water, m]
# name 1 = latitude: Latitude [deg]
# name 2 = longitude: Longitude [deg]
# name 3 = t090C: Temperature [ITS-90, deg C]
# name 4 = sal00: Salinity, Practical [PSU]
# name 5 = svCM: Sound Velocity [Chen-Millero, m/s]
# name 6 = flag:  0.000e+00
# span 0 =      1.697,     27.865                 
# span 1 =   60.51190,   60.51230                 
# span 2 = -168.43808, -168.43738                 
# span 3 =     0.7847,     1.8996                 
# span 4 =    29.8035,    29.9954                 
# span 5 =    1446.20,    1450.96                 
# span 6 = 0.0000e+00, 0.0000e+00                 
# interval = seconds: 0.0416667
# start_time = Jun 11 2023 07:21:43 [NMEA time, first data scan]
# bad_flag = -9.990e-29
*END*
[from data line 4718]
     21.999   60.51212 -168.43776     0.7978    29.9136    1446.37  0.000e+00
     22.015   60.51212 -168.43776     0.7974    29.9134    1446.37  0.000e+00
     22.053   60.51212 -168.43776     0.7973    29.9138    1446.37  0.000e+00
     21.937   60.51212 -168.43776     0.7976    29.9131    1446.37  0.000e+00
     22.069   60.51212 -168.43776     0.7973    29.9134    1446.37  0.000e+00
     22.053   60.51212 -168.43776     0.7972    29.9137    1446.37  0.000e+00
     22.069   60.51212 -168.43776     0.7973    29.9137    1446.37  0.000e+00
     22.053   60.51212 -168.43776     0.7972    29.9140    1446.37  0.000e+00
     22.069   60.51212 -168.43776     0.7974    29.9138    1446.37  0.000e+00
     22.053   60.51212 -168.43776     0.7972    29.9139    1446.37  0.000e+00
     22.069   60.51212 -168.43776     0.7973    29.9137    1446.37  0.000e+00
     22.053   60.51212 -168.43776     0.7967    29.9139    1446.37  0.000e+00
     22.069   60.51212 -168.43776     0.7967    29.9142    1446.37  0.000e+00
     22.107   60.51212 -168.43776     0.7962    29.9143    1446.37  0.000e+00
     22.130   60.51212 -168.43776     0.7964    29.9140    1446.37  0.000e+00
     22.107   60.51212 -168.43776     0.7965    29.9139    1446.37  0.000e+00
     22.069   60.51212 -168.43776     0.7963    29.9141    1446.37  0.000e+00
     22.107   60.51212 -168.43776     0.7965    29.9141    1446.37  0.000e+00
     22.130   60.51212 -168.43776     0.7964    29.9140    1446.37  0.000e+00
     22.107   60.51212 -168.43776     0.7965    29.9141    1446.37  0.000e+00
     22.107   60.51212 -168.43776     0.7964    29.9145    1446.37  0.000e+00
     22.185   60.51212 -168.43776     0.7964    29.9141    1446.37  0.000e+00
     22.169   60.51212 -168.43776     0.7964    29.9137    1446.37  0.000e+00
     22.131   60.51212 -168.43776     0.7962    29.9139    1446.37  0.000e+00
     22.169   60.51212 -168.43776     0.7962    29.9139    1446.37  0.000e+00
     22.246   60.51212 -168.43776     0.7962    29.9138    1446.37  0.000e+00
     22.169   60.51212 -168.43776     0.7960    29.9137    1446.37  0.000e+00
     22.185   60.51212 -168.43776     0.7957    29.9138    1446.37  0.000e+00
     22.169   60.51212 -168.43776     0.7957    29.9136    1446.37  0.000e+00
     22.185   60.51212 -168.43776     0.7954    29.9136    1446.37  0.000e+00
     22.223   60.51212 -168.43776     0.7954    29.9135    1446.37  0.000e+00
     22.185   60.51212 -168.43776     0.7953    29.9139    1446.37  0.000e+00
     22.223   60.51212 -168.43778     0.7957    29.9139    1446.37  0.000e+00
     22.246   60.51212 -168.43778     0.7959    29.9143    1446.37  0.000e+00
     22.223   60.51212 -168.43778     0.7964    29.9143    1446.37  0.000e+00
     22.185   60.51212 -168.43778     0.7965    29.9146    1446.37  0.000e+00
     22.285   60.51212 -168.43778     0.7968    29.9143    1446.38  0.000e+00
     22.285   60.51212 -168.43778     0.7971    29.9140    1446.38  0.000e+00
     22.246   60.51212 -168.43778     0.7973    29.9141    1446.38  0.000e+00
     22.285   60.51212 -168.43778     0.7974    29.9142    1446.38  0.000e+00
     22.300   60.51212 -168.43778     0.7978    29.9139    1446.38  0.000e+00
     22.223   60.51212 -168.43778     0.7979    29.9142    1446.38  0.000e+00
     22.300   60.51212 -168.43778     0.7980    29.9140    1446.38  0.000e+00
     22.169   60.51212 -168.43778     0.7978    29.9144    1446.38  0.000e+00
     22.354   60.51212 -168.43778     0.7980    29.9143    1446.38  0.000e+00
     22.285   60.51212 -168.43778     0.7982    29.9141    1446.38  0.000e+00
     22.300   60.51212 -168.43778     0.7980    29.9140    1446.38  0.000e+00
     22.285   60.51212 -168.43778     0.7984    29.9142    1446.38  0.000e+00
     22.355   60.51212 -168.43778     0.7984    29.9141    1446.38  0.000e+00
     22.339   60.51212 -168.43778     0.7985    29.9145    1446.39  0.000e+00
     22.355   60.51212 -168.43778     0.7987    29.9140    1446.39  0.000e+00
     22.339   60.51212 -168.43778     0.7987    29.9133    1446.38  0.000e+00
     22.355   60.51212 -168.43778     0.7980    29.9133    1446.38  0.000e+00
     22.339   60.51212 -168.43778     0.7976    29.9139    1446.38  0.000e+00
     22.416   60.51212 -168.43778     0.7978    29.9140    1446.38  0.000e+00
     22.339   60.51212 -168.43778     0.7976    29.9145    1446.38  0.000e+00
     22.401   60.51212 -168.43778     0.7976    29.9143    1446.38  0.000e+00
     22.355   60.51212 -168.43778     0.7974    29.9144    1446.38  0.000e+00
     22.339   60.51212 -168.43778     0.7980    29.9141    1446.38  0.000e+00
     22.416   60.51212 -168.43778     0.7979    29.9143    1446.38  0.000e+00
     22.401   60.51212 -168.43778     0.7978    29.9139    1446.38  0.000e+00
     22.416   60.51212 -168.43778     0.7979    29.9139    1446.38  0.000e+00
     22.401   60.51212 -168.43778     0.7980    29.9138    1446.38  0.000e+00
     22.416   60.51212 -168.43778     0.7982    29.9137    1446.38  0.000e+00
     22.455   60.51212 -168.43778     0.7984    29.9139    1446.39  0.000e+00
     22.416   60.51212 -168.43778     0.7985    29.9141    1446.39  0.000e+00
     22.455   60.51212 -168.43778     0.7992    29.9139    1446.39  0.000e+00
     22.470   60.51212 -168.43778     0.7993    29.9135    1446.39  0.000e+00
     22.455   60.51212 -168.43778     0.7992    29.9129    1446.39  0.000e+00
     22.470   60.51212 -168.43778     0.7980    29.9134    1446.38  0.000e+00
     22.455   60.51212 -168.43778     0.7973    29.9130    1446.38  0.000e+00
     22.532   60.51212 -168.43778     0.7964    29.9129    1446.38  0.000e+00
     22.455   60.51212 -168.43778     0.7957    29.9128    1446.37  0.000e+00
     22.470   60.51212 -168.43778     0.7949    29.9129    1446.37  0.000e+00
     22.509   60.51212 -168.43778     0.7943    29.9133    1446.37  0.000e+00
     22.532   60.51212 -168.43778     0.7941    29.9134    1446.37  0.000e+00
     22.509   60.51212 -168.43778     0.7942    29.9128    1446.37  0.000e+00
     22.509   60.51212 -168.43778     0.7936    29.9133    1446.36  0.000e+00
     22.586   60.51212 -168.43778     0.7931    29.9135    1446.36  0.000e+00
     22.571   60.51212 -168.43778     0.7933    29.9133    1446.36  0.000e+00
     22.586   60.51212 -168.43778     0.7931    29.9135    1446.36  0.000e+00
     22.571   60.51212 -168.43778     0.7929    29.9138    1446.36  0.000e+00
     22.586   60.51212 -168.43778     0.7931    29.9139    1446.36  0.000e+00
     22.625   60.51212 -168.43778     0.7933    29.9140    1446.37  0.000e+00
     22.586   60.51212 -168.43778     0.7933    29.9145    1446.36  0.000e+00
     22.625   60.51212 -168.43778     0.7937    29.9144    1446.37  0.000e+00
     22.586   60.51212 -168.43778     0.7939    29.9141    1446.37  0.000e+00
     22.625   60.51212 -168.43778     0.7941    29.9142    1446.37  0.000e+00
     22.648   60.51212 -168.43778     0.7941    29.9139    1446.37  0.000e+00
     22.625   60.51212 -168.43778     0.7942    29.9139    1446.37  0.000e+00
     22.648   60.51212 -168.43778     0.7942    29.9139    1446.37  0.000e+00
     22.687   60.51212 -168.43778     0.7945    29.9140    1446.37  0.000e+00
     22.702   60.51212 -168.43778     0.7947    29.9140    1446.37  0.000e+00
     22.687   60.51212 -168.43778     0.7951    29.9144    1446.37  0.000e+00
     22.702   60.51212 -168.43778     0.7953    29.9143    1446.38  0.000e+00
     22.741   60.51212 -168.43778     0.7954    29.9140    1446.38  0.000e+00
     22.702   60.51212 -168.43778     0.7951    29.9140    1446.37  0.000e+00
     22.741   60.51212 -168.43778     0.7949    29.9140    1446.37  0.000e+00
     22.756   60.51212 -168.43778     0.7949    29.9132    1446.37  0.000e+00
     22.741   60.51212 -168.43778     0.7943    29.9135    1446.37  0.000e+00
     22.756   60.51212 -168.43778     0.7937    29.9137    1446.37  0.000e+00
     22.803   60.51212 -168.43778     0.7936    29.9135    1446.37  0.000e+00
     22.803   60.51212 -168.43778     0.7936    29.9132    1446.37  0.000e+00
     22.756   60.51212 -168.43778     0.7933    29.9137    1446.37  0.000e+00
     22.857   60.51212 -168.43778     0.7933    29.9139    1446.37  0.000e+00
     22.756   60.51212 -168.43778     0.7934    29.9138    1446.37  0.000e+00
     22.857   60.51212 -168.43778     0.7936    29.9143    1446.37  0.000e+00
     22.818   60.51212 -168.43778     0.7934    29.9138    1446.37  0.000e+00
     22.857   60.51212 -168.43778     0.7937    29.9140    1446.37  0.000e+00
     22.872   60.51212 -168.43778     0.7937    29.9143    1446.37  0.000e+00
     22.857   60.51212 -168.43778     0.7934    29.9141    1446.37  0.000e+00
     22.872   60.51212 -168.43778     0.7937    29.9137    1446.37  0.000e+00
     22.857   60.51212 -168.43778     0.7937    29.9136    1446.37  0.000e+00
     22.934   60.51212 -168.43778     0.7934    29.9137    1446.37  0.000e+00
     22.911   60.51212 -168.43778     0.7936    29.9134    1446.37  0.000e+00
     22.872   60.51212 -168.43778     0.7936    29.9134    1446.37  0.000e+00
     22.911   60.51212 -168.43778     0.7932    29.9135    1446.37  0.000e+00
     22.934   60.51212 -168.43778     0.7933    29.9133    1446.37  0.000e+00
     22.911   60.51212 -168.43778     0.7929    29.9137    1446.37  0.000e+00
     22.988   60.51212 -168.43778     0.7933    29.9137    1446.37  0.000e+00
     22.911   60.51212 -168.43778     0.7933    29.9137    1446.37  0.000e+00
     22.988   60.51212 -168.43778     0.7931    29.9138    1446.37  0.000e+00
     22.972   60.51212 -168.43778     0.7933    29.9136    1446.37  0.000e+00
     22.934   60.51212 -168.43778     0.7929    29.9142    1446.37  0.000e+00
     23.027   60.51212 -168.43778     0.7929    29.9140    1446.37  0.000e+00
     22.988   60.51212 -168.43778     0.7931    29.9138    1446.37  0.000e+00
     22.973   60.51212 -168.43778     0.7929    29.9139    1446.37  0.000e+00
     23.050   60.51212 -168.43778     0.7929    29.9137    1446.37  0.000e+00
     23.027   60.51212 -168.43778     0.7931    29.9135    1446.37  0.000e+00
     23.050   60.51212 -168.43778     0.7929    29.9140    1446.37  0.000e+00
     22.973   60.51212 -168.43778     0.7929    29.9138    1446.37  0.000e+00
     23.050   60.51212 -168.43778     0.7929    29.9136    1446.37  0.000e+00
     23.088   60.51212 -168.43778     0.7929    29.9138    1446.37  0.000e+00
     22.988   60.51212 -168.43778     0.7929    29.9137    1446.37  0.000e+00
     23.088   60.51212 -168.43778     0.7931    29.9134    1446.37  0.000e+00
     23.104   60.51212 -168.43778     0.7928    29.9139    1446.37  0.000e+00
     23.027   60.51212 -168.43778     0.7927    29.9138    1446.37  0.000e+00
     23.104   60.51212 -168.43778     0.7925    29.9138    1446.37  0.000e+00
     23.088   60.51212 -168.43778     0.7927    29.9132    1446.37  0.000e+00
     23.142   60.51212 -168.43778     0.7923    29.9133    1446.37  0.000e+00
     23.050   60.51212 -168.43778     0.7919    29.9141    1446.37  0.000e+00
     23.142   60.51212 -168.43778     0.7920    29.9138    1446.37  0.000e+00
     23.104   60.51212 -168.43778     0.7919    29.9140    1446.37  0.000e+00
     23.142   60.51212 -168.43778     0.7919    29.9145    1446.37  0.000e+00
     23.104   60.51212 -168.43778     0.7922    29.9143    1446.37  0.000e+00
     23.142   60.51212 -168.43778     0.7922    29.9143    1446.37  0.000e+00
     23.104   60.51212 -168.43778     0.7923    29.9144    1446.37  0.000e+00
     23.142   60.51212 -168.43778     0.7928    29.9138    1446.37  0.000e+00
     23.158   60.51212 -168.43778     0.7931    29.9136    1446.37  0.000e+00
     23.142   60.51212 -168.43778     0.7934    29.9137    1446.37  0.000e+00
     23.158   60.51212 -168.43778     0.7933    29.9138    1446.37  0.000e+00
     23.204   60.51212 -168.43778     0.7933    29.9138    1446.37  0.000e+00
     23.158   60.51212 -168.43778     0.7933    29.9136    1446.37  0.000e+00
     23.204   60.51212 -168.43778     0.7936    29.9134    1446.37  0.000e+00
     23.158   60.51212 -168.43778     0.7934    29.9132    1446.37  0.000e+00
     23.204   60.51212 -168.43778     0.7934    29.9134    1446.37  0.000e+00
     23.220   60.51212 -168.43778     0.7934    29.9137    1446.38  0.000e+00
     23.204   60.51212 -168.43778     0.7934    29.9138    1446.37  0.000e+00
     23.158   60.51212 -168.43778     0.7934    29.9139    1446.37  0.000e+00
     23.204   60.51212 -168.43778     0.7934    29.9138    1446.37  0.000e+00
     23.220   60.51212 -168.43778     0.7929    29.9147    1446.37  0.000e+00
     23.258   60.51212 -168.43778     0.7931    29.9142    1446.37  0.000e+00
     23.220   60.51212 -168.43778     0.7929    29.9141    1446.37  0.000e+00
     23.204   60.51212 -168.43778     0.7931    29.9139    1446.37  0.000e+00
     23.220   60.51212 -168.43778     0.7931    29.9139    1446.37  0.000e+00
     23.258   60.51212 -168.43778     0.7933    29.9141    1446.38  0.000e+00
     23.274   60.51212 -168.43778     0.7933    29.9138    1446.38  0.000e+00
     23.312   60.51212 -168.43778     0.7932    29.9138    1446.38  0.000e+00
     23.274   60.51212 -168.43778     0.7929    29.9134    1446.37  0.000e+00
     23.258   60.51212 -168.43778     0.7922    29.9138    1446.37  0.000e+00
     23.336   60.51212 -168.43778     0.7920    29.9138    1446.37  0.000e+00
     23.312   60.51212 -168.43778     0.7916    29.9139    1446.37  0.000e+00
     23.274   60.51212 -168.43778     0.7916    29.9134    1446.37  0.000e+00
     23.312   60.51212 -168.43778     0.7919    29.9131    1446.37  0.000e+00
     23.274   60.51212 -168.43778     0.7914    29.9135    1446.37  0.000e+00
     23.312   60.51212 -168.43778     0.7912    29.9135    1446.37  0.000e+00
     23.336   60.51212 -168.43778     0.7916    29.9130    1446.37  0.000e+00
     23.312   60.51212 -168.43778     0.7912    29.9135    1446.37  0.000e+00
     23.336   60.51212 -168.43778     0.7917    29.9130    1446.37  0.000e+00
     23.374   60.51212 -168.43778     0.7917    29.9132    1446.37  0.000e+00
     23.336   60.51212 -168.43778     0.7916    29.9137    1446.37  0.000e+00
     23.428   60.51212 -168.43778     0.7917    29.9139    1446.37  0.000e+00
     23.336   60.51212 -168.43778     0.7919    29.9137    1446.37  0.000e+00
     23.374   60.51212 -168.43778     0.7918    29.9142    1446.37  0.000e+00
     23.451   60.51212 -168.43778     0.7920    29.9141    1446.37  0.000e+00
     23.374   60.51212 -168.43778     0.7927    29.9136    1446.37  0.000e+00
     23.390   60.51212 -168.43778     0.7934    29.9135    1446.38  0.000e+00
     23.428   60.51212 -168.43778     0.7941    29.9131    1446.38  0.000e+00
     23.390   60.51212 -168.43778     0.7937    29.9135    1446.38  0.000e+00
     23.428   60.51212 -168.43778     0.7934    29.9137    1446.38  0.000e+00
     23.451   60.51212 -168.43778     0.7933    29.9143    1446.38  0.000e+00
     23.428   60.51212 -168.43778     0.7934    29.9141    1446.38  0.000e+00
     23.451   60.51212 -168.43778     0.7933    29.9139    1446.38  0.000e+00
     23.428   60.51212 -168.43778     0.7933    29.9133    1446.38  0.000e+00
     23.452   60.51212 -168.43778     0.7925    29.9138    1446.37  0.000e+00
     23.490   60.51212 -168.43778     0.7925    29.9138    1446.38  0.000e+00
     23.452   60.51212 -168.43778     0.7925    29.9138    1446.37  0.000e+00
     23.544   60.51212 -168.43778     0.7928    29.9141    1446.38  0.000e+00
     23.506   60.51212 -168.43778     0.7933    29.9145    1446.38  0.000e+00
     23.490   60.51212 -168.43778     0.7942    29.9139    1446.38  0.000e+00
     23.506   60.51214 -168.43778     0.7946    29.9145    1446.39  0.000e+00
     23.544   60.51214 -168.43778     0.7947    29.9146    1446.39  0.000e+00
     23.506   60.51214 -168.43778     0.7953    29.9145    1446.39  0.000e+00
     23.544   60.51214 -168.43778     0.7956    29.9147    1446.39  0.000e+00
     23.560   60.51214 -168.43778     0.7957    29.9145    1446.39  0.000e+00
