merge_samples_with_btl/SKQ202309T/ctd/skq202309t_003.cnv
* Sea-Bird SBE 9 Data File:
* FileName = D:\CTD\SKQ202309T\SKQ202309T_003.hex
* Software Version Seasave V 7.26.7.121
* Temperature SN = 6177
* Conductivity SN = 0369
* Number of Bytes Per Scan = 38
* Number of Voltage Words = 3
* Number of Scans Averaged by the Deck Unit = 1
* NMEA Latitude = 56 26.56 N
* NMEA Longitude = 166 33.22 W
* NMEA UTC (Time) = Jun 10 2023  04:39:46
* NMEA baud rate = 4800
** Ship: R/V Sikuliaq
** Station Number: 003
** Station Name: STN 004
** Bottom Depth: 101
** Operator: Julia Moriarty
# nquan = 23
# nvalues = 9701                                  
# units = specified
# name 0 = depSM: Depth [salt water, m]
# name 1 = latitude: Latitude [deg]
# name 2 = longitude: Longitude [deg]
# name 3 = prDM: Pressure, Digiquartz [db]
# name 4 = t090C: Temperature [ITS-90, deg C]
# name 5 = t190C: Temperature, 2 [ITS-90, deg C]
# name 6 = potemp090C: Potential Temperature [ITS-90, deg C]
# name 7 = sal00: Salinity, Practical [PSU]
# name 8 = sal11: Salinity, Practical, 2 [PSU]
# name 9 = density00: Density [density, kg/m^3]
# name 10 = sigma-é00: Density [sigma-theta, kg/m^3]
# name 11 = sbox0Mm/Kg: Oxygen, SBE 43 [umol/kg]
# name 12 = sbox1Mm/Kg: Oxygen, SBE 43, 2 [umol/kg]
# name 13 = oxsolMm/Kg: Oxygen Saturation, Garcia & Gordon [umol/kg]
# name 14 = sbeox0PS: Oxygen, SBE 43 [% saturation]
# name 15 = sbeox1PS: Oxygen, SBE 43, 2 [% saturation]
# name 16 = v0: Voltage 0
# name 17 = flECO-AFL: Fluorescence, WET Labs ECO-AFL/FL [mg/m^3]
# name 18 = v1: Voltage 1
# name 19 = CStarAt0: Beam Attenuation, WET Labs C-Star [1/m]
# name 20 = scan: Scan Count
# name 21 = timeM: Time, Elapsed [minutes]
# name 22 = flag:  0.000e+00
# span 0 =      1.756,     95.786                 
# span 1 =   56.44268,   56.44276                 
# span 2 = -166.55362, -166.55346                 
# span 3 =      1.772,     96.692                 
# span 4 =     3.6067,     6.8002                 
# span 5 =     3.6070,     6.8034                 
# span 6 =     3.6028,     6.8001                 
# span 7 =    31.7989,    32.3667                 
# span 8 =    31.8191,    32.3776                 
# span 9 =  1024.9856,  1026.1435                 
# span 10 =    24.9741,    25.6932                
# span 11 =    250.129,    423.188                
# span 12 =    242.122,    410.900                
# span 13 =  301.66348,  325.03991                
# span 14 =     77.877,    136.898                
# span 15 =     75.391,    133.522                
# span 16 =     0.0842,     4.1087                
# span 17 =     0.1575,    24.3040                
# span 18 =     2.7827,     4.4591                
# span 19 =     0.2209,     2.1077                
# span 20 =          1,       9701                
# span 21 =     0.0000,     6.7361                
# span 22 = 0.0000e+00, 0.0000e+00                
# interval = seconds: 0.0416667
# start_time = Jun 10 2023 04:44:02 [NMEA time, first data scan]
# bad_flag = -9.990e-29
*END*
[from data line 9134]
     95.429   56.44274 -166.55348     96.331     3.9913     3.9905     3.9851    32.3660    32.3763  1026.1422    25.6928    251.776    243.931  321.17514     78.392     75.954     0.1087     0.3040     3.9609     0.6949       9135     6.3431  0.000e+00
     95.429   56.44274 -166.55346     96.331     3.9913     3.9905     3.9851    32.3660    32.3759  1026.1422    25.6928    251.383    243.960  321.17514     78.270     75.963     0.1099     0.3113     3.9609     0.6949       9136     6.3438  0.000e+00
     95.429   56.44274 -166.55346     96.331     3.9915     3.9902     3.9852    32.3655    32.3763  1026.1418    25.6924    251.562    243.967  321.17505     78.325     75.964     0.1087     0.3040     3.9609     0.6949       9137     6.3444  0.000e+00
     95.429   56.44274 -166.55346     96.331     3.9912     3.9903     3.9849    32.3658    32.3763  1026.1420    25.6926    251.564    243.970  321.17695     78.326     75.966     0.1087     0.3040     3.9609     0.6949       9138     6.3451  0.000e+00
     95.429   56.44274 -166.55346     96.331     3.9916     3.9903     3.9854    32.3656    32.3763  1026.1419    25.6924    251.561    243.974  321.17362     78.325     75.967     0.1099     0.3113     3.9609     0.6949       9139     6.3458  0.000e+00
     95.429   56.44274 -166.55346     96.331     3.9915     3.9902     3.9852    32.3655    32.3767  1026.1418    25.6924    251.562    243.999  321.17505     78.325     75.975     0.1087     0.3040     3.9560     0.6999       9140     6.3465  0.000e+00
     95.429   56.44274 -166.55346     96.331     3.9915     3.9901     3.9852    32.3656    32.3766  1026.1418    25.6924    251.562    244.025  321.17495     78.325     75.983     0.1099     0.3113     3.9499     0.7061       9141     6.3472  0.000e+00
     95.429   56.44274 -166.55346     96.331     3.9916     3.9903     3.9854    32.3656    32.3760  1026.1418    25.6924    251.561    244.050  321.17372     78.325     75.990     0.1099     0.3113     3.9487     0.7073       9142     6.3479  0.000e+00
     95.367   56.44274 -166.55346     96.269     3.9915     3.9902     3.9852    32.3657    32.3766  1026.1416    25.6925    251.772    244.241  321.17469     78.391     76.050     0.1099     0.3113     3.9487     0.7073       9143     6.3486  0.000e+00
     95.429   56.44274 -166.55346     96.331     3.9916     3.9902     3.9854    32.3656    32.3765  1026.1418    25.6924    251.593    244.075  321.17372     78.335     75.998     0.1062     0.2894     3.9487     0.7073       9144     6.3493  0.000e+00
     95.367   56.44274 -166.55346     96.269     3.9915     3.9903     3.9852    32.3660    32.3764  1026.1419    25.6927    251.589    244.263  321.17392     78.334     76.057     0.1026     0.2674     3.9487     0.7073       9145     6.3500  0.000e+00
     95.429   56.44274 -166.55346     96.331     3.9916     3.9903     3.9854    32.3658    32.3765  1026.1420    25.6925    251.589    244.285  321.17324     78.334     76.064     0.1013     0.2601     3.9487     0.7073       9146     6.3507  0.000e+00
     95.367   56.44274 -166.55346     96.269     3.9915     3.9902     3.9852    32.3656    32.3763  1026.1416    25.6924    251.587    244.302  321.17497     78.333     76.069     0.1026     0.2674     3.9487     0.7073       9147     6.3514  0.000e+00
     95.367   56.44274 -166.55346     96.269     3.9915     3.9903     3.9852    32.3658    32.3762  1026.1417    25.6926    251.586    244.317  321.17440     78.333     76.074     0.1013     0.2601     3.9487     0.7073       9148     6.3521  0.000e+00
     95.367   56.44274 -166.55346     96.269     3.9913     3.9901     3.9851    32.3653    32.3763  1026.1414    25.6922    251.586    244.333  321.17678     78.333     76.078     0.1026     0.2674     3.9499     0.7061       9149     6.3528  0.000e+00
     95.367   56.44274 -166.55346     96.269     3.9915     3.9905     3.9852    32.3642    32.3760  1026.1405    25.6913    251.586    244.344  321.17831     78.332     76.082     0.1013     0.2601     3.9487     0.7073       9150     6.3535  0.000e+00
     95.367   56.44274 -166.55346     96.269     3.9913     3.9905     3.9851    32.3652    32.3762  1026.1413    25.6921    251.584    244.354  321.17697     78.332     76.086     0.1026     0.2674     3.9487     0.7073       9151     6.3542  0.000e+00
     95.367   56.44274 -166.55346     96.269     3.9913     3.9903     3.9851    32.3659    32.3766  1026.1418    25.6926    251.403    244.386  321.17544     78.276     76.095     0.1013     0.2601     3.9487     0.7073       9152     6.3549  0.000e+00
     95.313   56.44274 -166.55346     96.214     3.9915     3.9905     3.9852    32.3655    32.3763  1026.1412    25.6923    251.582    244.392  321.17519     78.332     76.097     0.1013     0.2601     3.9487     0.7073       9153     6.3556  0.000e+00
     95.367   56.44274 -166.55346     96.269     3.9915     3.9903     3.9852    32.3657    32.3765  1026.1416    25.6925    251.585    244.400  321.17469     78.333     76.100     0.1026     0.2674     3.9487     0.7073       9154     6.3563  0.000e+00
     95.313   56.44274 -166.55346     96.214     3.9915     3.9905     3.9852    32.3657    32.3763  1026.1414    25.6925    251.584    244.212  321.17462     78.332     76.041     0.1013     0.2601     3.9487     0.7073       9155     6.3569  0.000e+00
     95.367   56.44274 -166.55346     96.269     3.9912     3.9905     3.9849    32.3658    32.3767  1026.1418    25.6926    251.589    244.195  321.17678     78.334     76.036     0.1026     0.2674     3.9487     0.7073       9156     6.3576  0.000e+00
     95.313   56.44274 -166.55346     96.214     3.9912     3.9907     3.9849    32.3659    32.3765  1026.1416    25.6927    251.589    244.173  321.17652     78.333     76.030     0.1013     0.2601     3.9487     0.7073       9157     6.3583  0.000e+00
     95.313   56.44274 -166.55346     96.214     3.9913     3.9905     3.9851    32.3657    32.3765  1026.1414    25.6925    251.802    244.154  321.17585     78.400     76.024     0.1026     0.2674     3.9487     0.7073       9158     6.3590  0.000e+00
     95.313   56.44274 -166.55346     96.214     3.9912     3.9907     3.9849    32.3658    32.3764  1026.1415    25.6926    251.411    244.133  321.17680     78.278     76.017     0.1013     0.2601     3.9487     0.7073       9159     6.3597  0.000e+00
     95.313   56.44274 -166.55346     96.214     3.9913     3.9906     3.9851    32.3655    32.3762  1026.1413    25.6924    251.591    243.921  321.17624     78.334     75.951     0.1026     0.2674     3.9536     0.7023       9160     6.3604  0.000e+00
     95.313   56.44274 -166.55346     96.214     3.9913     3.9907     3.9851    32.3656    32.3762  1026.1414    25.6925    251.380    243.878  321.17605     78.268     75.938     0.1013     0.2601     3.9683     0.6875       9161     6.3611  0.000e+00
     95.251   56.44274 -166.55346     96.152     3.9913     3.9905     3.9851    32.3654    32.3766  1026.1409    25.6923    251.347    243.833  321.17664     78.258     75.924     0.1026     0.2674     3.9744     0.6814       9162     6.3618  0.000e+00
     95.313   56.44274 -166.55346     96.214     3.9915     3.9901     3.9852    32.3656    32.3766  1026.1414    25.6924    251.319    243.794  321.17481     78.250     75.911     0.1013     0.2601     3.9744     0.6814       9163     6.3625  0.000e+00
     95.251   56.44274 -166.55346     96.152     3.9915     3.9905     3.9852    32.3657    32.3767  1026.1411    25.6925    251.502    243.747  321.17454     78.307     75.897     0.1026     0.2674     3.9731     0.6826       9164     6.3632  0.000e+00
     95.251   56.44274 -166.55346     96.152     3.9915     3.9903     3.9852    32.3656    32.3771  1026.1410    25.6924    251.508    243.704  321.17492     78.309     75.883     0.1013     0.2601     3.9731     0.6826       9165     6.3639  0.000e+00
     95.251   56.44274 -166.55346     96.152     3.9913     3.9905     3.9851    32.3659    32.3761  1026.1413    25.6927    251.301    243.684  321.17530     78.244     75.877     0.1026     0.2674     3.9731     0.6826       9166     6.3646  0.000e+00
     95.251   56.44274 -166.55346     96.152     3.9916     3.9905     3.9854    32.3656    32.3764  1026.1410    25.6924    251.382    243.664  321.17369     78.270     75.871     0.1026     0.2674     3.9731     0.6826       9167     6.3653  0.000e+00
     95.251   56.44274 -166.55346     96.152     3.9915     3.9903     3.9852    32.3660    32.3767  1026.1414    25.6927    251.172    243.432  321.17387     78.204     75.799     0.1013     0.2601     3.9731     0.6826       9168     6.3660  0.000e+00
     95.251   56.44274 -166.55346     96.152     3.9913     3.9903     3.9851    32.3659    32.3759  1026.1413    25.6927    251.144    243.562  321.17530     78.195     75.839     0.1026     0.2674     3.9731     0.6826       9169     6.3667  0.000e+00
     95.251   56.44274 -166.55346     96.152     3.9915     3.9903     3.9852    32.3660    32.3762  1026.1414    25.6927    251.115    243.522  321.17387     78.187     75.826     0.1013     0.2601     3.9731     0.6826       9170     6.3674  0.000e+00
     95.197   56.44274 -166.55346     96.098     3.9916     3.9901     3.9854    32.3654    32.3763  1026.1407    25.6923    251.087    243.312  321.17400     78.178     75.761     0.1013     0.2601     3.9731     0.6826       9171     6.3681  0.000e+00
     95.251   56.44274 -166.55346     96.152     3.9915     3.9905     3.9852    32.3653    32.3761  1026.1408    25.6922    251.100    243.252  321.17559     78.182     75.742     0.1001     0.2527     3.9731     0.6826       9172     6.3688  0.000e+00
     95.197   56.44274 -166.55346     96.098     3.9915     3.9905     3.9852    32.3657    32.3763  1026.1409    25.6925    251.075    243.190  321.17457     78.174     75.723     0.1013     0.2601     3.9731     0.6826       9173     6.3694  0.000e+00
     95.197   56.44274 -166.55346     96.098     3.9913     3.9905     3.9851    32.3657    32.3763  1026.1409    25.6925    251.056    243.155  321.17590     78.168     75.712     0.1001     0.2527     3.9731     0.6826       9174     6.3701  0.000e+00
     95.197   56.44274 -166.55346     96.098     3.9915     3.9905     3.9852    32.3655    32.3763  1026.1407    25.6924    251.035    242.907  321.17505     78.162     75.635     0.1013     0.2601     3.9731     0.6826       9175     6.3708  0.000e+00
     95.136   56.44274 -166.55346     96.035     3.9913     3.9902     3.9851    32.3654    32.3766  1026.1404    25.6923    251.017    242.853  321.17649     78.155     75.618     0.1001     0.2527     3.9731     0.6826       9176     6.3715  0.000e+00
     95.221   56.44274 -166.55346     96.121     3.9913     3.9903     3.9851    32.3656    32.3766  1026.1409    25.6924    251.003    242.994  321.17612     78.151     75.662     0.1013     0.2601     3.9731     0.6826       9177     6.3722  0.000e+00
     95.197   56.44274 -166.55346     96.098     3.9912     3.9905     3.9849    32.3654    32.3764  1026.1407    25.6923    251.023    242.774  321.17771     78.157     75.594     0.1001     0.2527     3.9731     0.6826       9178     6.3729  0.000e+00
     95.136   56.44274 -166.55346     96.035     3.9915     3.9905     3.9852    32.3656    32.3765  1026.1405    25.6924    251.006    242.916  321.17497     78.152     75.638     0.1001     0.2527     3.9731     0.6826       9179     6.3736  0.000e+00
     95.136   56.44274 -166.55346     96.035     3.9913     3.9903     3.9851    32.3656    32.3765  1026.1405    25.6924    250.783    242.894  321.17621     78.083     75.631     0.1001     0.2527     3.9719     0.6839       9180     6.3743  0.000e+00
     95.136   56.44274 -166.55346     96.035     3.9913     3.9903     3.9851    32.3656    32.3764  1026.1405    25.6924    250.954    242.681  321.17611     78.136     75.565     0.1001     0.2527     3.9621     0.6937       9181     6.3750  0.000e+00
     95.136   56.44274 -166.55346     96.035     3.9913     3.9905     3.9851    32.3655    32.3761  1026.1404    25.6924    250.947    242.641  321.17630     78.134     75.552     0.1013     0.2601     3.9573     0.6986       9182     6.3757  0.000e+00
     95.136   56.44274 -166.55346     96.035     3.9912     3.9905     3.9849    32.3661    32.3764  1026.1410    25.6929    250.942    242.793  321.17601     78.132     75.600     0.1001     0.2527     3.9573     0.6986       9183     6.3764  0.000e+00
     95.136   56.44274 -166.55346     96.035     3.9913     3.9907     3.9851    32.3658    32.3765  1026.1407    25.6926    250.972    242.587  321.17554     78.142     75.536     0.1013     0.2601     3.9585     0.6974       9184     6.3771  0.000e+00
     95.082   56.44274 -166.55346     95.981     3.9912     3.9906     3.9849    32.3659    32.3766  1026.1405    25.6927    250.935    242.552  321.17652     78.130     75.525     0.1001     0.2527     3.9585     0.6974       9185     6.3778  0.000e+00
     95.136   56.44274 -166.55346     96.035     3.9913     3.9907     3.9851    32.3656    32.3767  1026.1405    25.6925    250.935    242.522  321.17602     78.130     75.516     0.1013     0.2601     3.9585     0.6974       9186     6.3785  0.000e+00
     95.082   56.44274 -166.55346     95.981     3.9913     3.9907     3.9851    32.3657    32.3763  1026.1404    25.6925    250.933    242.303  321.17576     78.129     75.447     0.1001     0.2527     3.9585     0.6974       9187     6.3792  0.000e+00
     95.136   56.44274 -166.55346     96.035     3.9910     3.9907     3.9848    32.3659    32.3766  1026.1408    25.6927    250.938    242.258  321.17772     78.130     75.433     0.1013     0.2601     3.9585     0.6974       9188     6.3799  0.000e+00
     95.082   56.44274 -166.55346     95.981     3.9908     3.9906     3.9846    32.3658    32.3769  1026.1404    25.6926    250.940    242.405  321.17937     78.131     75.479     0.1001     0.2527     3.9585     0.6974       9189     6.3806  0.000e+00
     95.082   56.44274 -166.55346     95.981     3.9910     3.9910     3.9848    32.3657    32.3763  1026.1403    25.6925    250.731    242.195  321.17842     78.066     75.414     0.1013     0.2601     3.9585     0.6974       9190     6.3812  0.000e+00
     95.027   56.44274 -166.55346     95.926     3.9908     3.9908     3.9846    32.3658    32.3766  1026.1402    25.6926    250.916    242.158  321.17940     78.123     75.402     0.1001     0.2527     3.9585     0.6974       9191     6.3819  0.000e+00
     95.082   56.44274 -166.55346     95.981     3.9908     3.9905     3.9846    32.3655    32.3765  1026.1402    25.6924    250.961    242.152  321.18013     78.137     75.400     0.1001     0.2527     3.9585     0.6974       9192     6.3826  0.000e+00
     95.027   56.44274 -166.55346     95.926     3.9908     3.9905     3.9846    32.3656    32.3769  1026.1400    25.6925    250.971    242.122  321.17988     78.140     75.391     0.1001     0.2527     3.9585     0.6974       9193     6.3833  0.000e+00
     95.082   56.44274 -166.55346     95.981     3.9905     3.9905     3.9843    32.3660    32.3765  1026.1406    25.6928    250.986    242.313  321.18136     78.145     75.450     0.1001     0.2527     3.9585     0.6974       9194     6.3840  0.000e+00
     95.028   56.44274 -166.55346     95.926     3.9907     3.9905     3.9844    32.3655    32.3763  1026.1400    25.6924    250.998    242.335  321.18121     78.148     75.457     0.0989     0.2454     3.9585     0.6974       9195     6.3847  0.000e+00
     95.028   56.44274 -166.55346     95.926     3.9907     3.9903     3.9844    32.3651    32.3765  1026.1397    25.6921    251.014    242.363  321.18226     78.153     75.465     0.0977     0.2381     3.9585     0.6974       9196     6.3854  0.000e+00
