merge_samples_with_btl/SKQ202309T/ctd/skq202309t_004.ros
* Sea-Bird SBE 9 Data File:
* FileName = D:\CTD\SKQ202309T\SKQ202309T_004.hex
* Software Version Seasave V 7.26.7.121
* Temperature SN = 6177
* Conductivity SN = 0369
* Number of Bytes Per Scan = 38
* Number of Voltage Words = 3
* Number of Scans Averaged by the Deck Unit = 1
* NMEA Latitude = 60 30.69 N
* NMEA Longitude = 168 26.21 W
* NMEA UTC (Time) = Jun 11 2023  07:16:30
* NMEA baud rate = 4800
** Ship: R/V Sikuliaq
** Station Number: 004
** Station Name: STN 006
** Bottom Depth: 35
** Operator: Emelia Chamberlain
# nquan = 21
# nvalues = 980                                   
# units = specified
# name 0 = depSM: Depth [salt water, m]
# name 1 = latitude: Latitude [deg]
# name 2 = longitude: Longitude [deg]
# name 3 = prDM: Pressure, Digiquartz [db]
# name 4 = t090C: Temperature [ITS-90, deg C]
# name 5 = t190C: Temperature, 2 [ITS-90, deg C]
# name 6 = potemp090C: Potential Temperature [ITS-90, deg C]
# name 7 = sal00: Salinity, Practical [PSU]
# name 8 = sal11: Salinity, Practical, 2 [PSU]
# name 9 = density00: Density [density, kg/m^3]
# name 10 = sigma-é00: Density [sigma-theta, kg/m^3]
# name 11 = sbox0Mm/Kg: Oxygen, SBE 43 [umol/kg]
# name 12 = sbox1Mm/Kg: Oxygen, SBE 43, 2 [umol/kg]
# name 13 = oxsolMm/Kg: Oxygen Saturation, Garcia & Gordon [umol/kg]
# name 14 = sbeox0PS: Oxygen, SBE 43 [% saturation]
# name 15 = v0: Voltage 0
# name 16 = flECO-AFL: Fluorescence, WET Labs ECO-AFL/FL [mg/m^3]
# name 17 = CStarAt0: Beam Attenuation, WET Labs C-Star [1/m]
# name 18 = scan: Scan Count
# name 19 = nbf: Bottles Fired
# name 20 = flag:  0.000e+00
# interval = seconds: 0.0416667
# start_time = Jun 11 2023 07:21:43 [NMEA time, first data scan]
# bad_flag = -9.990e-29
*END*
[from data line 552]
     20.104   60.51274 -168.43884     20.297     0.8004     0.8005     0.7997    29.9138    29.9253  1024.0645    23.9674    376.302    364.272  354.52223    106.143     0.2918     1.4029     0.7147      13550         12  0.000e+00
     20.197   60.51274 -168.43884     20.391     0.8002     0.8007     0.7995    29.9140    29.9250  1024.0651    23.9676    376.313    364.069  354.52323    106.146     0.2906     1.3956     0.7147      13551         12  0.000e+00
     20.158   60.51274 -168.43884     20.352     0.8002     0.8007     0.7995    29.9140    29.9249  1024.0649    23.9676    376.120    364.205  354.52318    106.092     0.2906     1.3956     0.7147      13552         12  0.000e+00
     20.197   60.51274 -168.43884     20.391     0.8004     0.8005     0.7997    29.9134    29.9251  1024.0646    23.9671    376.329    363.999  354.52323    106.151     0.2906     1.3956     0.7147      13553         12  0.000e+00
     20.143   60.51274 -168.43884     20.336     0.8001     0.8007     0.7994    29.9140    29.9252  1024.0648    23.9676    376.336    363.515  354.52421    106.152     0.2918     1.4029     0.7160      13554         12  0.000e+00
     20.158   60.51274 -168.43884     20.352     0.8002     0.8007     0.7995    29.9142    29.9253  1024.0650    23.9678    376.344    363.840  354.52263    106.155     0.2918     1.4029     0.7147      13555         12  0.000e+00
     20.197   60.51274 -168.43884     20.391     0.8001     0.8005     0.7994    29.9141    29.9252  1024.0652    23.9677    376.159    363.821  354.52385    106.103     0.2906     1.3956     0.7135      13556         12  0.000e+00
     20.158   60.51274 -168.43884     20.352     0.8001     0.8007     0.7994    29.9137    29.9252  1024.0647    23.9674    376.129    363.980  354.52500    106.094     0.2918     1.4029     0.6912      13557         12  0.000e+00
     20.197   60.51274 -168.43884     20.391     0.8002     0.8007     0.7995    29.9138    29.9252  1024.0649    23.9674    376.101    363.528  354.52367    106.086     0.2906     1.3956     0.6802      13558         12  0.000e+00
     20.143   60.51274 -168.43886     20.336     0.8002     0.8008     0.7995    29.9140    29.9251  1024.0648    23.9676    376.072    363.471  354.52316    106.078     0.2918     1.4029     0.6802      13559         12  0.000e+00
     20.220   60.51274 -168.43886     20.414     0.8004     0.8007     0.7997    29.9138    29.9250  1024.0650    23.9674    376.050    363.883  354.52218    106.072     0.2906     1.3956     0.6802      13560         12  0.000e+00
     20.143   60.51274 -168.43886     20.336     0.8002     0.8007     0.7995    29.9138    29.9252  1024.0647    23.9674    376.025    363.882  354.52370    106.065     0.2906     1.3956     0.6814      13561         12  0.000e+00
     20.158   60.51274 -168.43886     20.352     0.8004     0.8007     0.7997    29.9138    29.9253  1024.0647    23.9674    376.243    363.614  354.52220    106.127     0.2906     1.3956     0.6802      13562         12  0.000e+00
     20.197   60.51274 -168.43886     20.391     0.8004     0.8005     0.7997    29.9138    29.9256  1024.0649    23.9674    376.026    363.375  354.52214    106.066     0.2918     1.4029     0.6802      13563         12  0.000e+00
     20.220   60.51274 -168.43886     20.414     0.8002     0.8008     0.7995    29.9140    29.9249  1024.0652    23.9676    376.250    363.564  354.52327    106.128     0.2918     1.4029     0.6814      13564         12  0.000e+00
     20.143   60.51274 -168.43886     20.336     0.8004     0.8005     0.7997    29.9135    29.9253  1024.0644    23.9671    376.028    363.352  354.52316    106.066     0.2906     1.3956     0.6814      13565         12  0.000e+00
     20.197   60.51274 -168.43886     20.391     0.8002     0.8008     0.7995    29.9138    29.9248  1024.0649    23.9674    376.014    363.246  354.52367    106.062     0.3016     1.4615     0.6802      13566         12  0.000e+00
     20.220   60.51274 -168.43886     20.414     0.8002     0.8007     0.7995    29.9140    29.9251  1024.0652    23.9676    375.999    363.383  354.52327    106.058     0.3187     1.5641     0.6802      13567         12  0.000e+00
     20.197   60.51274 -168.43886     20.391     0.8002     0.8008     0.7995    29.9140    29.9253  1024.0651    23.9676    375.984    362.955  354.52324    106.053     0.3248     1.6007     0.6802      13568         12  0.000e+00
     20.158   60.51274 -168.43886     20.352     0.8001     0.8010     0.7994    29.9145    29.9250  1024.0653    23.9680    375.969    363.333  354.52282    106.049     0.3236     1.5934     0.6802      13569         12  0.000e+00
     20.197   60.51274 -168.43886     20.391     0.8002     0.8010     0.7995    29.9143    29.9249  1024.0653    23.9678    375.960    362.943  354.52236    106.047     0.3236     1.5934     0.6814      13570         12  0.000e+00
     20.220   60.51274 -168.43886     20.415     0.8002     0.8008     0.7995    29.9143    29.9248  1024.0654    23.9678    375.953    363.146  354.52251    106.045     0.3236     1.5934     0.6802      13571         12  0.000e+00
     20.197   60.51274 -168.43886     20.391     0.8001     0.8008     0.7994    29.9144    29.9250  1024.0654    23.9679    375.705    362.891  354.52320    105.975     0.3236     1.5934     0.6802      13572         12  0.000e+00
     20.197   60.51274 -168.43886     20.391     0.8001     0.8010     0.7994    29.9142    29.9250  1024.0652    23.9677    375.900    362.768  354.52374    106.030     0.3248     1.6007     0.6802      13573         12  0.000e+00
     20.159   60.51274 -168.43886     20.352     0.8002     0.8010     0.7995    29.9140    29.9250  1024.0649    23.9676    375.896    362.701  354.52318    106.029     0.3236     1.5934     0.6802      13574         12  0.000e+00
     20.251   60.51274 -168.43886     20.446     0.7998     0.8010     0.7991    29.9146    29.9247  1024.0658    23.9681    375.904    362.673  354.52568    106.030     0.3236     1.5934     0.6814      13575         12  0.000e+00
     20.220   60.51274 -168.43886     20.415     0.8001     0.8010     0.7994    29.9142    29.9248  1024.0653    23.9677    375.902    362.640  354.52378    106.030     0.3236     1.5934     0.6814      13576         12  0.000e+00
     20.197   60.51274 -168.43886     20.391     0.8002     0.8010     0.7995    29.9146    29.9250  1024.0655    23.9681    375.901    362.612  354.52160    106.031     0.3236     1.5934     0.7433      13577         12  0.000e+00
     20.220   60.51274 -168.43886     20.415     0.8005     0.8012     0.7999    29.9141    29.9245  1024.0652    23.9676    375.906    362.431  354.52000    106.032     0.3223     1.5861     0.7898      13578         12  0.000e+00
     20.197   60.51274 -168.43886     20.391     0.8004     0.8010     0.7997    29.9139    29.9248  1024.0650    23.9675    375.674    362.415  354.52204    105.966     0.3236     1.5934     0.7974      13579         12  0.000e+00
     20.197   60.51274 -168.43886     20.391     0.8005     0.8010     0.7999    29.9139    29.9254  1024.0649    23.9675    375.881    362.375  354.52051    106.025     0.3236     1.5934     0.7936      13580         12  0.000e+00
     20.220   60.51274 -168.43886     20.415     0.8002     0.8012     0.7995    29.9143    29.9251  1024.0654    23.9678    375.897    362.312  354.52251    106.029     0.3236     1.5934     0.7911      13581         12  0.000e+00
     20.197   60.51274 -168.43886     20.391     0.8004     0.8010     0.7997    29.9141    29.9252  1024.0651    23.9677    375.908    362.282  354.52138    106.033     0.3248     1.6007     0.7911      13582         12  0.000e+00
     20.275   60.51274 -168.43886     20.469     0.8004     0.8010     0.7997    29.9141    29.9252  1024.0655    23.9676    375.928    362.260  354.52149    106.038     0.3236     1.5934     0.7923      13583         12  0.000e+00
     20.197   60.51274 -168.43886     20.391     0.8004     0.8012     0.7997    29.9139    29.9249  1024.0650    23.9675    375.942    362.234  354.52193    106.042     0.3236     1.5934     0.7923      13584         12  0.000e+00
     20.221   60.51274 -168.43886     20.415     0.8005     0.8010     0.7999    29.9139    29.9252  1024.0650    23.9674    375.720    362.219  354.52054    105.980     0.3223     1.5861     0.7923      13585         12  0.000e+00
     10.084   60.51296 -168.43926     10.181     1.3703     1.3757     1.3700    29.8937    29.8628  1023.9697    23.9212    374.722    362.041  349.39874    107.248     0.2015     0.8608     0.5094      16706         13  0.000e+00
     10.169   60.51296 -168.43926     10.266     1.3667     1.3765     1.3663    29.8976    29.8626  1023.9734    23.9245    374.980    362.027  349.42069    107.315     0.2100     0.9121     0.5105      16707         13  0.000e+00
     10.138   60.51296 -168.43926     10.235     1.3641     1.3770     1.3637    29.9002    29.8629  1023.9755    23.9267    374.986    362.007  349.43687    107.312     0.2271     1.0146     0.5094      16708         13  0.000e+00
     10.138   60.51296 -168.43926     10.235     1.3621     1.3793     1.3618    29.9018    29.8605  1023.9770    23.9282    375.028    361.977  349.45017    107.320     0.2344     1.0586     0.5105      16709         13  0.000e+00
     10.138   60.51296 -168.43926     10.235     1.3644     1.3809     1.3640    29.9002    29.8581  1023.9755    23.9268    375.031    361.953  349.43426    107.325     0.2332     1.0513     0.5200      16710         13  0.000e+00
     10.107   60.51296 -168.43926     10.204     1.3707     1.3819     1.3703    29.8949    29.8567  1023.9707    23.9221    374.998    361.929  349.39253    107.328     0.2332     1.0513     0.5401      16711         13  0.000e+00
     10.138   60.51296 -168.43926     10.235     1.3790     1.3819     1.3786    29.8874    29.8566  1023.9644    23.9157    374.713    362.124  349.33764    107.264     0.2320     1.0439     0.5448      16712         13  0.000e+00
     10.084   60.51296 -168.43926     10.181     1.3852     1.3819     1.3848    29.8815    29.8570  1023.9591    23.9106    374.874    361.918  349.29840    107.322     0.2320     1.0439     0.5448      16713         13  0.000e+00
     10.138   60.51296 -168.43926     10.236     1.3871     1.3812     1.3867    29.8790    29.8579  1023.9572    23.9084    374.881    362.116  349.28797    107.327     0.2320     1.0439     0.5437      16714         13  0.000e+00
     10.138   60.51296 -168.43926     10.236     1.3862     1.3801     1.3858    29.8795    29.8592  1023.9576    23.9089    374.907    362.128  349.29501    107.332     0.2320     1.0439     0.5437      16715         13  0.000e+00
     10.108   60.51296 -168.43926     10.204     1.3883     1.3796     1.3879    29.8776    29.8599  1023.9559    23.9073    374.944    362.159  349.28083    107.347     0.2332     1.0513     0.5437      16716         13  0.000e+00
     10.138   60.51296 -168.43926     10.236     1.3897     1.3785     1.3893    29.8763    29.8615  1023.9549    23.9061    374.948    362.196  349.27163    107.351     0.2320     1.0439     0.5437      16717         13  0.000e+00
     10.084   60.51296 -168.43926     10.181     1.3921     1.3753     1.3917    29.8746    29.8648  1023.9532    23.9047    374.938    362.219  349.25485    107.354     0.2332     1.0513     0.5437      16718         13  0.000e+00
     10.139   60.51296 -168.43926     10.236     1.3941     1.3712     1.3937    29.8733    29.8691  1023.9522    23.9035    374.934    362.277  349.24069    107.357     0.2320     1.0439     0.5437      16719         13  0.000e+00
     10.139   60.51296 -168.43926     10.236     1.3991     1.3674     1.3987    29.8689    29.8733  1023.9484    23.8997    374.901    362.302  349.20766    107.358     0.2332     1.0513     0.5437      16720         13  0.000e+00
     10.108   60.51296 -168.43926     10.205     1.4042     1.3661     1.4038    29.8641    29.8751  1023.9441    23.8955    374.865    362.332  349.17484    107.357     0.2320     1.0439     0.5437      16721         13  0.000e+00
     10.139   60.51296 -168.43926     10.236     1.4067     1.3681     1.4063    29.8613    29.8734  1023.9419    23.8932    374.896    362.337  349.16013    107.371     0.2320     1.0439     0.5437      16722         13  0.000e+00
     10.139   60.51296 -168.43926     10.236     1.4074     1.3727     1.4070    29.8603    29.8692  1023.9411    23.8923    374.939    362.320  349.15652    107.384     0.2320     1.0439     0.5437      16723         13  0.000e+00
     10.085   60.51296 -168.43926     10.181     1.3995     1.3795     1.3991    29.8668    29.8627  1023.9465    23.8980    375.011    362.282  349.20942    107.389     0.2320     1.0439     0.5437      16724         13  0.000e+00
     10.170   60.51296 -168.43926     10.267     1.3842     1.3855     1.3838    29.8788    29.8562  1023.9574    23.9085    375.156    362.467  349.31448    107.398     0.2332     1.0513     0.5437      16725         13  0.000e+00
     10.085   60.51296 -168.43926     10.181     1.3694     1.3896     1.3690    29.8905    29.8516  1023.9671    23.9186    375.286    362.473  349.41573    107.404     0.2320     1.0439     0.5437      16726         13  0.000e+00
     10.139   60.51296 -168.43926     10.236     1.3601     1.3910     1.3597    29.8969    29.8494  1023.9731    23.9243    375.374    362.296  349.48173    107.409     0.2332     1.0513     0.5437      16727         13  0.000e+00
     10.139   60.51296 -168.43926     10.236     1.3530     1.3902     1.3526    29.9019    29.8492  1023.9775    23.9288    375.439    362.317  349.53236    107.412     0.2320     1.0439     0.5437      16728         13  0.000e+00
     10.139   60.51296 -168.43926     10.236     1.3503     1.3884     1.3499    29.9047    29.8505  1023.9799    23.9311    375.501    362.343  349.54862    107.425     0.2332     1.0513     0.5437      16729         13  0.000e+00
     10.108   60.51296 -168.43926     10.205     1.3512     1.3864     1.3508    29.9049    29.8516  1023.9799    23.9312    375.488    362.580  349.54065    107.423     0.2320     1.0439     0.5401      16730         13  0.000e+00
     10.139   60.51296 -168.43926     10.236     1.3576     1.3850     1.3573    29.8997    29.8525  1023.9755    23.9267    375.429    362.627  349.49629    107.420     0.2332     1.0513     0.5223      16731         13  0.000e+00
     10.139   60.51296 -168.43926     10.236     1.3584     1.3829     1.3580    29.9001    29.8528  1023.9757    23.9270    375.414    362.680  349.48851    107.418     0.2332     1.0513     0.5164      16732         13  0.000e+00
     10.139   60.51296 -168.43926     10.236     1.3550     1.3765     1.3546    29.9044    29.8556  1023.9794    23.9306    375.433    362.769  349.50746    107.418     0.2295     1.0293     0.5153      16733         13  0.000e+00
     10.139   60.51296 -168.43926     10.236     1.3567     1.3596     1.3563    29.9042    29.8679  1023.9792    23.9304    375.448    362.942  349.49263    107.427     0.2283     1.0220     0.5164      16734         13  0.000e+00
     10.108   60.51296 -168.43926     10.205     1.3680     1.3278     1.3676    29.8960    29.8928  1023.9718    23.9231    375.336    363.235  349.41322    107.419     0.2259     1.0073     0.5176      16735         13  0.000e+00
     10.139   60.51296 -168.43926     10.236     1.3852     1.2948     1.3848    29.8821    29.9189  1023.9598    23.9110    375.177    363.540  349.29633    107.409     0.2271     1.0146     0.5164      16736         13  0.000e+00
     10.139   60.51296 -168.43926     10.236     1.3992     1.2751     1.3988    29.8727    29.9314  1023.9515    23.9027    375.037    363.736  349.19603    107.400     0.2259     1.0073     0.5176      16737         13  0.000e+00
