merge_samples_with_btl/SKQ202309T/ctd/skq202309t_005.cnv
* Sea-Bird SBE 9 Data File:
* FileName = D:\CTD\SKQ202309T\SKQ202309T_005.hex
* Software Version Seasave V 7.26.7.121
* Temperature SN = 6177
* Conductivity SN = 0369
* Number of Bytes Per Scan = 38
* Number of Voltage Words = 3
* Number of Scans Averaged by the Deck Unit = 1
* NMEA Latitude = 62 38.25 N
* NMEA Longitude = 165 42.28 W
* NMEA UTC (Time) = Jun 12 2023  01:37:43
* NMEA baud rate = 4800
** Ship: R/V Sikuliaq
** Station Number: 005
** Station Name: STN 008
** Bottom Depth: 12
** Operator: Kay McMonigal
# nquan = 23
# nvalues = 3288                                  
# units = specified
# name 0 = depSM: Depth [salt water, m]
# name 1 = latitude: Latitude [deg]
# name 2 = longitude: Longitude [deg]
# name 3 = prDM: Pressure, Digiquartz [db]
# name 4 = t090C: Temperature [ITS-90, deg C]
# name 5 = t190C: Temperature, 2 [ITS-90, deg C]
# name 6 = potemp090C: Potential Temperature [ITS-90, deg C]
# name 7 = sal00: Salinity, Practical [PSU]
# name 8 = sal11: Salinity, Practical, 2 [PSU]
# name 9 = density00: Density [density, kg/m^3]
# name 10 = sigma-é00: Density [sigma-theta, kg/m^3]
# name 11 = sbox0Mm/Kg: Oxygen, SBE 43 [umol/kg]
# name 12 = sbox1Mm/Kg: Oxygen, SBE 43, 2 [umol/kg]
# name 13 = oxsolMm/Kg: Oxygen Saturation, Garcia & Gordon [umol/kg]
# name 14 = sbeox0PS: Oxygen, SBE 43 [% saturation]
# name 15 = sbeox1PS: Oxygen, SBE 43, 2 [% saturation]
# name 16 = v0: Voltage 0
# name 17 = flECO-AFL: Fluorescence, WET Labs ECO-AFL/FL [mg/m^3]
# name 18 = v1: Voltage 1
# name 19 = CStarAt0: Beam Attenuation, WET Labs C-Star [1/m]
# name 20 = scan: Scan Count
# name 21 = timeM: Time, Elapsed [minutes]
# name 22 = flag:  0.000e+00
# span 0 =      1.229,      5.785                 
# span 1 =   62.63746,   62.63748                 
# span 2 = -165.70490, -165.70482                 
# span 3 =      1.241,      5.842                 
# span 4 =     3.0533,    13.0234                 
# span 5 =     3.0442,    13.0212                 
# span 6 =     3.0530,    13.0233                 
# span 7 =     3.2223,    27.9448                 
# span 8 =     3.2209,    27.9814                 
# span 9 =  1001.8824,  1022.2803                 
# span 10 =     1.8754,    22.2537                
# span 11 =    285.095,    348.236                
# span 12 =    279.432,    320.281                
# span 13 =  318.98102,  340.25973                
# span 14 =     88.883,    102.720                
# span 15 =     87.087,     94.468                
# span 16 =     0.1160,     0.3614                
# span 17 =     0.3480,     1.8205                
# span 18 =     0.0012,     2.6020                
# span 19 =     2.3764,    49.5425                
# span 20 =          1,       3288                
# span 21 =     0.0000,     2.2826                
# span 22 = 0.0000e+00, 0.0000e+00                
# interval = seconds: 0.0416667
# start_time = Jun 12 2023 01:40:04 [NMEA time, first data scan]
# bad_flag = -9.990e-29
*END*
[from data line 1260]
      3.626   62.63748 -165.70486      3.662     3.2551     3.3966     3.2549    27.4826    27.4069  1021.8884    21.8711    337.873    319.587  339.32627     99.572     94.461     0.1172     0.3553     2.4957     2.5432       1261     0.8750  0.000e+00
      3.542   62.63748 -165.70486      3.576     3.2584     3.3732     3.2582    27.4793    27.4244  1021.8851    21.8682    337.251    319.745  339.30676     99.394     94.465     0.1172     0.3553     2.4933     2.5472       1262     0.8757  0.000e+00
      3.626   62.63748 -165.70486      3.662     3.2617     3.3384     3.2615    27.4752    27.4516  1021.8820    21.8647    336.428    319.965  339.28953     99.156     94.468     0.1172     0.3553     2.4933     2.5472       1263     0.8764  0.000e+00
      3.572   62.63748 -165.70486      3.607     3.2647     3.3107     3.2645    27.4708    27.4737  1021.8781    21.8610    335.802    320.102  339.27546     98.976     94.459     0.1160     0.3480     2.4933     2.5472       1264     0.8771  0.000e+00
      3.626   62.63748 -165.70486      3.662     3.2671     3.2899     3.2670    27.4675    27.4899  1021.8755    21.8582    334.976    319.992  339.26326     98.736     94.389     0.1172     0.3553     2.4933     2.5472       1265     0.8778  0.000e+00
      3.572   62.63748 -165.70486      3.607     3.2693     3.2752     3.2691    27.4644    27.4981  1021.8726    21.8555    334.354    319.993  339.25331     98.556     94.361     0.1172     0.3553     2.4933     2.5472       1266     0.8785  0.000e+00
      3.572   62.63748 -165.70486      3.607     3.2706     3.2583     3.2704    27.4620    27.5109  1021.8706    21.8535    333.795    319.782  339.24825     98.393     94.268     0.1209     0.3773     2.4933     2.5472       1267     0.8792  0.000e+00
      3.626   62.63748 -165.70486      3.662     3.2729     3.2443     3.2727    27.4608    27.5203  1021.8697    21.8524    333.026    319.709  339.23188     98.171     94.220     0.1221     0.3846     2.4933     2.5472       1268     0.8799  0.000e+00
      3.572   62.63748 -165.70486      3.607     3.2767     3.2346     3.2765    27.4595    27.5277  1021.8681    21.8510    332.489    319.574  339.20340     98.020     94.163     0.1221     0.3846     2.4933     2.5472       1269     0.8806  0.000e+00
      3.626   62.63748 -165.70486      3.662     3.2817     3.2286     3.2816    27.4567    27.5302  1021.8658    21.8485    331.976    319.421  339.16770     97.879     94.106     0.1221     0.3846     2.4933     2.5472       1270     0.8812  0.000e+00
      3.572   62.63748 -165.70486      3.607     3.2871     3.2247     3.2869    27.4531    27.5321  1021.8623    21.8452    331.487    319.248  339.13190     97.746     94.047     0.1221     0.3846     2.4933     2.5472       1271     0.8819  0.000e+00
      3.572   62.63748 -165.70486      3.607     3.2904     3.2210     3.2902    27.4496    27.5331  1021.8592    21.8421    331.087    319.057  339.11308     97.633     93.983     0.1209     0.3773     2.4933     2.5472       1272     0.8826  0.000e+00
      3.626   62.63748 -165.70486      3.662     3.2921     3.2191     3.2919    27.4480    27.5336  1021.8581    21.8408    330.511    318.832  339.10265     97.466     93.912     0.1221     0.3846     2.4933     2.5472       1273     0.8833  0.000e+00
      3.626   62.63748 -165.70486      3.662     3.2909     3.2317     3.2907    27.4478    27.5247  1021.8580    21.8407    330.217    318.298  339.11361     97.377     93.778     0.1221     0.3846     2.4933     2.5472       1274     0.8840  0.000e+00
      3.572   62.63748 -165.70486      3.607     3.2885     3.2590     3.2883    27.4497    27.5041  1021.8594    21.8424    330.189    317.838  339.12904     97.364     93.692     0.1221     0.3846     2.4933     2.5472       1275     0.8847  0.000e+00
      3.603   62.63748 -165.70486      3.638     3.2827     3.2722     3.2825    27.4547    27.4939  1021.8640    21.8468    329.558    317.468  339.16528     97.167     93.606     0.1209     0.3773     2.4933     2.5472       1276     0.8854  0.000e+00
      3.572   62.63748 -165.70486      3.607     3.2816     3.2764     3.2814    27.4551    27.4909  1021.8643    21.8472    329.533    317.166  339.17305     97.158     93.525     0.1221     0.3846     2.4933     2.5472       1277     0.8861  0.000e+00
      3.626   62.63748 -165.70486      3.662     3.2846     3.2782     3.2844    27.4532    27.4894  1021.8628    21.8455    329.335    316.892  339.15273     97.105     93.447     0.1221     0.3846     2.5006     2.5354       1278     0.8868  0.000e+00
      3.572   62.63748 -165.70486      3.607     3.2862     3.2758     3.2860    27.4518    27.4902  1021.8613    21.8442    329.151    316.653  339.14302     97.054     93.371     0.1221     0.3846     2.5055     2.5276       1279     0.8875  0.000e+00
      3.626   62.63748 -165.70486      3.662     3.2849     3.2595     3.2847    27.4509    27.5028  1021.8609    21.8436    329.004    316.523  339.15608     97.007     93.304     0.1233     0.3919     2.5067     2.5257       1280     0.8882  0.000e+00
      3.572   62.63748 -165.70486      3.607     3.2806     3.2435     3.2804    27.4520    27.5140  1021.8619    21.8448    328.919    316.398  339.18912     96.972     93.238     0.1221     0.3846     2.5067     2.5257       1281     0.8889  0.000e+00
      3.626   62.63748 -165.70486      3.662     3.2763     3.2316     3.2761    27.4557    27.5212  1021.8654    21.8481    329.065    316.237  339.21667     97.007     93.168     0.1221     0.3846     2.5055     2.5276       1282     0.8896  0.000e+00
      3.572   62.63748 -165.70486      3.607     3.2748     3.2247     3.2746    27.4579    27.5254  1021.8670    21.8499    329.003    316.068  339.22361     96.987     93.106     0.1221     0.3846     2.5055     2.5276       1283     0.8903  0.000e+00
      3.626   62.63748 -165.70486      3.662     3.2789     3.2207     3.2787    27.4566    27.5274  1021.8659    21.8486    329.133    315.896  339.19222     97.034     93.047     0.1221     0.3846     2.5055     2.5276       1284     0.8910  0.000e+00
      3.572   62.63748 -165.70486      3.607     3.2877     3.2185     3.2875    27.4508    27.5283  1021.8604    21.8433    329.082    315.719  339.13283     97.036     92.990     0.1221     0.3846     2.5055     2.5276       1285     0.8917  0.000e+00
      3.572   62.63748 -165.70486      3.607     3.2855     3.2165     3.2854    27.4529    27.5294  1021.8622    21.8452    329.122    315.556  339.14543     97.044     92.938     0.1221     0.3846     2.5055     2.5276       1286     0.8924  0.000e+00
      3.626   62.63748 -165.70486      3.662     3.2864     3.2158     3.2863    27.4505    27.5301  1021.8605    21.8431    329.154    315.200  339.14414     97.054     92.832     0.1221     0.3846     2.5055     2.5276       1287     0.8931  0.000e+00
      3.572   62.63748 -165.70486      3.607     3.2808     3.2156     3.2806    27.4531    27.5303  1021.8627    21.8456    329.200    315.006  339.18511     97.056     92.775     0.1221     0.3846     2.5055     2.5276       1288     0.8938  0.000e+00
      3.626   62.63748 -165.70486      3.662     3.2762     3.2161     3.2760    27.4569    27.5296  1021.8664    21.8491    329.280    314.807  339.21390     97.072     92.717     0.1221     0.3846     2.5067     2.5257       1289     0.8944  0.000e+00
      3.603   62.63748 -165.70486      3.638     3.2748     3.2162     3.2746    27.4576    27.5279  1021.8669    21.8497    329.566    314.827  339.22397     97.153     92.722     0.1221     0.3846     2.5055     2.5276       1290     0.8951  0.000e+00
      3.572   62.63748 -165.70486      3.607     3.2675     3.2166     3.2673    27.4615    27.5266  1021.8704    21.8534    329.753    314.461  339.27553     97.193     92.614     0.1209     0.3773     2.5067     2.5257       1291     0.8958  0.000e+00
      3.572   62.63748 -165.70486      3.607     3.2627     3.2169     3.2625    27.4644    27.5253  1021.8731    21.8560    329.929    314.490  339.30905     97.236     92.623     0.1221     0.3846     2.5055     2.5276       1292     0.8965  0.000e+00
      3.626   62.63748 -165.70486      3.662     3.2545     3.2178     3.2543    27.4686    27.5252  1021.8773    21.8600    330.142    314.156  339.36731     97.282     92.526     0.1197     0.3699     2.5055     2.5276       1293     0.8972  0.000e+00
      3.626   62.63748 -165.70486      3.662     3.2448     3.2222     3.2446    27.4736    27.5216  1021.8820    21.8646    330.409    313.970  339.43656     97.340     92.479     0.1209     0.3773     2.5055     2.5276       1294     0.8979  0.000e+00
      3.572   62.63748 -165.70486      3.607     3.2377     3.2278     3.2375    27.4774    27.5183  1021.8852    21.8682    330.699    313.791  339.48683     97.411     92.437     0.1197     0.3699     2.5055     2.5276       1295     0.8986  0.000e+00
      3.572   62.63748 -165.70486      3.607     3.2357     3.2279     3.2355    27.4797    27.5185  1021.8873    21.8702    330.921    313.675  339.49794     97.474     92.403     0.1209     0.3773     2.5055     2.5276       1296     0.8993  0.000e+00
      3.626   62.63748 -165.70486      3.662     3.2457     3.2260     3.2455    27.4765    27.5194  1021.8842    21.8669    331.057    313.575  339.42136     97.536     92.370     0.1197     0.3699     2.5055     2.5276       1297     0.9000  0.000e+00
      3.572   62.63748 -165.70486      3.607     3.2637     3.2239     3.2636    27.4667    27.5218  1021.8748    21.8578    331.138    313.490  339.29418     97.596     92.342     0.1209     0.3773     2.5043     2.5296       1298     0.9007  0.000e+00
      3.626   62.63748 -165.70486      3.662     3.2735     3.2225     3.2734    27.4606    27.5217  1021.8695    21.8521    331.486    313.409  339.22712     97.718     92.315     0.1209     0.3773     2.5006     2.5354       1299     0.9014  0.000e+00
      3.572   62.63748 -165.70486      3.607     3.2772     3.2214     3.2770    27.4558    27.5222  1021.8652    21.8481    331.702    313.567  339.20867     97.787     92.359     0.1209     0.3773     2.5006     2.5354       1300     0.9021  0.000e+00
      3.626   62.63748 -165.70486      3.662     3.2699     3.2203     3.2697    27.4568    27.5220  1021.8668    21.8494    332.015    313.353  339.26733     97.862     92.293     0.1197     0.3699     2.5006     2.5354       1301     0.9028  0.000e+00
      3.626   62.63748 -165.70486      3.662     3.2554     3.2199     3.2552    27.4659    27.5207  1021.8751    21.8577    332.344    313.336  339.36704     97.930     92.286     0.1209     0.3773     2.5006     2.5354       1302     0.9035  0.000e+00
      3.626   62.63748 -165.70486      3.662     3.2448     3.2192     3.2446    27.4734    27.5204  1021.8818    21.8645    332.643    313.320  339.43712     97.999     92.280     0.1209     0.3773     2.5006     2.5354       1303     0.9042  0.000e+00
      3.603   62.63748 -165.70486      3.638     3.2425     3.2191     3.2423    27.4765    27.5189  1021.8844    21.8671    332.844    313.328  339.44889     98.054     92.281     0.1209     0.3773     2.5006     2.5354       1304     0.9049  0.000e+00
      3.626   62.63748 -165.70486      3.662     3.2480     3.2185     3.2478    27.4727    27.5193  1021.8810    21.8637    333.216    313.540  339.41221     98.174     92.342     0.1209     0.3773     2.5006     2.5354       1305     0.9056  0.000e+00
      3.626   62.63748 -165.70486      3.662     3.2553     3.2178     3.2551    27.4673    27.5191  1021.8762    21.8589    333.387    313.578  339.36423     98.239     92.352     0.1209     0.3773     2.5006     2.5354       1306     0.9063  0.000e+00
      3.626   62.63748 -165.70486      3.662     3.2599     3.2166     3.2598    27.4632    27.5191  1021.8726    21.8553    333.545    313.622  339.33509     98.294     92.362     0.1209     0.3773     2.5006     2.5354       1307     0.9069  0.000e+00
      3.626   62.63748 -165.70486      3.661     3.2628     3.2146     3.2626    27.4600    27.5204  1021.8698    21.8525    333.718    313.672  339.31964     98.349     92.373     0.1197     0.3699     2.5006     2.5354       1308     0.9076  0.000e+00
      3.626   62.63748 -165.70486      3.661     3.2623     3.2122     3.2621    27.4603    27.5193  1021.8701    21.8528    333.913    313.757  339.32274     98.406     92.392     0.1209     0.3773     2.5006     2.5354       1309     0.9083  0.000e+00
      3.626   62.63748 -165.70486      3.661     3.2629     3.2106     3.2628    27.4602    27.5197  1021.8700    21.8526    334.062    313.834  339.31769     98.451     92.411     0.1209     0.3773     2.5006     2.5354       1310     0.9090  0.000e+00
      3.680   62.63748 -165.70486      3.716     3.2639     3.2092     3.2637    27.4588    27.5204  1021.8690    21.8514    334.212    314.115  339.31324     98.496     92.491     0.1209     0.3773     2.5006     2.5354       1311     0.9097  0.000e+00
      3.626   62.63748 -165.70486      3.661     3.2592     3.2080     3.2590    27.4594    27.5205  1021.8696    21.8523    334.367    314.214  339.35125     98.531     92.517     0.1197     0.3699     2.5006     2.5354       1312     0.9104  0.000e+00
      3.626   62.63748 -165.70486      3.661     3.2458     3.2084     3.2456    27.4659    27.5200  1021.8758    21.8585    334.591    314.305  339.44814     98.569     92.545     0.1209     0.3773     2.5006     2.5354       1313     0.9111  0.000e+00
      3.680   62.63748 -165.70486      3.716     3.2341     3.2090     3.2339    27.4720    27.5202  1021.8817    21.8642    334.538    314.374  339.53138     98.529     92.566     0.1197     0.3699     2.5006     2.5354       1314     0.9118  0.000e+00
      3.680   62.63748 -165.70486      3.716     3.2262     3.2100     3.2261    27.4772    27.5193  1021.8865    21.8689    334.634    314.640  339.58427     98.542     92.647     0.1221     0.3846     2.5006     2.5354       1315     0.9125  0.000e+00
      3.626   62.63748 -165.70486      3.661     3.2219     3.2098     3.2217    27.4807    27.5195  1021.8893    21.8720    334.695    314.711  339.61180     98.552     92.667     0.1209     0.3773     2.5006     2.5354       1316     0.9132  0.000e+00
      3.680   62.63748 -165.70486      3.716     3.2220     3.2099     3.2218    27.4820    27.5189  1021.8906    21.8730    334.684    314.784  339.60813     98.550     92.689     0.1209     0.3773     2.5006     2.5354       1317     0.9139  0.000e+00
      3.711   62.63748 -165.70486      3.747     3.2235     3.2097     3.2233    27.4820    27.5178  1021.8906    21.8729    334.658    314.860  339.59506     98.546     92.710     0.1197     0.3699     2.5201     2.5043       1318     0.9146  0.000e+00
      3.680   62.63748 -165.70486      3.716     3.2248     3.2084     3.2246    27.4808    27.5181  1021.8895    21.8719    334.629    314.938  339.58718     98.540     92.730     0.1197     0.3699     2.5568     2.4465       1319     0.9153  0.000e+00
      3.680   62.63748 -165.70486      3.716     3.2242     3.2071     3.2240    27.4804    27.5172  1021.8892    21.8716    334.168    315.021  339.59374     98.402     92.750     0.1197     0.3699     2.5665     2.4313       1320     0.9160  0.000e+00
      3.742   62.63748 -165.70486      3.778     3.2219     3.2059     3.2217    27.4795    27.5171  1021.8889    21.8710    334.546    315.101  339.61495     98.508     92.771     0.1197     0.3699     2.5665     2.4313       1321     0.9167  0.000e+00
      3.742   62.63748 -165.70486      3.778     3.2168     3.2049     3.2166    27.4803    27.5200  1021.8899    21.8721    334.528    315.169  339.65625     98.490     92.791     0.1184     0.3626     2.5641     2.4351       1322     0.9174  0.000e+00
