merge_samples_with_btl/SKQ202309T/ctd/skq202309t_007svp.cnv
* Sea-Bird SBE 9 Data File:
* FileName = D:\CTD\SKQ202309T\SKQ202309T_007.hex
* Software Version Seasave V 7.26.7.121
* Temperature SN = 6177
* Conductivity SN = 0369
* Number of Bytes Per Scan = 38
* Number of Voltage Words = 3
* Number of Scans Averaged by the Deck Unit = 1
* NMEA Latitude = 64 14.62 N
* NMEA Longitude = 165 32.56 W
* NMEA UTC (Time) = Jun 12 2023  15:23:52
* NMEA baud rate = 4800
** Ship: R/V Sikuliaq
** Station Number: 007
** Station Name: 011
** Bottom Depth: 19
** Operator: Steve Dykstra
# nquan = 7
# nvalues = 4666                                  
# units = specified
# name 0 = depSM: Depth [salt water, m]
# name 1 = latitude: Latitude [deg]
# name 2 = longitude: Longitude [deg]
# name 3 = t090C: Temperature [ITS-90, deg C]
# name 4 = sal00: Salinity, Practical [PSU]
# name 5 = svCM: Sound Velocity [Chen-Millero, m/s]
# name 6 = flag:  0.000e+00
# span 0 =      1.331,     13.983                 
# span 1 =   64.24362,   64.24366                 
# span 2 = -165.54258, -165.54254                 
# span 3 =     1.5460,     8.0700                 
# span 4 =    18.1737,    28.9193                 
# span 5 =    1447.21,    1462.00                 
# span 6 = 0.0000e+00, 0.0000e+00                 
# interval = seconds: 0.0416667
# start_time = Jun 12 2023 15:28:02 [NMEA time, first data scan]
# bad_flag = -9.990e-29
*END*
[from data line 3283]
     13.868   64.24364 -165.54254     1.5656    28.9159    1448.40  0.000e+00
     13.868   64.24364 -165.54254     1.5646    28.9167    1448.40  0.000e+00
     13.899   64.24364 -165.54254     1.5656    28.9170    1448.41  0.000e+00
     13.930   64.24364 -165.54254     1.5709    28.9155    1448.43  0.000e+00
     13.814   64.24364 -165.54254     1.5757    28.9142    1448.45  0.000e+00
     13.899   64.24364 -165.54254     1.5796    28.9128    1448.46  0.000e+00
     13.868   64.24364 -165.54254     1.5816    28.9109    1448.47  0.000e+00
     13.930   64.24364 -165.54254     1.5796    28.9118    1448.46  0.000e+00
     13.868   64.24364 -165.54254     1.5820    28.9118    1448.47  0.000e+00
     13.899   64.24364 -165.54254     1.5851    28.9112    1448.49  0.000e+00
     13.868   64.24364 -165.54254     1.5863    28.9100    1448.49  0.000e+00
     13.868   64.24364 -165.54254     1.5872    28.9094    1448.49  0.000e+00
     13.837   64.24364 -165.54254     1.5875    28.9094    1448.49  0.000e+00
     13.930   64.24364 -165.54254     1.5882    28.9091    1448.50  0.000e+00
     13.868   64.24364 -165.54254     1.5891    28.9087    1448.50  0.000e+00
     13.868   64.24364 -165.54254     1.5900    28.9087    1448.50  0.000e+00
     13.899   64.24364 -165.54254     1.5905    28.9087    1448.51  0.000e+00
     13.868   64.24364 -165.54254     1.5907    28.9077    1448.51  0.000e+00
     13.868   64.24364 -165.54254     1.5902    28.9078    1448.50  0.000e+00
     13.930   64.24364 -165.54254     1.5891    28.9085    1448.50  0.000e+00
     13.838   64.24364 -165.54254     1.5888    28.9091    1448.50  0.000e+00
     13.868   64.24364 -165.54254     1.5893    28.9091    1448.50  0.000e+00
     13.930   64.24364 -165.54254     1.5895    28.9089    1448.50  0.000e+00
     13.838   64.24364 -165.54254     1.5878    28.9096    1448.50  0.000e+00
     13.868   64.24364 -165.54254     1.5865    28.9103    1448.49  0.000e+00
     13.930   64.24364 -165.54254     1.5863    28.9102    1448.49  0.000e+00
     13.814   64.24364 -165.54254     1.5863    28.9101    1448.49  0.000e+00
     13.953   64.24364 -165.54254     1.5863    28.9100    1448.49  0.000e+00
     13.868   64.24364 -165.54254     1.5867    28.9093    1448.49  0.000e+00
     13.868   64.24364 -165.54254     1.5866    28.9091    1448.49  0.000e+00
     13.838   64.24364 -165.54254     1.5858    28.9091    1448.49  0.000e+00
     13.930   64.24364 -165.54254     1.5852    28.9087    1448.48  0.000e+00
     13.868   64.24364 -165.54254     1.5849    28.9087    1448.48  0.000e+00
     13.868   64.24364 -165.54254     1.5847    28.9097    1448.48  0.000e+00
     13.899   64.24364 -165.54254     1.5855    28.9098    1448.49  0.000e+00
     13.868   64.24364 -165.54254     1.5859    28.9098    1448.49  0.000e+00
     13.868   64.24364 -165.54254     1.5858    28.9091    1448.49  0.000e+00
     13.930   64.24364 -165.54254     1.5846    28.9093    1448.48  0.000e+00
     13.838   64.24364 -165.54254     1.5836    28.9099    1448.48  0.000e+00
     13.930   64.24364 -165.54254     1.5838    28.9100    1448.48  0.000e+00
     13.868   64.24364 -165.54254     1.5846    28.9097    1448.48  0.000e+00
     13.899   64.24364 -165.54254     1.5853    28.9103    1448.49  0.000e+00
     13.868   64.24364 -165.54254     1.5874    28.9104    1448.49  0.000e+00
     13.930   64.24364 -165.54254     1.5891    28.9098    1448.50  0.000e+00
     13.868   64.24364 -165.54254     1.5906    28.9096    1448.51  0.000e+00
     13.838   64.24364 -165.54254     1.5918    28.9092    1448.51  0.000e+00
     13.930   64.24364 -165.54254     1.5922    28.9087    1448.52  0.000e+00
     13.868   64.24364 -165.54254     1.5922    28.9081    1448.51  0.000e+00
     13.899   64.24364 -165.54254     1.5919    28.9080    1448.51  0.000e+00
     13.868   64.24364 -165.54254     1.5912    28.9086    1448.51  0.000e+00
     13.930   64.24364 -165.54254     1.5910    28.9084    1448.51  0.000e+00
     13.869   64.24364 -165.54254     1.5910    28.9083    1448.51  0.000e+00
     13.899   64.24364 -165.54254     1.5921    28.9092    1448.51  0.000e+00
     13.869   64.24364 -165.54254     1.5949    28.9100    1448.53  0.000e+00
     13.869   64.24364 -165.54254     1.5972    28.9085    1448.54  0.000e+00
     13.869   64.24364 -165.54254     1.5992    28.9071    1448.54  0.000e+00
     13.899   64.24364 -165.54254     1.5996    28.9058    1448.54  0.000e+00
     13.930   64.24364 -165.54254     1.5981    28.9060    1448.54  0.000e+00
     13.869   64.24364 -165.54254     1.5974    28.9060    1448.53  0.000e+00
     13.838   64.24364 -165.54254     1.5955    28.9069    1448.53  0.000e+00
     13.869   64.24364 -165.54254     1.5950    28.9069    1448.52  0.000e+00
     13.930   64.24364 -165.54254     1.5949    28.9070    1448.52  0.000e+00
     13.869   64.24364 -165.54254     1.5947    28.9072    1448.52  0.000e+00
     13.899   64.24364 -165.54254     1.5945    28.9073    1448.52  0.000e+00
     13.869   64.24364 -165.54254     1.5944    28.9074    1448.52  0.000e+00
     13.869   64.24364 -165.54254     1.5946    28.9079    1448.52  0.000e+00
     13.930   64.24364 -165.54254     1.5953    28.9075    1448.53  0.000e+00
     13.838   64.24364 -165.54254     1.5964    28.9070    1448.53  0.000e+00
     13.869   64.24364 -165.54254     1.5957    28.9073    1448.53  0.000e+00
     13.930   64.24364 -165.54254     1.5950    28.9072    1448.53  0.000e+00
     13.838   64.24364 -165.54254     1.5938    28.9079    1448.52  0.000e+00
     13.869   64.24364 -165.54254     1.5935    28.9070    1448.52  0.000e+00
     13.930   64.24364 -165.54254     1.5924    28.9064    1448.51  0.000e+00
     13.815   64.24364 -165.54254     1.5903    28.9073    1448.50  0.000e+00
     13.900   64.24364 -165.54254     1.5883    28.9074    1448.50  0.000e+00
     13.869   64.24364 -165.54254     1.5855    28.9077    1448.48  0.000e+00
     13.930   64.24364 -165.54254     1.5836    28.9073    1448.47  0.000e+00
     13.838   64.24364 -165.54254     1.5811    28.9082    1448.46  0.000e+00
     13.869   64.24364 -165.54254     1.5788    28.9090    1448.45  0.000e+00
     13.869   64.24364 -165.54254     1.5769    28.9110    1448.45  0.000e+00
     13.869   64.24364 -165.54254     1.5766    28.9115    1448.45  0.000e+00
     13.900   64.24364 -165.54254     1.5761    28.9123    1448.45  0.000e+00
     13.869   64.24364 -165.54254     1.5766    28.9127    1448.45  0.000e+00
     13.869   64.24364 -165.54254     1.5772    28.9130    1448.45  0.000e+00
     13.869   64.24364 -165.54254     1.5779    28.9125    1448.45  0.000e+00
     13.900   64.24364 -165.54254     1.5783    28.9123    1448.46  0.000e+00
     13.815   64.24364 -165.54254     1.5788    28.9122    1448.46  0.000e+00
     13.930   64.24364 -165.54254     1.5792    28.9120    1448.46  0.000e+00
     13.838   64.24364 -165.54254     1.5792    28.9112    1448.46  0.000e+00
     13.869   64.24364 -165.54254     1.5786    28.9108    1448.46  0.000e+00
     13.869   64.24364 -165.54254     1.5780    28.9115    1448.45  0.000e+00
     13.869   64.24364 -165.54254     1.5775    28.9113    1448.45  0.000e+00
     13.900   64.24364 -165.54254     1.5772    28.9114    1448.45  0.000e+00
     13.815   64.24364 -165.54254     1.5761    28.9123    1448.45  0.000e+00
     13.931   64.24364 -165.54254     1.5756    28.9124    1448.45  0.000e+00
     13.838   64.24364 -165.54254     1.5760    28.9124    1448.45  0.000e+00
     13.869   64.24364 -165.54254     1.5757    28.9116    1448.44  0.000e+00
     13.869   64.24364 -165.54254     1.5752    28.9108    1448.44  0.000e+00
     13.869   64.24364 -165.54254     1.5739    28.9109    1448.43  0.000e+00
     13.838   64.24364 -165.54254     1.5727    28.9117    1448.43  0.000e+00
     13.869   64.24364 -165.54254     1.5727    28.9122    1448.43  0.000e+00
     13.931   64.24364 -165.54254     1.5722    28.9125    1448.43  0.000e+00
     13.815   64.24364 -165.54254     1.5717    28.9127    1448.43  0.000e+00
     13.900   64.24364 -165.54254     1.5710    28.9136    1448.43  0.000e+00
     13.869   64.24364 -165.54254     1.5711    28.9140    1448.43  0.000e+00
     13.869   64.24364 -165.54254     1.5719    28.9136    1448.43  0.000e+00
     13.838   64.24364 -165.54254     1.5737    28.9129    1448.44  0.000e+00
     13.869   64.24364 -165.54254     1.5743    28.9130    1448.44  0.000e+00
     13.869   64.24364 -165.54254     1.5749    28.9121    1448.44  0.000e+00
     13.869   64.24364 -165.54254     1.5754    28.9119    1448.44  0.000e+00
     13.838   64.24364 -165.54254     1.5760    28.9116    1448.44  0.000e+00
     13.869   64.24364 -165.54254     1.5769    28.9109    1448.45  0.000e+00
     13.869   64.24364 -165.54254     1.5761    28.9116    1448.45  0.000e+00
     13.815   64.24364 -165.54254     1.5748    28.9119    1448.44  0.000e+00
     13.900   64.24364 -165.54254     1.5740    28.9130    1448.44  0.000e+00
     13.869   64.24364 -165.54254     1.5744    28.9133    1448.44  0.000e+00
     13.869   64.24364 -165.54254     1.5752    28.9122    1448.44  0.000e+00
     13.838   64.24364 -165.54254     1.5752    28.9120    1448.44  0.000e+00
     13.869   64.24364 -165.54254     1.5760    28.9121    1448.45  0.000e+00
     13.869   64.24364 -165.54254     1.5763    28.9121    1448.45  0.000e+00
     13.869   64.24364 -165.54254     1.5765    28.9119    1448.45  0.000e+00
     13.838   64.24364 -165.54254     1.5760    28.9113    1448.44  0.000e+00
     13.869   64.24364 -165.54254     1.5749    28.9114    1448.44  0.000e+00
     13.869   64.24364 -165.54254     1.5741    28.9118    1448.44  0.000e+00
     13.838   64.24364 -165.54254     1.5743    28.9122    1448.44  0.000e+00
     13.869   64.24364 -165.54254     1.5750    28.9120    1448.44  0.000e+00
     13.869   64.24364 -165.54254     1.5751    28.9118    1448.44  0.000e+00
     13.815   64.24364 -165.54254     1.5754    28.9119    1448.44  0.000e+00
     13.838   64.24364 -165.54254     1.5754    28.9118    1448.44  0.000e+00
     13.869   64.24364 -165.54254     1.5759    28.9117    1448.44  0.000e+00
     13.869   64.24364 -165.54254     1.5760    28.9117    1448.45  0.000e+00
     13.869   64.24364 -165.54254     1.5759    28.9115    1448.44  0.000e+00
     13.838   64.24364 -165.54254     1.5757    28.9122    1448.44  0.000e+00
     13.869   64.24364 -165.54254     1.5755    28.9138    1448.45  0.000e+00
     13.815   64.24364 -165.54254     1.5785    28.9146    1448.46  0.000e+00
     13.838   64.24364 -165.54254     1.5820    28.9136    1448.47  0.000e+00
     13.869   64.24364 -165.54254     1.5838    28.9122    1448.48  0.000e+00
     13.815   64.24364 -165.54254     1.5833    28.9108    1448.48  0.000e+00
     13.869   64.24364 -165.54254     1.5820    28.9100    1448.47  0.000e+00
     13.900   64.24364 -165.54254     1.5822    28.9096    1448.47  0.000e+00
     13.815   64.24364 -165.54254     1.5853    28.9095    1448.48  0.000e+00
     13.869   64.24364 -165.54254     1.5904    28.9094    1448.51  0.000e+00
     13.838   64.24364 -165.54254     1.5944    28.9081    1448.52  0.000e+00
     13.815   64.24364 -165.54254     1.5956    28.9059    1448.52  0.000e+00
     13.869   64.24364 -165.54254     1.5928    28.9039    1448.51  0.000e+00
     13.869   64.24364 -165.54254     1.5868    28.9042    1448.48  0.000e+00
     13.838   64.24364 -165.54254     1.5825    28.9060    1448.47  0.000e+00
     13.815   64.24364 -165.54254     1.5803    28.9082    1448.46  0.000e+00
     13.869   64.24364 -165.54254     1.5801    28.9099    1448.46  0.000e+00
     13.815   64.24364 -165.54254     1.5805    28.9113    1448.46  0.000e+00
     13.900   64.24364 -165.54254     1.5811    28.9113    1448.47  0.000e+00
     13.815   64.24364 -165.54254     1.5811    28.9115    1448.47  0.000e+00
     13.869   64.24364 -165.54254     1.5811    28.9114    1448.47  0.000e+00
     13.838   64.24364 -165.54254     1.5825    28.9115    1448.47  0.000e+00
     13.869   64.24364 -165.54254     1.5842    28.9113    1448.48  0.000e+00
     13.815   64.24364 -165.54254     1.5863    28.9108    1448.49  0.000e+00
     13.815   64.24364 -165.54254     1.5884    28.9095    1448.50  0.000e+00
     13.900   64.24364 -165.54254     1.5899    28.9088    1448.50  0.000e+00
     13.815   64.24364 -165.54254     1.5905    28.9089    1448.51  0.000e+00
     13.815   64.24364 -165.54254     1.5912    28.9082    1448.51  0.000e+00
     13.931   64.24364 -165.54254     1.5913    28.9080    1448.51  0.000e+00
     13.784   64.24364 -165.54254     1.5914    28.9083    1448.51  0.000e+00
     13.869   64.24364 -165.54254     1.5910    28.9088    1448.51  0.000e+00
     13.815   64.24364 -165.54254     1.5914    28.9080    1448.51  0.000e+00
     13.900   64.24364 -165.54254     1.5916    28.9079    1448.51  0.000e+00
     13.815   64.24364 -165.54254     1.5917    28.9075    1448.51  0.000e+00
     13.815   64.24364 -165.54254     1.5908    28.9077    1448.51  0.000e+00
     13.869   64.24364 -165.54254     1.5902    28.9080    1448.50  0.000e+00
     13.839   64.24364 -165.54254     1.5899    28.9085    1448.50  0.000e+00
     13.869   64.24364 -165.54254     1.5901    28.9085    1448.50  0.000e+00
     13.869   64.24364 -165.54254     1.5913    28.9083    1448.51  0.000e+00
     13.785   64.24364 -165.54254     1.5917    28.9079    1448.51  0.000e+00
     13.869   64.24364 -165.54254     1.5917    28.9079    1448.51  0.000e+00
     13.869   64.24364 -165.54254     1.5910    28.9066    1448.51  0.000e+00
     13.815   64.24364 -165.54254     1.5894    28.9067    1448.50  0.000e+00
     13.839   64.24364 -165.54254     1.5881    28.9076    1448.49  0.000e+00
     13.869   64.24364 -165.54254     1.5882    28.9084    1448.50  0.000e+00
     13.815   64.24364 -165.54254     1.5880    28.9094    1448.50  0.000e+00
     13.815   64.24364 -165.54254     1.5878    28.9089    1448.49  0.000e+00
     13.900   64.24364 -165.54254     1.5876    28.9091    1448.49  0.000e+00
     13.869   64.24364 -165.54254     1.5880    28.9100    1448.50  0.000e+00
     13.815   64.24364 -165.54254     1.5894    28.9098    1448.50  0.000e+00
     13.839   64.24364 -165.54254     1.5907    28.9095    1448.51  0.000e+00
     13.869   64.24364 -165.54254     1.5914    28.9086    1448.51  0.000e+00
     13.816   64.24364 -165.54254     1.5906    28.9084    1448.51  0.000e+00
     13.816   64.24364 -165.54254     1.5902    28.9083    1448.50  0.000e+00
     13.900   64.24364 -165.54254     1.5898    28.9083    1448.50  0.000e+00
     13.816   64.24364 -165.54254     1.5897    28.9082    1448.50  0.000e+00
     13.816   64.24364 -165.54254     1.5902    28.9082    1448.50  0.000e+00
     13.815   64.24364 -165.54254     1.5907    28.9085    1448.51  0.000e+00
     13.900   64.24364 -165.54254     1.5913    28.9084    1448.51  0.000e+00
     13.870   64.24364 -165.54254     1.5917    28.9081    1448.51  0.000e+00
     13.816   64.24364 -165.54254     1.5915    28.9083    1448.51  0.000e+00
     13.839   64.24364 -165.54254     1.5913    28.9079    1448.51  0.000e+00
     13.816   64.24364 -165.54254     1.5911    28.9083    1448.51  0.000e+00
     13.870   64.24364 -165.54254     1.5913    28.9085    1448.51  0.000e+00
     13.870   64.24364 -165.54254     1.5915    28.9079    1448.51  0.000e+00
     13.839   64.24364 -165.54254     1.5911    28.9077    1448.51  0.000e+00
     13.870   64.24364 -165.54254     1.5906    28.9079    1448.51  0.000e+00
     13.816   64.24364 -165.54254     1.5907    28.9088    1448.51  0.000e+00
     13.785   64.24364 -165.54254     1.5914    28.9092    1448.51  0.000e+00
     13.870   64.24364 -165.54254     1.5933    28.9088    1448.52  0.000e+00
     13.870   64.24364 -165.54254     1.5947    28.9079    1448.52  0.000e+00
     13.816   64.24364 -165.54254     1.5949    28.9074    1448.52  0.000e+00
