merge_samples_with_btl/SKQ202309T/ctd/skq202309t_decktest.cnv
* Sea-Bird SBE 9 Data File:
* FileName = D:\CTD\SKQ202309T\SKQ202309T_decktest.hex
* Software Version Seasave V 7.26.7.121
* Temperature SN = 6177
* Conductivity SN = 0369
* Number of Bytes Per Scan = 41
* Number of Voltage Words = 4
* Number of Scans Averaged by the Deck Unit = 1
* NMEA Latitude = 59 27.85 N
* NMEA Longitude = 146 25.62 W
* NMEA UTC (Time) = May 26 2023  22:41:26
* NMEA baud rate = 4800
** Ship: R/V Sikuliaq
** Station Number:
** Station Name:
** Bottom Depth:
** Operator:
** Deck Test
# nquan = 24
# nvalues = 4677                                  
# units = specified
# name 0 = depSM: Depth [salt water, m]
# name 1 = latitude: Latitude [deg]
# name 2 = longitude: Longitude [deg]
# name 3 = prDM: Pressure, Digiquartz [db]
# name 4 = t090C: Temperature [ITS-90, deg C]
# name 5 = t190C: Temperature, 2 [ITS-90, deg C]
# name 6 = potemp090C: Potential Temperature [ITS-90, deg C]
# name 7 = sal00: Salinity, Practical [PSU]
# name 8 = sal11: Salinity, Practical, 2 [PSU]
# name 9 = density00: Density [density, kg/m^3]
# name 10 = sigma-é00: Density [sigma-theta, kg/m^3]
# name 11 = sbox0Mm/Kg: Oxygen, SBE 43 [umol/kg]
# name 12 = sbox1Mm/Kg: Oxygen, SBE 43, 2 [umol/kg]
# name 13 = oxsolMm/Kg: Oxygen Saturation, Garcia & Gordon [umol/kg]
# name 14 = sbeox0PS: Oxygen, SBE 43 [% saturation]
# name 15 = sbeox1PS: Oxygen, SBE 43, 2 [% saturation]
# name 16 = v0: Voltage 0
# name 17 = flECO-AFL: Fluorescence, WET Labs ECO-AFL/FL [mg/m^3]
# name 18 = v1: Voltage 1
# name 19 = CStarAt0: Beam Attenuation, WET Labs C-Star [1/m]
# name 20 = par: PAR/Irradiance, Biospherical/Licor
# name 21 = scan: Scan Count
# name 22 = timeM: Time, Elapsed [minutes]
# name 23 = flag:  0.000e+00
# span 0 =      0.828,      1.091                 
# span 1 =   59.46438,   59.46448                 
# span 2 = -146.42632, -146.42582                 
# span 3 =      0.835,      1.102                 
# span 4 =    14.1898,    14.5287                 
# span 5 =    14.3208,    14.5808                 
# span 6 =    14.1897,    14.5286                 
# span 7 =     0.0132,     0.0138                 
# span 8 =     0.0000,     0.0628                 
# span 9 =   999.1857,   999.2351                 
# span 10 =    -0.8186,    -0.7700                
# span 11 =    102.284,    203.684                
# span 12 =    -32.088,    210.147                
# span 13 =  318.60328,  320.95276                
# span 14 =     31.954,     63.584                
# span 15 =    -10.037,     65.759                
# span 16 =     0.0000,     5.0000                
# span 17 =    -0.3600,    29.6400                
# span 18 =     0.0000,     4.3663                
# span 19 =     0.2858,    55.2620                
# span 20 = 1.0000e-12, 1.2795e+03                
# span 21 =          1,       4677                
# span 22 =     0.0000,     3.2472                
# span 23 = 0.0000e+00, 0.0000e+00                
# interval = seconds: 0.0416667
# start_time = May 26 2023 22:47:21 [NMEA time, first data scan]
# bad_flag = -9.990e-29
*END*
[from data line 604]
      0.976   59.46440 -146.42624      0.985    14.4544    14.5337    14.4543     0.0137     0.0128   999.1968    -0.8077    158.285    144.027  319.11586     49.601     45.210     0.0574    -0.0157     4.3541     0.2970 1.0000e-12        605     0.4194  0.000e+00
      0.976   59.46440 -146.42624      0.985    14.4545    14.5335    14.4544     0.0137     0.0131   999.1968    -0.8078    158.288    144.022  319.11459     49.602     45.209     0.0562    -0.0230     4.3553     0.2959 8.4714e-06        606     0.4201  0.000e+00
      0.860   59.46440 -146.42624      0.868    14.4544    14.5335    14.4543     0.0137     0.0133   999.1963    -0.8078    158.249    144.016  319.11558     49.590     45.207     0.0574    -0.0157     4.3541     0.2970 8.4714e-06        607     0.4208  0.000e+00
      1.068   59.46440 -146.42624      1.078    14.4545    14.5335    14.4544     0.0137     0.0133   999.1972    -0.8078    158.426    144.029  319.11469     49.645     45.211     0.0574    -0.0157     4.3541     0.2970 1.0000e-12        608     0.4215  0.000e+00
      0.976   59.46440 -146.42624      0.985    14.4546    14.5332    14.4545     0.0137     0.0128   999.1968    -0.8078    158.232    144.039  319.11434     49.585     45.214     0.0574    -0.0157     4.3541     0.2970 1.0000e-12        609     0.4222  0.000e+00
      0.976   59.46440 -146.42624      0.985    14.4547    14.5334    14.4546     0.0136     0.0128   999.1968    -0.8078    158.211    144.050  319.11379     49.578     45.217     0.0562    -0.0230     4.3541     0.2970 1.0000e-12        610     0.4229  0.000e+00
      0.976   59.46440 -146.42624      0.985    14.4548    14.5333    14.4547     0.0137     0.0134   999.1968    -0.8078    158.208    144.049  319.11251     49.578     45.217     0.0574    -0.0157     4.3553     0.2959 1.0000e-12        611     0.4236  0.000e+00
      0.914   59.46440 -146.42624      0.922    14.4546    14.5329    14.4545     0.0136     0.0135   999.1965    -0.8078    158.206    144.049  319.11440     49.577     45.217     0.0574    -0.0157     4.3541     0.2970 8.4714e-06        612     0.4243  0.000e+00
      0.976   59.46440 -146.42624      0.985    14.4547    14.5331    14.4546     0.0137     0.0130   999.1968    -0.8078    158.397    144.051  319.11372     49.637     45.217     0.0598    -0.0010     4.3541     0.2970 8.4714e-06        613     0.4250  0.000e+00
      0.976   59.46440 -146.42624      0.985    14.4547    14.5329    14.4546     0.0137     0.0127   999.1968    -0.8078    158.414    144.066  319.11370     49.642     45.222     0.0611     0.0063     4.3541     0.2970 1.0000e-12        614     0.4257  0.000e+00
      0.976   59.46440 -146.42624      0.985    14.4546    14.5327    14.4545     0.0136     0.0133   999.1968    -0.8078    158.239    144.081  319.11440     49.587     45.226     0.0611     0.0063     4.3541     0.2970 1.0000e-12        615     0.4264  0.000e+00
      0.914   59.46440 -146.42624      0.922    14.4547    14.5327    14.4546     0.0136     0.0133   999.1965    -0.8078    158.234    144.096  319.11379     49.586     45.231     0.0611     0.0063     4.3541     0.2970 1.0000e-12        616     0.4271  0.000e+00
      0.976   59.46440 -146.42624      0.985    14.4547    14.5328    14.4546     0.0137     0.0129   999.1968    -0.8078    158.232    144.101  319.11370     49.585     45.233     0.0611     0.0063     4.3541     0.2970 1.0000e-12        617     0.4278  0.000e+00
      0.976   59.46440 -146.42624      0.985    14.4544    14.5326    14.4543     0.0137     0.0126   999.1968    -0.8078    158.230    144.107  319.11560     49.584     45.234     0.0611     0.0063     4.3541     0.2970 1.0000e-12        618     0.4285  0.000e+00
      0.976   59.46440 -146.42624      0.985    14.4547    14.5326    14.4546     0.0137     0.0132   999.1968    -0.8078    158.417    144.112  319.11374     49.643     45.236     0.0611     0.0063     4.3541     0.2970 8.4714e-06        619     0.4292  0.000e+00
      0.976   59.46440 -146.42624      0.985    14.4545    14.5326    14.4544     0.0137     0.0133   999.1968    -0.8078    158.433    144.117  319.11466     49.648     45.238     0.0611     0.0063     4.3541     0.2970 8.4714e-06        620     0.4299  0.000e+00
      0.976   59.46440 -146.42624      0.985    14.4542    14.5323    14.4541     0.0137     0.0129   999.1969    -0.8077    158.257    144.125  319.11683     49.592     45.240     0.0611     0.0063     4.3541     0.2970 1.0000e-12        621     0.4306  0.000e+00
      0.914   59.46440 -146.42624      0.922    14.4544    14.5324    14.4543     0.0136     0.0127   999.1965    -0.8078    158.251    144.130  319.11595     49.590     45.241     0.0598    -0.0010     4.3541     0.2970 1.0000e-12        622     0.4313  0.000e+00
      0.976   59.46440 -146.42624      0.985    14.4544    14.5320    14.4543     0.0136     0.0135   999.1968    -0.8078    158.267    144.126  319.11563     49.595     45.240     0.0611     0.0063     4.3541     0.2970 1.0000e-12        623     0.4319  0.000e+00
      0.976   59.46440 -146.42624      0.985    14.4542    14.5323    14.4541     0.0136     0.0136   999.1968    -0.8078    158.455    144.119  319.11721     49.654     45.238     0.0611     0.0063     4.3541     0.2970 8.4714e-06        624     0.4326  0.000e+00
      0.976   59.46440 -146.42624      0.985    14.4542    14.5320    14.4541     0.0137     0.0131   999.1968    -0.8077    158.470    144.128  319.11717     49.659     45.241     0.0611     0.0063     4.3541     0.2970 8.4714e-06        625     0.4333  0.000e+00
      0.976   59.46440 -146.42624      0.985    14.4540    14.5322    14.4539     0.0137     0.0126   999.1969    -0.8077    158.675    144.136  319.11808     49.723     45.243     0.0611     0.0063     4.3541     0.2970 1.0000e-12        626     0.4340  0.000e+00
      0.976   59.46440 -146.42624      0.985    14.4540    14.5319    14.4539     0.0137     0.0134   999.1969    -0.8077    158.515    144.131  319.11839     49.673     45.242     0.0611     0.0063     4.3541     0.2970 1.0000e-12        627     0.4347  0.000e+00
      0.976   59.46440 -146.42624      0.985    14.4539    14.5320    14.4538     0.0137     0.0133   999.1969    -0.8077    158.527    144.139  319.11934     49.676     45.244     0.0611     0.0063     4.3541     0.2970 8.4714e-06        628     0.4354  0.000e+00
      0.914   59.46440 -146.42624      0.922    14.4537    14.5319    14.4536     0.0137     0.0129   999.1966    -0.8077    158.537    144.148  319.12024     49.679     45.247     0.0611     0.0063     4.3541     0.2970 1.0000e-12        629     0.4361  0.000e+00
      0.976   59.46440 -146.42624      0.985    14.4537    14.5319    14.4536     0.0137     0.0129   999.1969    -0.8077    158.548    144.158  319.12056     49.683     45.250     0.0598    -0.0010     4.3541     0.2970 1.0000e-12        630     0.4368  0.000e+00
      0.976   59.46440 -146.42624      0.985    14.4535    14.5319    14.4534     0.0137     0.0132   999.1970    -0.8076    158.557    144.155  319.12180     49.685     45.249     0.0611     0.0063     4.3541     0.2970 8.4714e-06        631     0.4375  0.000e+00
      0.976   59.46440 -146.42624      0.985    14.4532    14.5316    14.4531     0.0137     0.0133   999.1970    -0.8076    158.566    144.153  319.12364     49.688     45.248     0.0611     0.0063     4.3541     0.2970 8.4714e-06        632     0.4382  0.000e+00
      0.976   59.46440 -146.42624      0.985    14.4533    14.5317    14.4532     0.0137     0.0127   999.1970    -0.8076    158.573    144.150  319.12307     49.690     45.247     0.0611     0.0063     4.3541     0.2970 1.0000e-12        633     0.4389  0.000e+00
      0.976   59.46440 -146.42624      0.985    14.4530    14.5316    14.4529     0.0137     0.0128   999.1970    -0.8076    158.389    144.160  319.12518     49.632     45.250     0.0611     0.0063     4.3541     0.2970 1.0000e-12        634     0.4396  0.000e+00
      0.976   59.46440 -146.42624      0.985    14.4532    14.5317    14.4531     0.0137     0.0133   999.1970    -0.8076    158.567    144.156  319.12365     49.688     45.249     0.0611     0.0063     4.3541     0.2970 1.0000e-12        635     0.4403  0.000e+00
      0.914   59.46440 -146.42624      0.922    14.4528    14.5316    14.4527     0.0137     0.0134   999.1968    -0.8076    158.573    144.166  319.12648     49.690     45.252     0.0598    -0.0010     4.3541     0.2970 8.4714e-06        636     0.4410  0.000e+00
      0.976   59.46440 -146.42624      0.985    14.4529    14.5314    14.4528     0.0137     0.0130   999.1970    -0.8076    158.579    143.990  319.12616     49.692     45.197     0.0611     0.0063     4.3541     0.2970 1.0000e-12        637     0.4417  0.000e+00
      0.976   59.46440 -146.42624      0.985    14.4526    14.5316    14.4525     0.0137     0.0129   999.1971    -0.8075    158.392    144.164  319.12770     49.633     45.251     0.0598    -0.0010     4.3541     0.2970 1.0000e-12        638     0.4424  0.000e+00
      0.976   59.46440 -146.42624      0.985    14.4525    14.5312    14.4524     0.0137     0.0132   999.1971    -0.8075    158.569    144.164  319.12862     49.688     45.251     0.0586    -0.0084     4.3541     0.2970 8.4714e-06        639     0.4431  0.000e+00
      0.976   59.46440 -146.42624      0.985    14.4522    14.5316    14.4521     0.0137     0.0132   999.1971    -0.8075    158.573    143.999  319.13080     49.689     45.200     0.0562    -0.0230     4.3541     0.2970 1.0000e-12        640     0.4437  0.000e+00
      0.976   59.46440 -146.42624      0.985    14.4522    14.5314    14.4521     0.0137     0.0129   999.1972    -0.8074    158.576    144.001  319.13111     49.690     45.200     0.0574    -0.0157     4.3541     0.2970 1.0000e-12        641     0.4444  0.000e+00
      0.976   59.46440 -146.42624      0.985    14.4520    14.5314    14.4519     0.0136     0.0129   999.1972    -0.8074    158.578    144.178  319.13240     49.690     45.256     0.0574    -0.0157     4.3541     0.2970 8.4714e-06        642     0.4451  0.000e+00
      0.976   59.46440 -146.42624      0.985    14.4519    14.5311    14.4518     0.0137     0.0132   999.1972    -0.8074    158.579    144.180  319.13296     49.691     45.256     0.0574    -0.0157     4.3541     0.2970 8.4714e-06        643     0.4458  0.000e+00
      0.976   59.46440 -146.42624      0.985    14.4517    14.5313    14.4516     0.0137     0.0132   999.1972    -0.8074    158.580    144.181  319.13453     49.691     45.257     0.0574    -0.0157     4.3541     0.2970 8.4714e-06        644     0.4465  0.000e+00
      0.976   59.46440 -146.42624      0.985    14.4513    14.5312    14.4512     0.0137     0.0129   999.1973    -0.8073    158.580    144.008  319.13670     49.690     45.202     0.0574    -0.0157     4.3541     0.2970 8.4714e-06        645     0.4472  0.000e+00
      0.976   59.46440 -146.42624      0.985    14.4510    14.5312    14.4509     0.0136     0.0133   999.1973    -0.8073    158.580    144.173  319.13924     49.690     45.254     0.0562    -0.0230     4.3541     0.2970 1.0000e-12        646     0.4479  0.000e+00
      1.006   59.46440 -146.42624      1.016    14.4510    14.5313    14.4509     0.0137     0.0133   999.1975    -0.8073    158.578    144.175  319.13917     49.689     45.255     0.0574    -0.0157     4.3541     0.2970 8.4714e-06        647     0.4486  0.000e+00
      0.914   59.46440 -146.42624      0.922    14.4507    14.5312    14.4506     0.0137     0.0134   999.1971    -0.8072    158.554    144.000  319.14139     49.681     45.200     0.0574    -0.0157     4.3541     0.2970 8.4714e-06        648     0.4493  0.000e+00
      0.976   59.46440 -146.42624      0.985    14.4505    14.5311    14.4504     0.0137     0.0132   999.1974    -0.8072    158.743    144.167  319.14261     49.740     45.252     0.0574    -0.0157     4.3541     0.2970 1.0000e-12        649     0.4500  0.000e+00
      0.976   59.46440 -146.42624      0.985    14.4503    14.5311    14.4502     0.0137     0.0129   999.1974    -0.8072    158.565    144.170  319.14377     49.684     45.253     0.0574    -0.0157     4.3541     0.2970 1.0000e-12        650     0.4507  0.000e+00
      0.976   59.46440 -146.42624      0.985    14.4502    14.5312    14.4501     0.0137     0.0132   999.1974    -0.8071    158.578    144.172  319.14475     49.688     45.254     0.0574    -0.0157     4.3541     0.2970 1.0000e-12        651     0.4514  0.000e+00
      0.976   59.46440 -146.42624      0.985    14.4498    14.5312    14.4497     0.0137     0.0133   999.1975    -0.8071    158.572    144.175  319.14725     49.686     45.254     0.0574    -0.0157     4.3541     0.2970 8.4714e-06        652     0.4521  0.000e+00
      0.976   59.46440 -146.42624      0.985    14.4493    14.5311    14.4492     0.0137     0.0131   999.1976    -0.8070    158.566    144.178  319.15065     49.684     45.255     0.0586    -0.0084     4.3541     0.2970 8.4714e-06        653     0.4528  0.000e+00
      0.976   59.46440 -146.42624      0.985    14.4491    14.5309    14.4490     0.0136     0.0130   999.1976    -0.8070    158.558    144.181  319.15196     49.681     45.256     0.0574    -0.0157     4.3541     0.2970 8.4714e-06        654     0.4535  0.000e+00
      1.030   59.46440 -146.42624      1.039    14.4490    14.5312    14.4489     0.0136     0.0130   999.1979    -0.8070    158.550    144.008  319.15320     49.678     45.202     0.0574    -0.0157     4.3541     0.2970 8.4714e-06        655     0.4542  0.000e+00
      0.914   59.46440 -146.42624      0.922    14.4486    14.5311    14.4486     0.0136     0.0129   999.1974    -0.8070    158.538    143.997  319.15537     49.674     45.198     0.0574    -0.0157     4.3541     0.2970 1.0000e-12        656     0.4549  0.000e+00
      1.030   59.46440 -146.42624      1.039    14.4483    14.5311    14.4482     0.0137     0.0127   999.1980    -0.8069    158.551    144.166  319.15778     49.678     45.251     0.0574    -0.0157     4.3541     0.2970 1.0000e-12        657     0.4556  0.000e+00
      0.976   59.46440 -146.42624      0.985    14.4483    14.5312    14.4482     0.0137     0.0133   999.1977    -0.8069    158.538    144.168  319.15778     49.674     45.252     0.0574    -0.0157     4.3541     0.2970 1.0000e-12        658     0.4562  0.000e+00
      0.976   59.46440 -146.42624      0.985    14.4478    14.5312    14.4477     0.0137     0.0134   999.1978    -0.8068    158.720    143.996  319.16121     49.730     45.198     0.0574    -0.0157     4.3541     0.2970 1.0000e-12        659     0.4569  0.000e+00
      0.976   59.46440 -146.42624      0.985    14.4476    14.5311    14.4475     0.0137     0.0132   999.1978    -0.8068    158.534    143.988  319.16247     49.672     45.196     0.0574    -0.0157     4.3541     0.2970 8.4714e-06        660     0.4576  0.000e+00
      0.976   59.46440 -146.42624      0.985    14.4471    14.5309    14.4470     0.0137     0.0129   999.1979    -0.8067    158.522    143.981  319.16589     49.668     45.193     0.0586    -0.0084     4.3541     0.2970 1.0000e-12        661     0.4583  0.000e+00
      0.976   59.46440 -146.42624      0.985    14.4469    14.5311    14.4468     0.0137     0.0133   999.1979    -0.8067    158.527    143.973  319.16711     49.669     45.191     0.0574    -0.0157     4.3541     0.2970 1.0000e-12        662     0.4590  0.000e+00
      0.976   59.46440 -146.42624      0.985    14.4466    14.5311    14.4465     0.0137     0.0132   999.1979    -0.8066    158.725    143.966  319.16931     49.731     45.189     0.0574    -0.0157     4.3541     0.2970 8.4714e-06        663     0.4597  0.000e+00
      0.976   59.46440 -146.42624      0.985    14.4464    14.5312    14.4463     0.0137     0.0131   999.1980    -0.8066    158.537    143.960  319.17051     49.672     45.187     0.0562    -0.0230     4.3541     0.2970 8.4714e-06        664     0.4604  0.000e+00
