merge_samples_with_btl/SKQ202309T/ctd/skq202309t_006svp.cnv
* Sea-Bird SBE 9 Data File:
* FileName = D:\CTD\SKQ202309T\SKQ202309T_006.hex
* Software Version Seasave V 7.26.7.121
* Temperature SN = 6177
* Conductivity SN = 0369
* Number of Bytes Per Scan = 38
* Number of Voltage Words = 3
* Number of Scans Averaged by the Deck Unit = 1
* NMEA Latitude = 63 13.86 N
* NMEA Longitude = 165 38.62 W
* NMEA UTC (Time) = Jun 12 2023  07:50:19
* NMEA baud rate = 4800
** Ship: R/V Sikuliaq
** Station Number: 006
** Station Name: STN 009
** Bottom Depth: 23
** Operator: Seth Zippel
# nquan = 7
# nvalues = 4827                                  
# units = specified
# name 0 = depSM: Depth [salt water, m]
# name 1 = latitude: Latitude [deg]
# name 2 = longitude: Longitude [deg]
# name 3 = t090C: Temperature [ITS-90, deg C]
# name 4 = sal00: Salinity, Practical [PSU]
# name 5 = svCM: Sound Velocity [Chen-Millero, m/s]
# name 6 = flag:  0.000e+00
# span 0 =      1.097,     14.739                 
# span 1 =   63.23124,   63.23136                 
# span 2 = -165.64270, -165.64250                 
# span 3 =    -1.0156,    12.3016                 
# span 4 =     9.2773,    30.5974                 
# span 5 =    1438.66,    1468.74                 
# span 6 = 0.0000e+00, 0.0000e+00                 
# interval = seconds: 0.0416667
# start_time = Jun 12 2023 07:55:11 [NMEA time, first data scan]
# bad_flag = -9.990e-29
*END*
[from data line 3077]
     14.676   63.23132 -165.64256    -1.0131    30.5848    1438.71  0.000e+00
     14.638   63.23132 -165.64256    -1.0126    30.5845    1438.71  0.000e+00
     14.614   63.23132 -165.64256    -1.0127    30.5842    1438.71  0.000e+00
     14.614   63.23132 -165.64256    -1.0129    30.5843    1438.71  0.000e+00
     14.676   63.23132 -165.64256    -1.0131    30.5843    1438.71  0.000e+00
     14.638   63.23132 -165.64256    -1.0133    30.5847    1438.71  0.000e+00
     14.615   63.23132 -165.64256    -1.0133    30.5846    1438.71  0.000e+00
     14.676   63.23132 -165.64256    -1.0134    30.5846    1438.71  0.000e+00
     14.638   63.23132 -165.64256    -1.0136    30.5847    1438.71  0.000e+00
     14.615   63.23132 -165.64256    -1.0136    30.5848    1438.71  0.000e+00
     14.615   63.23132 -165.64256    -1.0136    30.5848    1438.71  0.000e+00
     14.638   63.23132 -165.64256    -1.0136    30.5848    1438.71  0.000e+00
     14.676   63.23132 -165.64256    -1.0138    30.5847    1438.71  0.000e+00
     14.615   63.23132 -165.64256    -1.0138    30.5851    1438.71  0.000e+00
     14.676   63.23132 -165.64256    -1.0138    30.5849    1438.71  0.000e+00
     14.638   63.23132 -165.64256    -1.0139    30.5848    1438.71  0.000e+00
     14.615   63.23132 -165.64256    -1.0136    30.5847    1438.71  0.000e+00
     14.615   63.23132 -165.64256    -1.0139    30.5853    1438.71  0.000e+00
     14.638   63.23132 -165.64256    -1.0139    30.5854    1438.71  0.000e+00
     14.676   63.23132 -165.64256    -1.0139    30.5854    1438.71  0.000e+00
     14.615   63.23132 -165.64256    -1.0138    30.5851    1438.71  0.000e+00
     14.638   63.23132 -165.64256    -1.0136    30.5848    1438.71  0.000e+00
     14.615   63.23132 -165.64256    -1.0131    30.5850    1438.71  0.000e+00
     14.676   63.23132 -165.64256    -1.0129    30.5850    1438.71  0.000e+00
     14.638   63.23132 -165.64256    -1.0125    30.5848    1438.71  0.000e+00
     14.615   63.23132 -165.64256    -1.0127    30.5846    1438.71  0.000e+00
     14.615   63.23132 -165.64256    -1.0130    30.5844    1438.71  0.000e+00
     14.676   63.23132 -165.64256    -1.0129    30.5845    1438.71  0.000e+00
     14.638   63.23132 -165.64256    -1.0130    30.5847    1438.71  0.000e+00
     14.615   63.23132 -165.64256    -1.0130    30.5845    1438.71  0.000e+00
     14.676   63.23132 -165.64256    -1.0131    30.5843    1438.71  0.000e+00
     14.584   63.23132 -165.64256    -1.0139    30.5849    1438.71  0.000e+00
     14.676   63.23132 -165.64256    -1.0138    30.5846    1438.71  0.000e+00
     14.615   63.23132 -165.64256    -1.0141    30.5850    1438.70  0.000e+00
     14.638   63.23132 -165.64256    -1.0139    30.5848    1438.71  0.000e+00
     14.676   63.23132 -165.64256    -1.0139    30.5848    1438.71  0.000e+00
     14.615   63.23132 -165.64256    -1.0137    30.5844    1438.71  0.000e+00
     14.676   63.23132 -165.64256    -1.0138    30.5846    1438.71  0.000e+00
     14.638   63.23132 -165.64256    -1.0138    30.5848    1438.71  0.000e+00
     14.615   63.23132 -165.64256    -1.0139    30.5851    1438.71  0.000e+00
     14.676   63.23132 -165.64256    -1.0137    30.5849    1438.71  0.000e+00
     14.638   63.23132 -165.64256    -1.0139    30.5847    1438.71  0.000e+00
     14.676   63.23132 -165.64256    -1.0139    30.5847    1438.71  0.000e+00
     14.615   63.23132 -165.64256    -1.0139    30.5850    1438.71  0.000e+00
     14.638   63.23132 -165.64256    -1.0134    30.5843    1438.71  0.000e+00
     14.676   63.23132 -165.64256    -1.0127    30.5845    1438.71  0.000e+00
     14.615   63.23132 -165.64256    -1.0119    30.5844    1438.71  0.000e+00
     14.638   63.23132 -165.64256    -1.0114    30.5842    1438.72  0.000e+00
     14.677   63.23132 -165.64256    -1.0122    30.5844    1438.71  0.000e+00
     14.677   63.23132 -165.64256    -1.0127    30.5845    1438.71  0.000e+00
     14.615   63.23132 -165.64256    -1.0133    30.5848    1438.71  0.000e+00
     14.700   63.23132 -165.64256    -1.0133    30.5845    1438.71  0.000e+00
     14.615   63.23132 -165.64256    -1.0136    30.5852    1438.71  0.000e+00
     14.677   63.23132 -165.64256    -1.0134    30.5852    1438.71  0.000e+00
     14.638   63.23132 -165.64256    -1.0134    30.5852    1438.71  0.000e+00
     14.677   63.23132 -165.64256    -1.0131    30.5851    1438.71  0.000e+00
     14.677   63.23132 -165.64256    -1.0130    30.5850    1438.71  0.000e+00
     14.638   63.23132 -165.64256    -1.0130    30.5850    1438.71  0.000e+00
     14.677   63.23132 -165.64256    -1.0128    30.5846    1438.71  0.000e+00
     14.615   63.23132 -165.64256    -1.0129    30.5850    1438.71  0.000e+00
     14.700   63.23132 -165.64256    -1.0131    30.5848    1438.71  0.000e+00
     14.615   63.23132 -165.64256    -1.0133    30.5851    1438.71  0.000e+00
     14.677   63.23132 -165.64256    -1.0134    30.5847    1438.71  0.000e+00
     14.677   63.23132 -165.64256    -1.0138    30.5849    1438.71  0.000e+00
     14.638   63.23132 -165.64256    -1.0138    30.5850    1438.71  0.000e+00
     14.677   63.23132 -165.64256    -1.0137    30.5851    1438.71  0.000e+00
     14.615   63.23132 -165.64256    -1.0139    30.5850    1438.71  0.000e+00
     14.700   63.23132 -165.64256    -1.0138    30.5849    1438.71  0.000e+00
     14.615   63.23132 -165.64256    -1.0134    30.5849    1438.71  0.000e+00
     14.677   63.23132 -165.64256    -1.0134    30.5849    1438.71  0.000e+00
     14.700   63.23132 -165.64256    -1.0133    30.5845    1438.71  0.000e+00
     14.615   63.23132 -165.64256    -1.0136    30.5848    1438.71  0.000e+00
     14.677   63.23132 -165.64256    -1.0134    30.5850    1438.71  0.000e+00
     14.615   63.23132 -165.64256    -1.0134    30.5850    1438.71  0.000e+00
     14.700   63.23132 -165.64256    -1.0138    30.5851    1438.71  0.000e+00
     14.615   63.23132 -165.64256    -1.0136    30.5851    1438.71  0.000e+00
     14.677   63.23132 -165.64256    -1.0136    30.5848    1438.71  0.000e+00
     14.638   63.23132 -165.64256    -1.0138    30.5850    1438.71  0.000e+00
     14.677   63.23132 -165.64256    -1.0136    30.5846    1438.71  0.000e+00
     14.677   63.23132 -165.64256    -1.0131    30.5844    1438.71  0.000e+00
     14.638   63.23132 -165.64256    -1.0133    30.5845    1438.71  0.000e+00
     14.677   63.23132 -165.64256    -1.0133    30.5842    1438.71  0.000e+00
     14.615   63.23132 -165.64256    -1.0136    30.5846    1438.71  0.000e+00
     14.638   63.23132 -165.64256    -1.0136    30.5843    1438.71  0.000e+00
     14.677   63.23132 -165.64256    -1.0138    30.5846    1438.71  0.000e+00
     14.615   63.23132 -165.64256    -1.0138    30.5849    1438.71  0.000e+00
     14.677   63.23132 -165.64256    -1.0141    30.5854    1438.71  0.000e+00
     14.638   63.23132 -165.64256    -1.0139    30.5853    1438.71  0.000e+00
     14.677   63.23132 -165.64256    -1.0139    30.5851    1438.71  0.000e+00
     14.615   63.23132 -165.64256    -1.0139    30.5849    1438.71  0.000e+00
     14.638   63.23132 -165.64256    -1.0139    30.5846    1438.71  0.000e+00
     14.677   63.23132 -165.64256    -1.0136    30.5846    1438.71  0.000e+00
     14.677   63.23132 -165.64256    -1.0138    30.5846    1438.71  0.000e+00
     14.584   63.23132 -165.64256    -1.0141    30.5852    1438.70  0.000e+00
     14.677   63.23132 -165.64256    -1.0139    30.5851    1438.71  0.000e+00
     14.677   63.23132 -165.64256    -1.0136    30.5852    1438.71  0.000e+00
     14.561   63.23132 -165.64256    -1.0131    30.5847    1438.71  0.000e+00
     14.700   63.23132 -165.64256    -1.0126    30.5841    1438.71  0.000e+00
     14.677   63.23132 -165.64256    -1.0127    30.5840    1438.71  0.000e+00
     14.615   63.23132 -165.64256    -1.0130    30.5844    1438.71  0.000e+00
     14.638   63.23132 -165.64256    -1.0130    30.5847    1438.71  0.000e+00
     14.677   63.23132 -165.64256    -1.0130    30.5847    1438.71  0.000e+00
     14.615   63.23132 -165.64256    -1.0133    30.5851    1438.71  0.000e+00
     14.638   63.23132 -165.64256    -1.0133    30.5845    1438.71  0.000e+00
     14.677   63.23132 -165.64256    -1.0136    30.5846    1438.71  0.000e+00
     14.615   63.23132 -165.64256    -1.0136    30.5846    1438.71  0.000e+00
     14.638   63.23132 -165.64256    -1.0136    30.5845    1438.71  0.000e+00
     14.677   63.23132 -165.64256    -1.0134    30.5841    1438.71  0.000e+00
     14.615   63.23132 -165.64256    -1.0139    30.5846    1438.71  0.000e+00
     14.677   63.23132 -165.64256    -1.0136    30.5842    1438.71  0.000e+00
     14.638   63.23132 -165.64256    -1.0136    30.5843    1438.71  0.000e+00
     14.615   63.23132 -165.64256    -1.0139    30.5848    1438.71  0.000e+00
     14.677   63.23132 -165.64256    -1.0138    30.5841    1438.71  0.000e+00
     14.584   63.23132 -165.64256    -1.0138    30.5843    1438.70  0.000e+00
     14.677   63.23132 -165.64256    -1.0137    30.5841    1438.71  0.000e+00
     14.677   63.23132 -165.64256    -1.0138    30.5842    1438.71  0.000e+00
     14.638   63.23132 -165.64256    -1.0139    30.5842    1438.70  0.000e+00
     14.615   63.23132 -165.64256    -1.0136    30.5841    1438.71  0.000e+00
     14.677   63.23132 -165.64256    -1.0141    30.5847    1438.71  0.000e+00
     14.584   63.23132 -165.64256    -1.0139    30.5848    1438.70  0.000e+00
     14.677   63.23132 -165.64256    -1.0141    30.5852    1438.71  0.000e+00
     14.677   63.23132 -165.64256    -1.0138    30.5849    1438.71  0.000e+00
     14.615   63.23132 -165.64256    -1.0134    30.5845    1438.71  0.000e+00
     14.638   63.23132 -165.64256    -1.0134    30.5848    1438.71  0.000e+00
     14.677   63.23132 -165.64256    -1.0133    30.5844    1438.71  0.000e+00
     14.615   63.23132 -165.64256    -1.0137    30.5847    1438.71  0.000e+00
     14.638   63.23132 -165.64256    -1.0138    30.5849    1438.71  0.000e+00
     14.677   63.23132 -165.64256    -1.0138    30.5852    1438.71  0.000e+00
     14.615   63.23132 -165.64256    -1.0136    30.5851    1438.71  0.000e+00
     14.638   63.23132 -165.64256    -1.0136    30.5851    1438.71  0.000e+00
     14.677   63.23132 -165.64256    -1.0136    30.5851    1438.71  0.000e+00
     14.615   63.23132 -165.64256    -1.0136    30.5851    1438.71  0.000e+00
     14.677   63.23132 -165.64256    -1.0136    30.5848    1438.71  0.000e+00
     14.638   63.23132 -165.64256    -1.0130    30.5843    1438.71  0.000e+00
     14.677   63.23132 -165.64256    -1.0130    30.5848    1438.71  0.000e+00
     14.677   63.23132 -165.64256    -1.0131    30.5849    1438.71  0.000e+00
     14.638   63.23132 -165.64256    -1.0130    30.5847    1438.71  0.000e+00
     14.615   63.23132 -165.64256    -1.0129    30.5844    1438.71  0.000e+00
     14.677   63.23132 -165.64256    -1.0127    30.5843    1438.71  0.000e+00
     14.638   63.23132 -165.64256    -1.0130    30.5846    1438.71  0.000e+00
     14.677   63.23132 -165.64256    -1.0129    30.5841    1438.71  0.000e+00
     14.615   63.23132 -165.64256    -1.0131    30.5848    1438.71  0.000e+00
     14.700   63.23132 -165.64256    -1.0133    30.5842    1438.71  0.000e+00
     14.615   63.23132 -165.64256    -1.0134    30.5845    1438.71  0.000e+00
     14.677   63.23132 -165.64256    -1.0136    30.5846    1438.71  0.000e+00
     14.615   63.23132 -165.64256    -1.0138    30.5844    1438.71  0.000e+00
     14.639   63.23132 -165.64256    -1.0137    30.5843    1438.71  0.000e+00
     14.677   63.23132 -165.64256    -1.0138    30.5844    1438.71  0.000e+00
     14.677   63.23132 -165.64256    -1.0138    30.5844    1438.71  0.000e+00
     14.639   63.23132 -165.64256    -1.0138    30.5842    1438.71  0.000e+00
     14.677   63.23132 -165.64256    -1.0137    30.5847    1438.71  0.000e+00
     14.615   63.23132 -165.64256    -1.0134    30.5845    1438.71  0.000e+00
     14.639   63.23132 -165.64256    -1.0134    30.5846    1438.71  0.000e+00
     14.677   63.23132 -165.64256    -1.0137    30.5847    1438.71  0.000e+00
     14.615   63.23132 -165.64256    -1.0134    30.5846    1438.71  0.000e+00
     14.700   63.23132 -165.64256    -1.0134    30.5846    1438.71  0.000e+00
     14.615   63.23132 -165.64256    -1.0138    30.5850    1438.71  0.000e+00
     14.677   63.23132 -165.64256    -1.0137    30.5850    1438.71  0.000e+00
     14.615   63.23132 -165.64256    -1.0138    30.5846    1438.71  0.000e+00
     14.700   63.23132 -165.64256    -1.0138    30.5846    1438.71  0.000e+00
     14.615   63.23132 -165.64256    -1.0134    30.5844    1438.71  0.000e+00
     14.677   63.23132 -165.64256    -1.0134    30.5847    1438.71  0.000e+00
     14.639   63.23132 -165.64256    -1.0130    30.5847    1438.71  0.000e+00
     14.615   63.23132 -165.64256    -1.0130    30.5842    1438.71  0.000e+00
     14.677   63.23132 -165.64256    -1.0128    30.5839    1438.71  0.000e+00
     14.639   63.23132 -165.64256    -1.0130    30.5839    1438.71  0.000e+00
     14.677   63.23132 -165.64256    -1.0131    30.5841    1438.71  0.000e+00
     14.616   63.23132 -165.64256    -1.0133    30.5846    1438.71  0.000e+00
     14.677   63.23132 -165.64256    -1.0134    30.5843    1438.71  0.000e+00
     14.639   63.23132 -165.64256    -1.0134    30.5840    1438.71  0.000e+00
     14.616   63.23132 -165.64256    -1.0134    30.5843    1438.71  0.000e+00
     14.616   63.23132 -165.64256    -1.0139    30.5850    1438.71  0.000e+00
     14.639   63.23132 -165.64256    -1.0129    30.5842    1438.71  0.000e+00
     14.677   63.23132 -165.64256    -1.0130    30.5846    1438.71  0.000e+00
     14.616   63.23132 -165.64256    -1.0131    30.5847    1438.71  0.000e+00
     14.700   63.23132 -165.64256    -1.0131    30.5847    1438.71  0.000e+00
     14.616   63.23132 -165.64256    -1.0130    30.5849    1438.71  0.000e+00
     14.616   63.23132 -165.64256    -1.0122    30.5852    1438.71  0.000e+00
     14.639   63.23132 -165.64256    -1.0121    30.5858    1438.72  0.000e+00
     14.677   63.23132 -165.64256    -1.0121    30.5863    1438.72  0.000e+00
     14.616   63.23132 -165.64256    -1.0110    30.5863    1438.72  0.000e+00
     14.616   63.23132 -165.64256    -1.0104    30.5857    1438.72  0.000e+00
     14.639   63.23132 -165.64256    -1.0103    30.5842    1438.72  0.000e+00
     14.677   63.23132 -165.64256    -1.0111    30.5837    1438.72  0.000e+00
     14.677   63.23132 -165.64256    -1.0122    30.5841    1438.71  0.000e+00
     14.585   63.23132 -165.64256    -1.0129    30.5846    1438.71  0.000e+00
     14.677   63.23132 -165.64256    -1.0128    30.5839    1438.71  0.000e+00
     14.616   63.23132 -165.64256    -1.0131    30.5841    1438.71  0.000e+00
     14.639   63.23132 -165.64256    -1.0131    30.5842    1438.71  0.000e+00
     14.616   63.23132 -165.64256    -1.0136    30.5844    1438.71  0.000e+00
     14.616   63.23132 -165.64256    -1.0134    30.5845    1438.71  0.000e+00
     14.677   63.23132 -165.64256    -1.0136    30.5846    1438.71  0.000e+00
     14.639   63.23132 -165.64256    -1.0138    30.5847    1438.71  0.000e+00
     14.616   63.23132 -165.64256    -1.0136    30.5842    1438.71  0.000e+00
     14.677   63.23132 -165.64256    -1.0138    30.5844    1438.71  0.000e+00
     14.585   63.23132 -165.64256    -1.0136    30.5843    1438.71  0.000e+00
     14.677   63.23132 -165.64256    -1.0139    30.5843    1438.71  0.000e+00
     14.616   63.23132 -165.64256    -1.0138    30.5842    1438.71  0.000e+00
     14.639   63.23132 -165.64256    -1.0138    30.5848    1438.71  0.000e+00
     14.677   63.23132 -165.64256    -1.0134    30.5847    1438.71  0.000e+00
     14.616   63.23132 -165.64256    -1.0131    30.5848    1438.71  0.000e+00
     14.639   63.23132 -165.64256    -1.0131    30.5849    1438.71  0.000e+00
     14.616   63.23132 -165.64256    -1.0131    30.5847    1438.71  0.000e+00
     14.616   63.23132 -165.64256    -1.0134    30.5851    1438.71  0.000e+00
     14.678   63.23132 -165.64256    -1.0138    30.5853    1438.71  0.000e+00
