merge_samples_with_btl/SKQ202309T/ctd/skq202309t_001.cnv
* Sea-Bird SBE 9 Data File:
* FileName = D:\CTD\SKQ202309T\SKQ202309T_001.hex
* Software Version Seasave V 7.26.7.121
* Temperature SN = 6177
* Conductivity SN = 0369
* Number of Bytes Per Scan = 38
* Number of Voltage Words = 3
* Number of Scans Averaged by the Deck Unit = 1
* NMEA Latitude = 59 50.67 N
* NMEA Longitude = 149 28.05 W
* NMEA UTC (Time) = Jun 06 2023  18:49:21
* NMEA baud rate = 4800
** Ship: R/V Sikuliaq
** Station Number: 001
** Station Name: GAK1
** Bottom Depth: 272
** Operator: AP
# nquan = 24
# nvalues = 15748                                 
# units = specified
# name 0 = depSM: Depth [salt water, m]
# name 1 = latitude: Latitude [deg]
# name 2 = longitude: Longitude [deg]
# name 3 = prDM: Pressure, Digiquartz [db]
# name 4 = t090C: Temperature [ITS-90, deg C]
# name 5 = t190C: Temperature, 2 [ITS-90, deg C]
# name 6 = potemp090C: Potential Temperature [ITS-90, deg C]
# name 7 = sal00: Salinity, Practical [PSU]
# name 8 = sal11: Salinity, Practical, 2 [PSU]
# name 9 = density00: Density [density, kg/m^3]
# name 10 = sigma-é00: Density [sigma-theta, kg/m^3]
# name 11 = sbox0Mm/Kg: Oxygen, SBE 43 [umol/kg]
# name 12 = sbox1Mm/Kg: Oxygen, SBE 43, 2 [umol/kg]
# name 13 = oxsolMm/Kg: Oxygen Saturation, Garcia & Gordon [umol/kg]
# name 14 = sbeox0PS: Oxygen, SBE 43 [% saturation]
# name 15 = sbeox1PS: Oxygen, SBE 43, 2 [% saturation]
# name 16 = v0: Voltage 0
# name 17 = flECO-AFL: Fluorescence, WET Labs ECO-AFL/FL [mg/m^3]
# name 18 = v1: Voltage 1
# name 19 = CStarAt0: Beam Attenuation, WET Labs C-Star [1/m]
# name 20 = par: PAR/Irradiance, Biospherical/Licor
# name 21 = scan: Scan Count
# name 22 = timeM: Time, Elapsed [minutes]
# name 23 = flag:  0.000e+00
# span 0 =      0.794,    259.781                 
# span 1 =   59.84412,   59.84444                 
# span 2 = -149.46844, -149.46794                 
# span 3 =      0.802,    262.417                 
# span 4 =     4.8622,     8.6935                 
# span 5 =     4.8621,     8.6922                 
# span 6 =     4.8564,     8.6934                 
# span 7 =    29.9272,    33.1993                 
# span 8 =    29.9446,    33.2094                 
# span 9 =  1023.1990,  1027.3487                 
# span 10 =    23.1943,    26.1420                
# span 11 =    132.179,    352.719                
# span 12 =    126.548,    344.122                
# span 13 =  293.10583,  316.39090                
# span 14 =     43.352,    120.096                
# span 15 =     41.507,    117.149                
# span 16 =     0.0574,     0.6947                
# span 17 =    -0.0037,     3.8205                
# span 18 =     3.4371,     4.6569                
# span 19 =     0.0473,     1.2625                
# span 20 = 1.0000e-12, 5.1887e+02                
# span 21 =          1,      15748                
# span 22 =     0.0000,    10.9354                
# span 23 = 0.0000e+00, 0.0000e+00                
# interval = seconds: 0.0416667
# start_time = Jun 06 2023 18:55:03 [NMEA time, first data scan]
# bad_flag = -9.990e-29
*END*
[from data line 6884]
    103.473   59.84444 -149.46794    104.483     5.2684     5.2688     5.2606    31.8333    31.8434  1025.6212    25.1368    292.375    285.991  312.73601     93.489     91.456     0.0623     0.0256     4.5653     0.1267 8.4714e-06       6885     4.7806  0.000e+00
    103.473   59.84444 -149.46794    104.483     5.2695     5.2698     5.2617    31.8341    31.8442  1025.6217    25.1373    292.383    285.979  312.72599     93.495     91.455     0.0635     0.0330     4.5665     0.1257 8.4714e-06       6886     4.7813  0.000e+00
    103.528   59.84444 -149.46794    104.538     5.2712     5.2710     5.2634    31.8352    31.8444  1025.6226    25.1380    291.573    285.972  312.71129     93.240     91.455     0.0623     0.0256     4.5653     0.1267 8.4714e-06       6887     4.7819  0.000e+00
    103.528   59.84444 -149.46794    104.538     5.2724     5.2722     5.2646    31.8351    31.8448  1025.6224    25.1378    292.262    285.962  312.70225     93.463     91.455     0.0635     0.0330     4.5653     0.1267 8.4714e-06       6888     4.7826  0.000e+00
    103.667   59.84444 -149.46794    104.679     5.2729     5.2727     5.2651    31.8349    31.8455  1025.6228    25.1375    292.301    285.965  312.69892     93.477     91.457     0.0635     0.0330     4.5653     0.1267 8.4714e-06       6889     4.7833  0.000e+00
    103.705   59.84444 -149.46794    104.718     5.2729     5.2731     5.2651    31.8347    31.8454  1025.6229    25.1374    292.345    285.968  312.69932     93.491     91.459     0.0635     0.0330     4.5665     0.1257 1.0000e-12       6890     4.7840  0.000e+00
    103.643   59.84444 -149.46794    104.655     5.2735     5.2733     5.2657    31.8347    31.8456  1025.6225    25.1374    292.180    285.785  312.69469     93.439     91.401     0.0623     0.0256     4.5653     0.1267 1.0000e-12       6891     4.7847  0.000e+00
    103.759   59.84444 -149.46794    104.772     5.2735     5.2741     5.2657    31.8355    31.8460  1025.6237    25.1380    292.174    285.771  312.69285     93.438     91.399     0.0635     0.0330     4.5653     0.1267 8.4714e-06       6892     4.7854  0.000e+00
    103.821   59.84444 -149.46794    104.835     5.2756     5.2760     5.2678    31.8361    31.8461  1025.6242    25.1382    292.155    285.729  312.67628     93.437     91.389     0.0623     0.0256     4.5653     0.1267 8.4714e-06       6893     4.7861  0.000e+00
    103.775   59.84444 -149.46794    104.788     5.2778     5.2781     5.2700    31.8370    31.8474  1025.6245    25.1387    292.135    285.681  312.65754     93.436     91.380     0.0635     0.0330     4.5653     0.1267 8.4714e-06       6894     4.7868  0.000e+00
    103.875   59.84444 -149.46794    104.889     5.2794     5.2799     5.2716    31.8373    31.8477  1025.6250    25.1387    292.132    285.644  312.64513     93.439     91.372     0.0623     0.0256     4.5665     0.1257 8.4714e-06       6895     4.7875  0.000e+00
    103.875   59.84444 -149.46794    104.889     5.2803     5.2809     5.2725    31.8374    31.8484  1025.6249    25.1387    292.137    285.611  312.63806     93.442     91.364     0.0635     0.0330     4.5653     0.1267 8.4714e-06       6896     4.7882  0.000e+00
    103.937   59.84444 -149.46794    104.952     5.2807     5.2818     5.2728    31.8370    31.8481  1025.6249    25.1384    292.154    285.604  312.63653     93.448     91.364     0.0623     0.0256     4.5653     0.1267 1.0000e-12       6897     4.7889  0.000e+00
    103.991   59.84444 -149.46794    105.006     5.2805     5.2825     5.2727    31.8366    31.8478  1025.6248    25.1381    292.179    285.602  312.63829     93.456     91.364     0.0635     0.0330     4.5653     0.1267 1.0000e-12       6898     4.7896  0.000e+00
    104.007   59.84444 -149.46794    105.022     5.2799     5.2823     5.2721    31.8369    31.8481  1025.6252    25.1384    292.179    285.422  312.64260     93.455     91.306     0.0623     0.0256     4.5653     0.1267 8.4714e-06       6899     4.7903  0.000e+00
    104.045   59.84444 -149.46794    105.061     5.2791     5.2818     5.2713    31.8367    31.8480  1025.6254    25.1383    292.186    285.392  312.64872     93.455     91.296     0.0635     0.0330     4.5653     0.1267 8.4714e-06       6900     4.7910  0.000e+00
    104.107   59.84444 -149.46794    105.123     5.2786     5.2817     5.2708    31.8367    31.8480  1025.6257    25.1383    292.195    285.384  312.65264     93.457     91.293     0.0623     0.0256     4.5641     0.1278 8.4714e-06       6901     4.7917  0.000e+00
    104.107   59.84444 -149.46794    105.123     5.2780     5.2815     5.2701    31.8368    31.8481  1025.6258    25.1385    292.206    285.377  312.65702     93.459     91.290     0.0623     0.0256     4.5629     0.1289 1.0000e-12       6902     4.7924  0.000e+00
    104.161   59.84444 -149.46794    105.178     5.2772     5.2809     5.2694    31.8365    31.8482  1025.6260    25.1384    292.224    285.358  312.66334     93.463     91.283     0.0635     0.0330     4.5629     0.1289 8.4714e-06       6903     4.7931  0.000e+00
    104.161   59.84444 -149.46794    105.178     5.2756     5.2782     5.2678    31.8357    31.8479  1025.6255    25.1379    292.048    285.376  312.67721     93.402     91.283     0.0623     0.0256     4.5617     0.1299 8.4714e-06       6904     4.7938  0.000e+00
    104.292   59.84444 -149.46794    105.311     5.2722     5.2736     5.2644    31.8345    31.8477  1025.6255    25.1373    292.306    285.232  312.70482     93.477     91.226     0.0635     0.0330     4.5617     0.1299 8.4714e-06       6905     4.7944  0.000e+00
    104.277   59.84444 -149.46794    105.295     5.2683     5.2691     5.2604    31.8342    31.8474  1025.6257    25.1375    292.361    285.251  312.73495     93.485     91.222     0.0623     0.0256     4.5629     0.1289 8.4714e-06       6906     4.7951  0.000e+00
    104.339   59.84444 -149.46794    105.358     5.2657     5.2648     5.2578    31.8344    31.8471  1025.6264    25.1379    292.411    285.254  312.75373     93.496     91.214     0.0635     0.0330     4.5629     0.1289 1.0000e-12       6907     4.7958  0.000e+00
    104.339   59.84444 -149.46794    105.358     5.2635     5.2615     5.2557    31.8347    31.8466  1025.6269    25.1385    292.254    285.436  312.76894     93.441     91.265     0.0623     0.0256     4.5629     0.1289 8.4714e-06       6908     4.7965  0.000e+00
    104.339   59.84444 -149.46794    105.358     5.2608     5.2587     5.2530    31.8348    31.8468  1025.6273    25.1389    292.249    285.287  312.78863     93.434     91.211     0.0635     0.0330     4.5629     0.1289 8.4714e-06       6909     4.7972  0.000e+00
    104.408   59.84444 -149.46794    105.428     5.2578     5.2556     5.2500    31.8344    31.8466  1025.6277    25.1389    292.255    285.292  312.81181     93.428     91.206     0.0623     0.0256     4.5617     0.1299 8.4714e-06       6910     4.7979  0.000e+00
    104.447   59.84444 -149.46794    105.467     5.2549     5.2533     5.2471    31.8342    31.8461  1025.6280    25.1390    292.498    285.293  312.83379     93.499     91.201     0.0635     0.0330     4.5629     0.1289 8.4714e-06       6911     4.7986  0.000e+00
    104.509   59.84444 -149.46794    105.529     5.2540     5.2517     5.2462    31.8342    31.8455  1025.6284    25.1391    292.351    285.315  312.84067     93.450     91.204     0.0623     0.0256     4.5629     0.1289 8.4714e-06       6912     4.7993  0.000e+00
    104.509   59.84444 -149.46794    105.529     5.2538     5.2503     5.2460    31.8357    31.8460  1025.6296    25.1403    292.372    285.313  312.83834     93.458     91.201     0.0635     0.0330     4.5629     0.1289 8.4714e-06       6913     4.8000  0.000e+00
    104.563   59.84444 -149.46794    105.584     5.2535     5.2498     5.2457    31.8369    31.8465  1025.6308    25.1413    292.370    285.311  312.83786     93.457     91.199     0.0623     0.0256     4.5629     0.1289 1.0000e-12       6914     4.8007  0.000e+00
    104.578   59.84444 -149.46794    105.599     5.2537     5.2494     5.2458    31.8375    31.8471  1025.6314    25.1418    292.368    285.124  312.83519     93.457     91.139     0.0623     0.0256     4.5629     0.1289 8.4714e-06       6915     4.8014  0.000e+00
    104.625   59.84444 -149.46794    105.646     5.2537     5.2498     5.2458    31.8377    31.8472  1025.6317    25.1419    292.373    285.103  312.83480     93.459     91.133     0.0623     0.0256     4.5629     0.1289 8.4714e-06       6916     4.8021  0.000e+00
    104.679   59.84444 -149.46794    105.701     5.2543     5.2512     5.2465    31.8379    31.8475  1025.6321    25.1420    292.377    285.078  312.82975     93.462     91.129     0.0635     0.0330     4.5629     0.1289 8.4714e-06       6917     4.8028  0.000e+00
    104.679   59.84444 -149.46794    105.701     5.2555     5.2522     5.2476    31.8386    31.8485  1025.6325    25.1425    292.378    285.058  312.81963     93.465     91.125     0.0623     0.0256     4.5629     0.1289 8.4714e-06       6918     4.8035  0.000e+00
    104.679   59.84444 -149.46794    105.701     5.2570     5.2531     5.2491    31.8388    31.8488  1025.6325    25.1425    292.381    285.022  312.80764     93.470     91.116     0.0623     0.0256     4.5617     0.1299 8.4714e-06       6919     4.8042  0.000e+00
    104.810   59.84444 -149.46794    105.834     5.2572     5.2533     5.2493    31.8382    31.8493  1025.6326    25.1419    292.405    285.020  312.80761     93.478     91.116     0.0623     0.0256     4.5629     0.1289 8.4714e-06       6920     4.8049  0.000e+00
    104.795   59.84444 -149.46794    105.818     5.2562     5.2528     5.2484    31.8386    31.8497  1025.6330    25.1424    292.434    285.002  312.81386     93.485     91.109     0.0623     0.0256     4.5604     0.1310 8.4714e-06       6921     4.8056  0.000e+00
    104.795   59.84444 -149.46794    105.818     5.2551     5.2530     5.2473    31.8387    31.8495  1025.6332    25.1426    292.469    285.004  312.82164     93.494     91.110     0.0623     0.0256     4.5568     0.1342 1.0000e-12       6922     4.8063  0.000e+00
    104.857   59.84444 -149.46794    105.880     5.2546     5.2527     5.2468    31.8385    31.8500  1025.6334    25.1425    292.711    284.994  312.82592     93.570     91.107     0.0635     0.0330     4.5543     0.1364 8.4714e-06       6923     4.8069  0.000e+00
    104.926   59.84444 -149.46794    105.951     5.2540     5.2525     5.2461    31.8389    31.8503  1025.6341    25.1428    292.576    284.988  312.82967     93.526     91.104     0.0635     0.0330     4.5543     0.1364 8.4714e-06       6924     4.8076  0.000e+00
    104.911   59.84444 -149.46794    105.935     5.2537     5.2528     5.2458    31.8392    31.8505  1025.6343    25.1431    292.583    284.999  312.83127     93.527     91.109     0.0623     0.0256     4.5556     0.1353 1.0000e-12       6925     4.8083  0.000e+00
    104.965   59.84444 -149.46794    105.990     5.2529     5.2534     5.2450    31.8394    31.8507  1025.6348    25.1434    292.598    284.993  312.83697     93.531     91.108     0.0635     0.0330     4.5556     0.1353 8.4714e-06       6926     4.8090  0.000e+00
    104.965   59.84444 -149.46794    105.990     5.2521     5.2537     5.2442    31.8392    31.8513  1025.6347    25.1433    292.647    284.806  312.84306     93.544     91.050     0.0623     0.0256     4.5556     0.1353 8.4714e-06       6927     4.8097  0.000e+00
    105.027   59.84444 -149.46794    106.052     5.2516     5.2540     5.2437    31.8397    31.8512  1025.6354    25.1437    292.698    284.791  312.84555     93.560     91.046     0.0635     0.0330     4.5556     0.1353 1.0000e-12       6928     4.8104  0.000e+00
    105.042   59.84444 -149.46794    106.068     5.2518     5.2558     5.2439    31.8396    31.8517  1025.6354    25.1436    292.715    284.767  312.84458     93.566     91.042     0.0623     0.0256     4.5556     0.1353 8.4714e-06       6929     4.8111  0.000e+00
    105.081   59.84444 -149.46794    106.107     5.2519     5.2605     5.2441    31.8396    31.8528  1025.6356    25.1436    292.736    284.909  312.84337     93.573     91.098     0.0635     0.0330     4.5556     0.1353 1.0000e-12       6930     4.8118  0.000e+00
    105.142   59.84444 -149.46794    106.169     5.2518     5.2620     5.2439    31.8404    31.8542  1025.6365    25.1443    292.760    284.730  312.84263     93.581     91.045     0.0623     0.0256     4.5556     0.1353 8.4714e-06       6931     4.8125  0.000e+00
    105.142   59.84444 -149.46794    106.169     5.2521     5.2596     5.2442    31.8416    31.8546  1025.6375    25.1452    292.781    284.747  312.83753     93.589     91.046     0.0635     0.0330     4.5556     0.1353 8.4714e-06       6932     4.8132  0.000e+00
    105.142   59.84444 -149.46794    106.169     5.2589     5.2577     5.2510    31.8471    31.8529  1025.6410    25.1488    292.744    284.770  312.77413     93.596     91.048     0.0623     0.0256     4.5556     0.1353 8.4714e-06       6933     4.8139  0.000e+00
    105.212   59.84444 -149.46794    106.239     5.2759     5.2645     5.2680    31.8515    31.8522  1025.6429    25.1504    292.635    284.733  312.63803     93.602     91.050     0.0635     0.0330     4.5556     0.1353 8.4714e-06       6934     4.8146  0.000e+00
    105.258   59.84444 -149.46794    106.286     5.2902     5.2785     5.2823    31.8527    31.8542  1025.6424    25.1497    292.556    284.639  312.52929     93.609     91.052     0.0623     0.0256     4.5556     0.1353 1.0000e-12       6935     4.8153  0.000e+00
    105.258   59.84444 -149.46794    106.286     5.3024     5.2908     5.2945    31.8514    31.8570  1025.6400    25.1473    292.373    284.375  312.44184     93.577     90.996     0.0635     0.0330     4.5556     0.1353 8.4714e-06       6936     4.8160  0.000e+00
    105.312   59.84444 -149.46794    106.341     5.3116     5.2989     5.3036    31.8511    31.8580  1025.6390    25.1461    292.338    284.318  312.37486     93.585     90.996     0.0623     0.0256     4.5556     0.1353 1.0000e-12       6937     4.8167  0.000e+00
    105.312   59.84444 -149.46794    106.341     5.3170     5.3019     5.3091    31.8519    31.8578  1025.6389    25.1461    292.329    284.304  312.33265     93.595     90.997     0.0623     0.0256     4.5556     0.1353 1.0000e-12       6938     4.8174  0.000e+00
    105.382   59.84444 -149.46794    106.411     5.3215     5.2999     5.3136    31.8521    31.8576  1025.6389    25.1457    292.334    284.334  312.29900     93.607     91.002     0.0623     0.0256     4.5556     0.1353 1.0000e-12       6939     4.8181  0.000e+00
    105.367   59.84444 -149.46794    106.396     5.3244     5.2984     5.3164    31.8523    31.8573  1025.6387    25.1456    292.116    284.341  312.27739     93.544     91.002     0.0635     0.0330     4.5556     0.1353 8.4714e-06       6940     4.8187  0.000e+00
    105.428   59.84444 -149.46794    106.458     5.3260     5.3012     5.3180    31.8509    31.8579  1025.6377    25.1443    292.090    284.323  312.26882     93.538     91.002     0.0623     0.0256     4.5556     0.1353 8.4714e-06       6941     4.8194  0.000e+00
    105.482   59.84444 -149.46794    106.513     5.3229     5.3032     5.3150    31.8491    31.8584  1025.6368    25.1432    292.103    284.314  312.29564     93.534     91.004     0.0623     0.0256     4.5556     0.1353 8.4714e-06       6942     4.8201  0.000e+00
    105.444   59.84444 -149.46794    106.474     5.3147     5.3003     5.3067    31.8473    31.8593  1025.6362    25.1427    292.360    284.341  312.36092     93.597     91.007     0.0623     0.0256     4.5556     0.1353 8.4714e-06       6943     4.8208  0.000e+00
