merge_samples_with_btl/SKQ202309T/ctd/skq202309t_001svpavg.cnv
* Sea-Bird SBE 9 Data File:
* FileName = D:\CTD\SKQ202309T\SKQ202309T_001.hex
* Software Version Seasave V 7.26.7.121
* Temperature SN = 6177
* Conductivity SN = 0369
* Number of Bytes Per Scan = 38
* Number of Voltage Words = 3
* Number of Scans Averaged by the Deck Unit = 1
* NMEA Latitude = 59 50.67 N
* NMEA Longitude = 149 28.05 W
* NMEA UTC (Time) = Jun 06 2023  18:49:21
* NMEA baud rate = 4800
** Ship: R/V Sikuliaq
** Station Number: 001
** Station Name: GAK1
** Bottom Depth: 272
** Operator: AP
# nquan = 7
# nvalues = 259                         
# units = specified
# name 0 = depSM: Depth [salt water, m]
# name 1 = latitude: Latitude [deg]
# name 2 = longitude: Longitude [deg]
# name 3 = t090C: Temperature [ITS-90, deg C]
# name 4 = sal00: Salinity, Practical [PSU]
# name 5 = svCM: Sound Velocity [Chen-Millero, m/s]
# name 6 = flag: flag
# span 0 =      2.000,    260.000       
# span 1 =   59.84414,   59.84444       
# span 2 = -149.46843, -149.46794       
# span 3 =     4.8651,     8.5141       
# span 4 =    30.0970,    33.1999       
# span 5 =    1467.17,    1478.39       
# span 6 = 0.0000e+00, 0.0000e+00       
# interval = meters: 1                  
# start_time = Jun 06 2023 18:55:03 [NMEA time, first data scan]
# bad_flag = -9.990e-29
*END*
      2.000   59.84414 -149.46843     8.5141    30.0970    1478.39 0.0000e+00
      3.000   59.84414 -149.46840     8.2978    30.2767    1477.81 0.0000e+00
      4.000   59.84415 -149.46839     8.1676    30.3954    1477.48 0.0000e+00
      5.000   59.84416 -149.46838     8.1190    30.4265    1477.35 0.0000e+00
      6.000   59.84416 -149.46836     8.1531    30.4023    1477.46 0.0000e+00
      7.000   59.84418 -149.46834     8.1126    30.4553    1477.39 0.0000e+00
      8.000   59.84419 -149.46833     8.1284    30.4846    1477.50 0.0000e+00
      9.000   59.84420 -149.46832     8.1029    30.4811    1477.42 0.0000e+00
     10.000   59.84421 -149.46830     8.0968    30.4764    1477.41 0.0000e+00
     11.000   59.84422 -149.46829     8.1263    30.5143    1477.58 0.0000e+00
     12.000   59.84424 -149.46825     8.1395    30.5330    1477.67 0.0000e+00
     13.000   59.84426 -149.46824     8.0174    30.5759    1477.28 0.0000e+00
     14.000   59.84426 -149.46824     7.8556    30.6287    1476.74 0.0000e+00
     15.000   59.84426 -149.46824     7.6460    30.6641    1475.99 0.0000e+00
     16.000   59.84426 -149.46822     7.2603    30.7204    1474.59 0.0000e+00
     17.000   59.84427 -149.46822     6.6902    30.8734    1472.56 0.0000e+00
     18.000   59.84428 -149.46822     6.5915    30.9199    1472.25 0.0000e+00
     19.000   59.84428 -149.46822     6.5422    30.9442    1472.10 0.0000e+00
     20.000   59.84428 -149.46820     6.4871    30.9579    1471.91 0.0000e+00
     21.000   59.84428 -149.46820     6.4204    30.9750    1471.69 0.0000e+00
     22.000   59.84428 -149.46820     6.4475    30.9603    1471.79 0.0000e+00
     23.000   59.84429 -149.46818     6.3716    30.9920    1471.55 0.0000e+00
     24.000   59.84430 -149.46818     6.3704    31.0034    1471.57 0.0000e+00
     25.000   59.84430 -149.46818     6.3687    31.0184    1471.60 0.0000e+00
     26.000   59.84430 -149.46818     6.3631    31.0447    1471.63 0.0000e+00
     27.000   59.84430 -149.46816     6.3616    31.0536    1471.65 0.0000e+00
     28.000   59.84430 -149.46816     6.3574    31.0932    1471.70 0.0000e+00
     29.000   59.84430 -149.46816     6.2547    31.1548    1471.39 0.0000e+00
     30.000   59.84430 -149.46815     6.1734    31.2158    1471.16 0.0000e+00
     31.000   59.84432 -149.46814     6.1605    31.2302    1471.14 0.0000e+00
     32.000   59.84432 -149.46814     6.1413    31.2596    1471.12 0.0000e+00
     33.000   59.84432 -149.46814     6.1406    31.2610    1471.13 0.0000e+00
     34.000   59.84432 -149.46812     6.1400    31.2624    1471.15 0.0000e+00
     35.000   59.84432 -149.46812     6.1280    31.2672    1471.12 0.0000e+00
     36.000   59.84432 -149.46812     6.1184    31.2725    1471.11 0.0000e+00
     37.000   59.84432 -149.46810     6.1082    31.2873    1471.10 0.0000e+00
     38.000   59.84433 -149.46810     6.1595    31.3218    1471.37 0.0000e+00
     39.000   59.84434 -149.46810     6.2140    31.3441    1471.63 0.0000e+00
     40.000   59.84434 -149.46810     6.1801    31.3506    1471.52 0.0000e+00
     41.000   59.84434 -149.46810     6.0209    31.3497    1470.90 0.0000e+00
     42.000   59.84434 -149.46808     5.9645    31.3639    1470.71 0.0000e+00
     43.000   59.84434 -149.46808     5.9639    31.3672    1470.72 0.0000e+00
     44.000   59.84434 -149.46808     5.9335    31.3690    1470.62 0.0000e+00
     45.000   59.84436 -149.46808     5.9242    31.3721    1470.60 0.0000e+00
     46.000   59.84436 -149.46806     5.8750    31.3724    1470.42 0.0000e+00
     47.000   59.84436 -149.46806     5.9205    31.3858    1470.64 0.0000e+00
     48.000   59.84436 -149.46806     5.9261    31.3938    1470.69 0.0000e+00
     49.000   59.84436 -149.46806     5.8680    31.3890    1470.46 0.0000e+00
     50.000   59.84436 -149.46804     5.8265    31.3877    1470.31 0.0000e+00
     51.000   59.84436 -149.46804     5.8687    31.3941    1470.51 0.0000e+00
     52.000   59.84438 -149.46804     5.9177    31.4149    1470.75 0.0000e+00
     53.000   59.84438 -149.46804     5.8671    31.4170    1470.56 0.0000e+00
     54.000   59.84438 -149.46804     5.8176    31.4175    1470.38 0.0000e+00
     55.000   59.84438 -149.46802     5.7560    31.4206    1470.15 0.0000e+00
     56.000   59.84438 -149.46802     5.7566    31.4333    1470.19 0.0000e+00
     57.000   59.84438 -149.46802     5.7349    31.4359    1470.12 0.0000e+00
     58.000   59.84438 -149.46802     5.6821    31.4384    1469.93 0.0000e+00
     59.000   59.84438 -149.46801     5.6514    31.4430    1469.83 0.0000e+00
     60.000   59.84439 -149.46800     5.6340    31.4535    1469.78 0.0000e+00
     61.000   59.84440 -149.46800     5.5560    31.4562    1469.49 0.0000e+00
     62.000   59.84440 -149.46800     5.5086    31.4740    1469.34 0.0000e+00
     63.000   59.84440 -149.46800     5.4931    31.4798    1469.30 0.0000e+00
     64.000   59.84440 -149.46800     5.4757    31.4824    1469.25 0.0000e+00
     65.000   59.84440 -149.46798     5.4093    31.4848    1469.00 0.0000e+00
     66.000   59.84440 -149.46798     5.3021    31.4834    1468.57 0.0000e+00
     67.000   59.84440 -149.46798     5.2467    31.4857    1468.37 0.0000e+00
     68.000   59.84440 -149.46798     5.2467    31.4907    1468.39 0.0000e+00
     69.000   59.84440 -149.46798     5.2480    31.4981    1468.42 0.0000e+00
     70.000   59.84442 -149.46798     5.2137    31.4994    1468.30 0.0000e+00
     71.000   59.84441 -149.46798     5.1916    31.5017    1468.23 0.0000e+00
     72.000   59.84440 -149.46796     5.2194    31.5137    1468.37 0.0000e+00
     73.000   59.84442 -149.46796     5.1820    31.5202    1468.25 0.0000e+00
     74.000   59.84442 -149.46796     5.1305    31.5291    1468.06 0.0000e+00
     75.000   59.84442 -149.46796     5.0814    31.5362    1467.89 0.0000e+00
     76.000   59.84442 -149.46796     5.0322    31.5425    1467.71 0.0000e+00
     77.000   59.84442 -149.46796     4.9845    31.5521    1467.54 0.0000e+00
     78.000   59.84442 -149.46796     4.9317    31.5572    1467.35 0.0000e+00
     79.000   59.84442 -149.46795     4.8952    31.5611    1467.22 0.0000e+00
     80.000   59.84442 -149.46794     4.8896    31.5635    1467.22 0.0000e+00
     81.000   59.84442 -149.46796     4.8750    31.5646    1467.18 0.0000e+00
     82.000   59.84442 -149.46796     4.8651    31.5751    1467.17 0.0000e+00
     83.000   59.84442 -149.46794     4.8778    31.5887    1467.25 0.0000e+00
     84.000   59.84442 -149.46794     4.9310    31.6075    1467.51 0.0000e+00
     85.000   59.84442 -149.46794     4.9410    31.6144    1467.58 0.0000e+00
     86.000   59.84442 -149.46794     4.9506    31.6188    1467.64 0.0000e+00
     87.000   59.84442 -149.46794     4.9325    31.6222    1467.59 0.0000e+00
     88.000   59.84442 -149.46794     4.9114    31.6319    1467.53 0.0000e+00
     89.000   59.84442 -149.46794     4.8727    31.6348    1467.39 0.0000e+00
     90.000   59.84442 -149.46794     4.8858    31.6428    1467.47 0.0000e+00
     91.000   59.84442 -149.46794     4.9076    31.6506    1467.58 0.0000e+00
     92.000   59.84444 -149.46794     4.9431    31.6645    1467.77 0.0000e+00
     93.000   59.84444 -149.46794     5.0134    31.6856    1468.10 0.0000e+00
     94.000   59.84444 -149.46794     5.0540    31.7021    1468.30 0.0000e+00
     95.000   59.84442 -149.46794     5.0521    31.7116    1468.32 0.0000e+00
     96.000   59.84444 -149.46794     5.0298    31.7119    1468.25 0.0000e+00
     97.000   59.84444 -149.46794     5.1498    31.7417    1468.79 0.0000e+00
     98.000   59.84444 -149.46794     5.2444    31.7698    1469.23 0.0000e+00
     99.000   59.84444 -149.46794     5.2936    31.7883    1469.47 0.0000e+00
    100.000   59.84444 -149.46794     5.2885    31.8018    1469.48 0.0000e+00
    101.000   59.84444 -149.46794     5.2990    31.8172    1469.56 0.0000e+00
    102.000   59.84444 -149.46794     5.2706    31.8227    1469.47 0.0000e+00
    103.000   59.84444 -149.46794     5.2603    31.8284    1469.45 0.0000e+00
    104.000   59.84444 -149.46794     5.2728    31.8356    1469.53 0.0000e+00
    105.000   59.84444 -149.46794     5.2717    31.8427    1469.55 0.0000e+00
    106.000   59.84444 -149.46794     5.3136    31.8495    1469.75 0.0000e+00
    107.000   59.84444 -149.46794     5.3266    31.8541    1469.82 0.0000e+00
    108.000   59.84444 -149.46794     5.5014    31.8824    1470.59 0.0000e+00
    109.000   59.84444 -149.46794     5.6096    31.8990    1471.06 0.0000e+00
    110.000   59.84444 -149.46794     5.5916    31.8990    1471.00 0.0000e+00
    111.000   59.84444 -149.46794     5.4079    31.8831    1470.26 0.0000e+00
    112.000   59.84444 -149.46794     5.4316    31.8962    1470.39 0.0000e+00
    113.000   59.84444 -149.46794     5.5111    31.9161    1470.75 0.0000e+00
    114.000   59.84444 -149.46794     5.6367    31.9492    1471.32 0.0000e+00
    115.000   59.84444 -149.46794     5.6704    31.9560    1471.48 0.0000e+00
    116.000   59.84444 -149.46794     5.6044    31.9542    1471.22 0.0000e+00
    117.000   59.84444 -149.46794     5.5324    31.9556    1470.95 0.0000e+00
    118.000   59.84444 -149.46794     5.4977    31.9661    1470.84 0.0000e+00
    119.000   59.84444 -149.46794     5.4998    31.9776    1470.88 0.0000e+00
    120.000   59.84444 -149.46794     5.5046    31.9957    1470.94 0.0000e+00
    121.000   59.84444 -149.46794     5.5016    32.0239    1470.98 0.0000e+00
    122.000   59.84444 -149.46794     5.4504    32.0431    1470.81 0.0000e+00
    123.000   59.84444 -149.46794     5.4030    32.0668    1470.67 0.0000e+00
    124.000   59.84444 -149.46794     5.3696    32.0713    1470.55 0.0000e+00
    125.000   59.84444 -149.46794     5.3257    32.0749    1470.40 0.0000e+00
    126.000   59.84444 -149.46794     5.3654    32.0857    1470.59 0.0000e+00
    127.000   59.84444 -149.46794     5.3617    32.0886    1470.59 0.0000e+00
    128.000   59.84444 -149.46794     5.3575    32.0957    1470.60 0.0000e+00
    129.000   59.84444 -149.46794     5.3561    32.1024    1470.62 0.0000e+00
    130.000   59.84444 -149.46794     5.3627    32.1062    1470.67 0.0000e+00
    131.000   59.84444 -149.46794     5.3693    32.1104    1470.72 0.0000e+00
    132.000   59.84444 -149.46794     5.3660    32.1193    1470.73 0.0000e+00
    133.000   59.84443 -149.46794     5.3702    32.1273    1470.78 0.0000e+00
    134.000   59.84442 -149.46794     5.3748    32.1291    1470.81 0.0000e+00
    135.000   59.84442 -149.46794     5.3784    32.1308    1470.85 0.0000e+00
    136.000   59.84444 -149.46794     5.3832    32.1351    1470.89 0.0000e+00
    137.000   59.84444 -149.46794     5.3780    32.1386    1470.89 0.0000e+00
    138.000   59.84444 -149.46794     5.3643    32.1481    1470.86 0.0000e+00
    139.000   59.84444 -149.46794     5.3597    32.1585    1470.87 0.0000e+00
    140.000   59.84444 -149.46794     5.3592    32.1621    1470.89 0.0000e+00
    141.000   59.84444 -149.46794     5.3597    32.1626    1470.91 0.0000e+00
    142.000   59.84443 -149.46794     5.3619    32.1663    1470.94 0.0000e+00
    143.000   59.84443 -149.46794     5.3565    32.1716    1470.94 0.0000e+00
    144.000   59.84444 -149.46794     5.3524    32.1731    1470.94 0.0000e+00
    145.000   59.84444 -149.46794     5.3509    32.1756    1470.96 0.0000e+00
    146.000   59.84444 -149.46794     5.3484    32.1851    1470.98 0.0000e+00
    147.000   59.84444 -149.46794     5.3425    32.1887    1470.97 0.0000e+00
    148.000   59.84444 -149.46794     5.3402    32.1910    1470.98 0.0000e+00
    149.000   59.84444 -149.46794     5.3375    32.1930    1470.99 0.0000e+00
    150.000   59.84444 -149.46794     5.3367    32.1940    1471.00 0.0000e+00
    151.000   59.84442 -149.46794     5.3365    32.1956    1471.02 0.0000e+00
    152.000   59.84443 -149.46794     5.3361    32.1971    1471.04 0.0000e+00
    153.000   59.84444 -149.46794     5.3341    32.1985    1471.05 0.0000e+00
    154.000   59.84444 -149.46794     5.3336    32.2008    1471.07 0.0000e+00
    155.000   59.84444 -149.46794     5.3319    32.2043    1471.08 0.0000e+00
    156.000   59.84444 -149.46794     5.3306    32.2047    1471.09 0.0000e+00
    157.000   59.84444 -149.46794     5.3306    32.2066    1471.11 0.0000e+00
    158.000   59.84443 -149.46794     5.3308    32.2138    1471.14 0.0000e+00
    159.000   59.84442 -149.46794     5.3377    32.2226    1471.19 0.0000e+00
    160.000   59.84442 -149.46794     5.3408    32.2280    1471.23 0.0000e+00
    161.000   59.84442 -149.46794     5.3346    32.2445    1471.24 0.0000e+00
    162.000   59.84443 -149.46794     5.3293    32.2522    1471.25 0.0000e+00
    163.000   59.84444 -149.46794     5.3073    32.2692    1471.20 0.0000e+00
    164.000   59.84444 -149.46794     5.3187    32.3192    1471.32 0.0000e+00
    165.000   59.84444 -149.46794     5.3311    32.3596    1471.44 0.0000e+00
    166.000   59.84444 -149.46794     5.3419    32.3919    1471.54 0.0000e+00
    167.000   59.84442 -149.46794     5.3575    32.4067    1471.64 0.0000e+00
    168.000   59.84442 -149.46794     5.3616    32.4108    1471.68 0.0000e+00
    169.000   59.84442 -149.46794     5.3624    32.4128    1471.70 0.0000e+00
    170.000   59.84443 -149.46794     5.3626    32.4137    1471.72 0.0000e+00
    171.000   59.84444 -149.46794     5.3642    32.4161    1471.75 0.0000e+00
    172.000   59.84444 -149.46796     5.3665    32.4191    1471.78 0.0000e+00
    173.000   59.84444 -149.46796     5.3698    32.4251    1471.81 0.0000e+00
    174.000   59.84444 -149.46796     5.3773    32.4343    1471.87 0.0000e+00
    175.000   59.84442 -149.46796     5.3863    32.4470    1471.94 0.0000e+00
    176.000   59.84442 -149.46796     5.3912    32.4557    1471.99 0.0000e+00
    177.000   59.84442 -149.46796     5.3963    32.4618    1472.04 0.0000e+00
    178.000   59.84442 -149.46796     5.4008    32.4716    1472.08 0.0000e+00
    179.000   59.84442 -149.46796     5.4077    32.4799    1472.14 0.0000e+00
    180.000   59.84442 -149.46796     5.4373    32.5245    1472.33 0.0000e+00
    181.000   59.84442 -149.46796     5.4563    32.5460    1472.45 0.0000e+00
    182.000   59.84442 -149.46796     5.5118    32.6284    1472.80 0.0000e+00
    183.000   59.84442 -149.46796     5.5273    32.6517    1472.91 0.0000e+00
    184.000   59.84442 -149.46796     5.5267    32.6553    1472.92 0.0000e+00
    185.000   59.84442 -149.46796     5.5272    32.6585    1472.95 0.0000e+00
    186.000   59.84442 -149.46796     5.5332    32.6687    1473.00 0.0000e+00
    187.000   59.84442 -149.46796     5.5471    32.6868    1473.10 0.0000e+00
    188.000   59.84442 -149.46796     5.5793    32.7262    1473.29 0.0000e+00
    189.000   59.84442 -149.46796     5.6003    32.7473    1473.42 0.0000e+00
    190.000   59.84442 -149.46796     5.6101    32.7603    1473.49 0.0000e+00
    191.000   59.84442 -149.46796     5.6163    32.7693    1473.55 0.0000e+00
    192.000   59.84442 -149.46796     5.6176    32.7716    1473.57 0.0000e+00
    193.000   59.84442 -149.46796     5.6160    32.7722    1473.58 0.0000e+00
    194.000   59.84442 -149.46796     5.6128    32.7732    1473.59 0.0000e+00
    195.000   59.84442 -149.46796     5.6173    32.7746    1473.62 0.0000e+00
    196.000   59.84442 -149.46796     5.6193    32.7755    1473.65 0.0000e+00
    197.000   59.84442 -149.46796     5.6201    32.7766    1473.67 0.0000e+00
    198.000   59.84442 -149.46796     5.6213    32.7807    1473.70 0.0000e+00
    199.000   59.84442 -149.46796     5.6222    32.7819    1473.72 0.0000e+00
    200.000   59.84442 -149.46796     5.6235    32.7845    1473.74 0.0000e+00
    201.000   59.84442 -149.46796     5.6328    32.7998    1473.82 0.0000e+00
    202.000   59.84442 -149.46796     5.6381    32.8096    1473.87 0.0000e+00
    203.000   59.84442 -149.46797     5.6450    32.8197    1473.92 0.0000e+00
    204.000   59.84442 -149.46798     5.6499    32.8238    1473.97 0.0000e+00
    205.000   59.84441 -149.46798     5.6499    32.8248    1473.98 0.0000e+00
    206.000   59.84440 -149.46798     5.6526    32.8300    1474.02 0.0000e+00
