merge_samples_with_btl/SKQ202309T/ctd/skq202309t_002svp.cnv
* Sea-Bird SBE 9 Data File:
* FileName = D:\CTD\SKQ202309T\SKQ202309T_002.hex
* Software Version Seasave V 7.26.7.121
* Temperature SN = 6177
* Conductivity SN = 0369
* Number of Bytes Per Scan = 38
* Number of Voltage Words = 3
* Number of Scans Averaged by the Deck Unit = 1
* NMEA Latitude = 54 25.07 N
* NMEA Longitude = 165 12.78 W
* NMEA UTC (Time) = Jun 09 2023  15:02:10
* NMEA baud rate = 4800
** Ship: R/V Sikuliaq
** Station Number: 002
** Station Name: STN002
** Bottom Depth: 177
** Operator: SZ
# nquan = 7
# nvalues = 18024                                 
# units = specified
# name 0 = depSM: Depth [salt water, m]
# name 1 = latitude: Latitude [deg]
# name 2 = longitude: Longitude [deg]
# name 3 = t090C: Temperature [ITS-90, deg C]
# name 4 = sal00: Salinity, Practical [PSU]
# name 5 = svCM: Sound Velocity [Chen-Millero, m/s]
# name 6 = flag:  0.000e+00
# span 0 =      1.482,    168.265                 
# span 1 =   54.41784,   54.41820                 
# span 2 = -165.21356, -165.21312                 
# span 3 =     4.4396,     5.4025                 
# span 4 =    32.2285,    33.0757                 
# span 5 =    1468.38,    1469.32                 
# span 6 = 0.0000e+00, 0.0000e+00                 
# interval = seconds: 0.0416667
# start_time = Jun 09 2023 15:06:35 [NMEA time, first data scan]
# bad_flag = -9.990e-29
*END*
[from data line 3283]
     16.164   54.41784 -165.21316     5.2660    32.2746    1468.61  0.000e+00
     16.241   54.41784 -165.21316     5.2656    32.2743    1468.61  0.000e+00
     16.164   54.41784 -165.21316     5.2654    32.2749    1468.61  0.000e+00
     16.279   54.41784 -165.21316     5.2656    32.2751    1468.61  0.000e+00
     16.241   54.41784 -165.21316     5.2651    32.2746    1468.61  0.000e+00
     16.218   54.41784 -165.21316     5.2645    32.2738    1468.61  0.000e+00
     16.279   54.41784 -165.21316     5.2638    32.2728    1468.60  0.000e+00
     16.241   54.41784 -165.21316     5.2623    32.2732    1468.60  0.000e+00
     16.333   54.41784 -165.21316     5.2616    32.2732    1468.59  0.000e+00
     16.279   54.41784 -165.21316     5.2612    32.2737    1468.59  0.000e+00
     16.303   54.41784 -165.21316     5.2604    32.2737    1468.59  0.000e+00
     16.333   54.41784 -165.21316     5.2593    32.2738    1468.59  0.000e+00
     16.333   54.41784 -165.21316     5.2586    32.2745    1468.58  0.000e+00
     16.357   54.41784 -165.21316     5.2583    32.2746    1468.58  0.000e+00
     16.395   54.41784 -165.21316     5.2584    32.2750    1468.58  0.000e+00
     16.395   54.41784 -165.21316     5.2588    32.2749    1468.59  0.000e+00
     16.411   54.41784 -165.21316     5.2586    32.2742    1468.58  0.000e+00
     16.395   54.41784 -165.21316     5.2588    32.2742    1468.59  0.000e+00
     16.449   54.41784 -165.21316     5.2588    32.2750    1468.59  0.000e+00
     16.411   54.41784 -165.21316     5.2591    32.2749    1468.59  0.000e+00
     16.449   54.41784 -165.21316     5.2593    32.2747    1468.59  0.000e+00
     16.395   54.41784 -165.21316     5.2594    32.2748    1468.59  0.000e+00
     16.472   54.41784 -165.21316     5.2596    32.2751    1468.59  0.000e+00
     16.449   54.41784 -165.21316     5.2597    32.2745    1468.59  0.000e+00
     16.503   54.41784 -165.21316     5.2599    32.2738    1468.59  0.000e+00
     16.472   54.41784 -165.21316     5.2595    32.2741    1468.59  0.000e+00
     16.503   54.41784 -165.21316     5.2588    32.2742    1468.59  0.000e+00
     16.503   54.41784 -165.21316     5.2580    32.2741    1468.58  0.000e+00
     16.526   54.41784 -165.21316     5.2567    32.2749    1468.58  0.000e+00
     16.503   54.41784 -165.21316     5.2562    32.2747    1468.58  0.000e+00
     16.503   54.41784 -165.21316     5.2555    32.2750    1468.57  0.000e+00
     16.588   54.41784 -165.21316     5.2548    32.2753    1468.57  0.000e+00
     16.503   54.41784 -165.21316     5.2551    32.2748    1468.57  0.000e+00
     16.588   54.41784 -165.21316     5.2545    32.2753    1468.57  0.000e+00
     16.565   54.41784 -165.21316     5.2537    32.2758    1468.57  0.000e+00
     16.565   54.41784 -165.21316     5.2535    32.2757    1468.57  0.000e+00
     16.588   54.41784 -165.21316     5.2532    32.2761    1468.57  0.000e+00
     16.565   54.41784 -165.21316     5.2533    32.2759    1468.57  0.000e+00
     16.619   54.41784 -165.21316     5.2534    32.2755    1468.57  0.000e+00
     16.588   54.41784 -165.21316     5.2533    32.2758    1468.57  0.000e+00
     16.619   54.41784 -165.21316     5.2529    32.2763    1468.57  0.000e+00
     16.619   54.41784 -165.21316     5.2526    32.2763    1468.57  0.000e+00
     16.642   54.41784 -165.21316     5.2524    32.2764    1468.57  0.000e+00
     16.619   54.41784 -165.21316     5.2524    32.2764    1468.57  0.000e+00
     16.681   54.41784 -165.21316     5.2527    32.2759    1468.57  0.000e+00
     16.642   54.41784 -165.21316     5.2529    32.2761    1468.57  0.000e+00
     16.619   54.41784 -165.21316     5.2530    32.2767    1468.57  0.000e+00
     16.681   54.41784 -165.21316     5.2533    32.2766    1468.57  0.000e+00
     16.642   54.41784 -165.21316     5.2537    32.2763    1468.57  0.000e+00
     16.681   54.41784 -165.21316     5.2540    32.2758    1468.57  0.000e+00
     16.681   54.41784 -165.21316     5.2548    32.2756    1468.58  0.000e+00
     16.696   54.41784 -165.21316     5.2556    32.2752    1468.58  0.000e+00
     16.681   54.41784 -165.21316     5.2554    32.2750    1468.58  0.000e+00
     16.681   54.41784 -165.21316     5.2550    32.2751    1468.58  0.000e+00
     16.758   54.41784 -165.21316     5.2545    32.2755    1468.58  0.000e+00
     16.681   54.41784 -165.21316     5.2542    32.2758    1468.57  0.000e+00
     16.681   54.41784 -165.21316     5.2526    32.2769    1468.57  0.000e+00
     16.812   54.41784 -165.21316     5.2529    32.2766    1468.57  0.000e+00
     16.735   54.41784 -165.21316     5.2542    32.2761    1468.57  0.000e+00
     16.696   54.41784 -165.21316     5.2551    32.2759    1468.58  0.000e+00
     16.797   54.41784 -165.21316     5.2552    32.2756    1468.58  0.000e+00
     16.797   54.41784 -165.21316     5.2551    32.2750    1468.58  0.000e+00
     16.758   54.41784 -165.21316     5.2549    32.2748    1468.58  0.000e+00
     16.735   54.41784 -165.21316     5.2543    32.2749    1468.57  0.000e+00
     16.797   54.41784 -165.21316     5.2538    32.2754    1468.57  0.000e+00
     16.758   54.41784 -165.21316     5.2537    32.2754    1468.57  0.000e+00
     16.797   54.41784 -165.21316     5.2535    32.2757    1468.57  0.000e+00
     16.851   54.41784 -165.21316     5.2532    32.2758    1468.57  0.000e+00
     16.758   54.41784 -165.21316     5.2533    32.2759    1468.57  0.000e+00
     16.797   54.41784 -165.21316     5.2534    32.2760    1468.57  0.000e+00
     16.851   54.41784 -165.21316     5.2535    32.2760    1468.57  0.000e+00
     16.812   54.41784 -165.21316     5.2537    32.2753    1468.57  0.000e+00
     16.851   54.41784 -165.21316     5.2537    32.2757    1468.57  0.000e+00
     16.851   54.41784 -165.21316     5.2538    32.2753    1468.57  0.000e+00
     16.874   54.41784 -165.21316     5.2537    32.2753    1468.57  0.000e+00
     16.851   54.41784 -165.21316     5.2529    32.2762    1468.57  0.000e+00
     16.874   54.41784 -165.21316     5.2526    32.2762    1468.57  0.000e+00
     16.851   54.41784 -165.21316     5.2524    32.2765    1468.57  0.000e+00
     16.905   54.41784 -165.21316     5.2526    32.2762    1468.57  0.000e+00
     16.874   54.41784 -165.21316     5.2521    32.2768    1468.57  0.000e+00
     16.905   54.41784 -165.21316     5.2519    32.2770    1468.57  0.000e+00
     16.905   54.41784 -165.21316     5.2518    32.2769    1468.57  0.000e+00
     16.928   54.41784 -165.21316     5.2521    32.2766    1468.57  0.000e+00
     16.905   54.41784 -165.21316     5.2524    32.2763    1468.57  0.000e+00
     16.967   54.41784 -165.21316     5.2526    32.2763    1468.57  0.000e+00
     16.928   54.41784 -165.21316     5.2526    32.2767    1468.57  0.000e+00
     16.967   54.41784 -165.21316     5.2526    32.2765    1468.57  0.000e+00
     16.967   54.41784 -165.21316     5.2518    32.2767    1468.57  0.000e+00
     16.990   54.41784 -165.21316     5.2515    32.2760    1468.57  0.000e+00
     16.967   54.41784 -165.21316     5.2511    32.2765    1468.57  0.000e+00
     17.021   54.41784 -165.21316     5.2505    32.2768    1468.57  0.000e+00
     16.990   54.41784 -165.21316     5.2505    32.2769    1468.56  0.000e+00
     17.021   54.41784 -165.21316     5.2505    32.2765    1468.56  0.000e+00
     16.990   54.41784 -165.21316     5.2499    32.2763    1468.56  0.000e+00
     17.021   54.41784 -165.21316     5.2497    32.2769    1468.56  0.000e+00
     17.082   54.41784 -165.21316     5.2494    32.2772    1468.56  0.000e+00
     17.044   54.41784 -165.21316     5.2489    32.2772    1468.56  0.000e+00
     17.082   54.41784 -165.21316     5.2484    32.2781    1468.56  0.000e+00
     17.082   54.41784 -165.21316     5.2484    32.2777    1468.56  0.000e+00
     17.098   54.41784 -165.21316     5.2487    32.2774    1468.56  0.000e+00
     17.082   54.41784 -165.21316     5.2483    32.2782    1468.56  0.000e+00
     17.137   54.41784 -165.21316     5.2483    32.2777    1468.56  0.000e+00
     17.098   54.41784 -165.21316     5.2478    32.2783    1468.56  0.000e+00
     17.137   54.41784 -165.21316     5.2481    32.2780    1468.56  0.000e+00
     17.137   54.41784 -165.21316     5.2486    32.2778    1468.56  0.000e+00
     17.160   54.41784 -165.21316     5.2490    32.2776    1468.56  0.000e+00
     17.137   54.41784 -165.21316     5.2493    32.2773    1468.56  0.000e+00
     17.214   54.41784 -165.21316     5.2490    32.2778    1468.56  0.000e+00
     17.252   54.41784 -165.21316     5.2489    32.2777    1468.56  0.000e+00
     17.191   54.41784 -165.21316     5.2486    32.2776    1468.56  0.000e+00
     17.276   54.41784 -165.21316     5.2484    32.2781    1468.56  0.000e+00
     17.252   54.41784 -165.21316     5.2487    32.2780    1468.56  0.000e+00
     17.252   54.41784 -165.21316     5.2489    32.2784    1468.56  0.000e+00
     17.276   54.41784 -165.21316     5.2495    32.2778    1468.57  0.000e+00
     17.306   54.41784 -165.21316     5.2499    32.2768    1468.57  0.000e+00
     17.306   54.41784 -165.21316     5.2497    32.2768    1468.57  0.000e+00
     17.330   54.41784 -165.21316     5.2494    32.2768    1468.57  0.000e+00
     17.306   54.41784 -165.21316     5.2494    32.2770    1468.57  0.000e+00
     17.368   54.41784 -165.21316     5.2489    32.2770    1468.56  0.000e+00
     17.391   54.41784 -165.21316     5.2487    32.2772    1468.56  0.000e+00
     17.368   54.41784 -165.21316     5.2486    32.2772    1468.56  0.000e+00
     17.391   54.41784 -165.21316     5.2486    32.2774    1468.56  0.000e+00
     17.422   54.41784 -165.21316     5.2484    32.2774    1468.56  0.000e+00
     17.422   54.41784 -165.21316     5.2484    32.2778    1468.56  0.000e+00
     17.445   54.41784 -165.21316     5.2486    32.2778    1468.57  0.000e+00
     17.422   54.41784 -165.21316     5.2492    32.2774    1468.57  0.000e+00
     17.538   54.41784 -165.21316     5.2496    32.2770    1468.57  0.000e+00
     17.499   54.41784 -165.21316     5.2499    32.2768    1468.57  0.000e+00
     17.538   54.41784 -165.21316     5.2500    32.2768    1468.57  0.000e+00
     17.422   54.41784 -165.21316     5.2500    32.2771    1468.57  0.000e+00
     17.615   54.41784 -165.21316     5.2503    32.2766    1468.57  0.000e+00
     17.592   54.41784 -165.21316     5.2505    32.2766    1468.57  0.000e+00
     17.561   54.41784 -165.21316     5.2505    32.2764    1468.57  0.000e+00
     17.592   54.41784 -165.21316     5.2506    32.2770    1468.58  0.000e+00
     17.592   54.41784 -165.21316     5.2506    32.2767    1468.58  0.000e+00
     17.677   54.41784 -165.21316     5.2505    32.2766    1468.58  0.000e+00
     17.592   54.41784 -165.21316     5.2505    32.2771    1468.57  0.000e+00
     17.708   54.41784 -165.21316     5.2505    32.2769    1468.58  0.000e+00
     17.677   54.41784 -165.21316     5.2503    32.2771    1468.58  0.000e+00
     17.708   54.41784 -165.21316     5.2502    32.2770    1468.58  0.000e+00
     17.731   54.41784 -165.21316     5.2503    32.2767    1468.58  0.000e+00
     17.770   54.41784 -165.21316     5.2500    32.2772    1468.58  0.000e+00
     17.770   54.41784 -165.21316     5.2502    32.2769    1468.58  0.000e+00
     17.785   54.41784 -165.21316     5.2500    32.2768    1468.58  0.000e+00
     17.824   54.41784 -165.21316     5.2499    32.2771    1468.58  0.000e+00
     17.770   54.41784 -165.21316     5.2497    32.2771    1468.57  0.000e+00
     17.847   54.41784 -165.21316     5.2491    32.2774    1468.57  0.000e+00
     17.886   54.41784 -165.21316     5.2489    32.2773    1468.57  0.000e+00
     17.847   54.41784 -165.21316     5.2484    32.2775    1468.57  0.000e+00
     17.940   54.41784 -165.21316     5.2473    32.2774    1468.57  0.000e+00
     17.886   54.41784 -165.21316     5.2454    32.2778    1468.56  0.000e+00
     17.963   54.41784 -165.21316     5.2439    32.2780    1468.56  0.000e+00
     17.994   54.41784 -165.21316     5.2429    32.2785    1468.55  0.000e+00
     17.994   54.41784 -165.21316     5.2422    32.2791    1468.55  0.000e+00
     18.017   54.41784 -165.21316     5.2418    32.2795    1468.55  0.000e+00
     18.055   54.41784 -165.21316     5.2416    32.2801    1468.55  0.000e+00
     18.079   54.41784 -165.21316     5.2417    32.2801    1468.55  0.000e+00
     18.055   54.41784 -165.21316     5.2419    32.2803    1468.55  0.000e+00
     18.109   54.41784 -165.21316     5.2426    32.2802    1468.56  0.000e+00
     18.133   54.41784 -165.21316     5.2431    32.2797    1468.56  0.000e+00
     18.109   54.41784 -165.21316     5.2430    32.2794    1468.56  0.000e+00
     18.171   54.41784 -165.21316     5.2427    32.2796    1468.56  0.000e+00
     18.187   54.41784 -165.21316     5.2428    32.2791    1468.56  0.000e+00
     18.225   54.41784 -165.21316     5.2429    32.2793    1468.56  0.000e+00
     18.248   54.41784 -165.21316     5.2425    32.2796    1468.56  0.000e+00
     18.225   54.41784 -165.21316     5.2429    32.2794    1468.56  0.000e+00
     18.341   54.41784 -165.21316     5.2425    32.2793    1468.56  0.000e+00
     18.303   54.41784 -165.21316     5.2427    32.2792    1468.56  0.000e+00
     18.341   54.41784 -165.21316     5.2432    32.2793    1468.56  0.000e+00
     18.341   54.41784 -165.21316     5.2437    32.2791    1468.56  0.000e+00
     18.364   54.41784 -165.21316     5.2438    32.2786    1468.56  0.000e+00
     18.395   54.41784 -165.21316     5.2441    32.2784    1468.56  0.000e+00
     18.418   54.41784 -165.21316     5.2439    32.2789    1468.56  0.000e+00
     18.457   54.41784 -165.21316     5.2441    32.2785    1468.57  0.000e+00
     18.457   54.41784 -165.21316     5.2448    32.2784    1468.57  0.000e+00
     18.480   54.41784 -165.21316     5.2451    32.2781    1468.57  0.000e+00
     18.511   54.41784 -165.21316     5.2452    32.2783    1468.57  0.000e+00
     18.534   54.41784 -165.21316     5.2453    32.2784    1468.57  0.000e+00
     18.573   54.41784 -165.21316     5.2452    32.2788    1468.57  0.000e+00
     18.627   54.41784 -165.21316     5.2451    32.2791    1468.57  0.000e+00
     18.588   54.41784 -165.21316     5.2450    32.2792    1468.57  0.000e+00
     18.689   54.41784 -165.21316     5.2448    32.2794    1468.57  0.000e+00
     18.650   54.41784 -165.21316     5.2450    32.2792    1468.57  0.000e+00
     18.689   54.41784 -165.21316     5.2451    32.2791    1468.57  0.000e+00
     18.743   54.41784 -165.21316     5.2451    32.2794    1468.58  0.000e+00
     18.704   54.41784 -165.21316     5.2452    32.2793    1468.57  0.000e+00
     18.797   54.41784 -165.21316     5.2453    32.2793    1468.58  0.000e+00
     18.797   54.41784 -165.21316     5.2454    32.2795    1468.58  0.000e+00
     18.820   54.41784 -165.21316     5.2457    32.2792    1468.58  0.000e+00
     18.797   54.41784 -165.21316     5.2458    32.2791    1468.58  0.000e+00
     18.882   54.41784 -165.21316     5.2459    32.2791    1468.58  0.000e+00
     18.859   54.41784 -165.21316     5.2462    32.2788    1468.58  0.000e+00
     18.913   54.41784 -165.21316     5.2464    32.2792    1468.58  0.000e+00
     18.990   54.41784 -165.21316     5.2471    32.2784    1468.59  0.000e+00
     18.974   54.41784 -165.21316     5.2475    32.2782    1468.59  0.000e+00
     18.990   54.41784 -165.21316     5.2474    32.2784    1468.59  0.000e+00
     19.028   54.41784 -165.21316     5.2475    32.2785    1468.59  0.000e+00
     19.090   54.41784 -165.21316     5.2476    32.2784    1468.59  0.000e+00
     19.052   54.41784 -165.21316     5.2476    32.2784    1468.59  0.000e+00
     19.144   54.41784 -165.21316     5.2476    32.2786    1468.59  0.000e+00
     19.106   54.41784 -165.21316     5.2486    32.2782    1468.59  0.000e+00
     19.144   54.41784 -165.21316     5.2494    32.2780    1468.60  0.000e+00
     19.198   54.41784 -165.21316     5.2502    32.2777    1468.60  0.000e+00
     19.221   54.41784 -165.21316     5.2506    32.2774    1468.60  0.000e+00
