merge_samples_with_btl/SKQ202309T/ctd/skq202309t_decktestsvp.cnv
* Sea-Bird SBE 9 Data File:
* FileName = D:\CTD\SKQ202309T\SKQ202309T_decktest.hex
* Software Version Seasave V 7.26.7.121
* Temperature SN = 6177
* Conductivity SN = 0369
* Number of Bytes Per Scan = 41
* Number of Voltage Words = 4
* Number of Scans Averaged by the Deck Unit = 1
* NMEA Latitude = 59 27.85 N
* NMEA Longitude = 146 25.62 W
* NMEA UTC (Time) = May 26 2023  22:41:26
* NMEA baud rate = 4800
** Ship: R/V Sikuliaq
** Station Number:
** Station Name:
** Bottom Depth:
** Operator:
** Deck Test
# nquan = 7
# nvalues = 4677                                  
# units = specified
# name 0 = depSM: Depth [salt water, m]
# name 1 = latitude: Latitude [deg]
# name 2 = longitude: Longitude [deg]
# name 3 = t090C: Temperature [ITS-90, deg C]
# name 4 = sal00: Salinity, Practical [PSU]
# name 5 = svCM: Sound Velocity [Chen-Millero, m/s]
# name 6 = flag:  0.000e+00
# span 0 =     -1.626,     -1.362                 
# span 1 =   59.46438,   59.46448                 
# span 2 = -146.42632, -146.42582                 
# span 3 =    14.1898,    14.5287                 
# span 4 =     0.0132,     0.0138                 
# span 5 =    1463.07,    1464.28                 
# span 6 = 0.0000e+00, 0.0000e+00                 
# interval = seconds: 0.0416667
# start_time = May 26 2023 22:47:21 [NMEA time, first data scan]
# bad_flag = -9.990e-29
*END*
[from data line 206]
     -1.540   59.46440 -146.42630    14.5088     0.0136    1464.20  0.000e+00
     -1.478   59.46440 -146.42630    14.5098     0.0136    1464.21  0.000e+00
     -1.540   59.46440 -146.42630    14.5105     0.0137    1464.21  0.000e+00
     -1.540   59.46440 -146.42630    14.5115     0.0137    1464.21  0.000e+00
     -1.478   59.46440 -146.42630    14.5127     0.0137    1464.22  0.000e+00
     -1.540   59.46440 -146.42630    14.5134     0.0137    1464.22  0.000e+00
     -1.594   59.46440 -146.42630    14.5142     0.0137    1464.22  0.000e+00
     -1.447   59.46440 -146.42630    14.5150     0.0137    1464.23  0.000e+00
     -1.540   59.46440 -146.42630    14.5157     0.0137    1464.23  0.000e+00
     -1.540   59.46440 -146.42630    14.5165     0.0137    1464.23  0.000e+00
     -1.478   59.46440 -146.42630    14.5167     0.0137    1464.23  0.000e+00
     -1.540   59.46440 -146.42630    14.5176     0.0137    1464.24  0.000e+00
     -1.540   59.46440 -146.42630    14.5181     0.0137    1464.24  0.000e+00
     -1.478   59.46440 -146.42630    14.5183     0.0137    1464.24  0.000e+00
     -1.540   59.46440 -146.42630    14.5189     0.0136    1464.24  0.000e+00
     -1.540   59.46440 -146.42630    14.5191     0.0137    1464.24  0.000e+00
     -1.540   59.46440 -146.42630    14.5194     0.0136    1464.24  0.000e+00
     -1.478   59.46440 -146.42630    14.5195     0.0136    1464.24  0.000e+00
     -1.540   59.46440 -146.42630    14.5198     0.0136    1464.24  0.000e+00
     -1.540   59.46440 -146.42630    14.5199     0.0136    1464.24  0.000e+00
     -1.540   59.46440 -146.42630    14.5199     0.0136    1464.24  0.000e+00
     -1.540   59.46440 -146.42630    14.5199     0.0137    1464.24  0.000e+00
     -1.478   59.46440 -146.42630    14.5198     0.0137    1464.24  0.000e+00
     -1.540   59.46440 -146.42630    14.5199     0.0137    1464.24  0.000e+00
     -1.478   59.46440 -146.42630    14.5196     0.0137    1464.24  0.000e+00
     -1.540   59.46440 -146.42630    14.5194     0.0137    1464.24  0.000e+00
     -1.478   59.46440 -146.42630    14.5192     0.0137    1464.24  0.000e+00
     -1.540   59.46440 -146.42630    14.5189     0.0137    1464.24  0.000e+00
     -1.540   59.46440 -146.42630    14.5183     0.0137    1464.24  0.000e+00
     -1.478   59.46440 -146.42630    14.5179     0.0137    1464.24  0.000e+00
     -1.540   59.46440 -146.42630    14.5172     0.0137    1464.23  0.000e+00
     -1.478   59.46440 -146.42630    14.5164     0.0136    1464.23  0.000e+00
     -1.540   59.46440 -146.42630    14.5156     0.0137    1464.23  0.000e+00
     -1.478   59.46440 -146.42630    14.5146     0.0137    1464.23  0.000e+00
     -1.540   59.46440 -146.42630    14.5136     0.0137    1464.22  0.000e+00
     -1.478   59.46440 -146.42630    14.5127     0.0137    1464.22  0.000e+00
     -1.478   59.46440 -146.42630    14.5114     0.0137    1464.21  0.000e+00
     -1.540   59.46440 -146.42630    14.5103     0.0137    1464.21  0.000e+00
     -1.478   59.46440 -146.42630    14.5093     0.0137    1464.21  0.000e+00
     -1.478   59.46440 -146.42630    14.5080     0.0136    1464.20  0.000e+00
     -1.540   59.46440 -146.42630    14.5066     0.0137    1464.20  0.000e+00
     -1.478   59.46440 -146.42630    14.5053     0.0137    1464.19  0.000e+00
     -1.478   59.46440 -146.42630    14.5038     0.0136    1464.19  0.000e+00
     -1.478   59.46440 -146.42630    14.5023     0.0137    1464.18  0.000e+00
     -1.478   59.46440 -146.42630    14.5008     0.0137    1464.18  0.000e+00
     -1.478   59.46440 -146.42630    14.4992     0.0137    1464.17  0.000e+00
     -1.540   59.46440 -146.42630    14.4977     0.0137    1464.16  0.000e+00
     -1.447   59.46440 -146.42630    14.4964     0.0137    1464.16  0.000e+00
     -1.478   59.46440 -146.42628    14.4950     0.0137    1464.16  0.000e+00
     -1.478   59.46440 -146.42628    14.4935     0.0137    1464.15  0.000e+00
     -1.540   59.46440 -146.42628    14.4918     0.0137    1464.14  0.000e+00
     -1.424   59.46440 -146.42628    14.4902     0.0137    1464.14  0.000e+00
     -1.478   59.46440 -146.42628    14.4885     0.0137    1464.13  0.000e+00
     -1.478   59.46440 -146.42628    14.4870     0.0137    1464.13  0.000e+00
     -1.478   59.46440 -146.42628    14.4852     0.0137    1464.12  0.000e+00
     -1.478   59.46440 -146.42628    14.4838     0.0137    1464.12  0.000e+00
     -1.478   59.46440 -146.42628    14.4818     0.0137    1464.11  0.000e+00
     -1.478   59.46440 -146.42628    14.4804     0.0137    1464.10  0.000e+00
     -1.424   59.46440 -146.42628    14.4784     0.0137    1464.10  0.000e+00
     -1.478   59.46440 -146.42628    14.4770     0.0137    1464.09  0.000e+00
     -1.478   59.46440 -146.42628    14.4757     0.0137    1464.09  0.000e+00
     -1.478   59.46440 -146.42628    14.4739     0.0137    1464.08  0.000e+00
     -1.424   59.46440 -146.42628    14.4721     0.0137    1464.08  0.000e+00
     -1.478   59.46440 -146.42628    14.4708     0.0137    1464.07  0.000e+00
     -1.424   59.46440 -146.42628    14.4693     0.0137    1464.07  0.000e+00
     -1.478   59.46440 -146.42628    14.4677     0.0137    1464.06  0.000e+00
     -1.478   59.46440 -146.42628    14.4664     0.0137    1464.06  0.000e+00
     -1.424   59.46440 -146.42628    14.4649     0.0137    1464.05  0.000e+00
     -1.478   59.46440 -146.42628    14.4635     0.0137    1464.04  0.000e+00
     -1.424   59.46440 -146.42628    14.4621     0.0137    1464.04  0.000e+00
     -1.478   59.46440 -146.42628    14.4607     0.0137    1464.03  0.000e+00
     -1.424   59.46440 -146.42628    14.4593     0.0137    1464.03  0.000e+00
     -1.424   59.46440 -146.42628    14.4582     0.0137    1464.03  0.000e+00
     -1.478   59.46440 -146.42628    14.4571     0.0137    1464.02  0.000e+00
     -1.478   59.46440 -146.42628    14.4559     0.0137    1464.02  0.000e+00
     -1.424   59.46440 -146.42628    14.4548     0.0137    1464.01  0.000e+00
     -1.478   59.46440 -146.42628    14.4537     0.0137    1464.01  0.000e+00
     -1.424   59.46440 -146.42628    14.4526     0.0137    1464.01  0.000e+00
     -1.424   59.46440 -146.42628    14.4515     0.0137    1464.00  0.000e+00
     -1.478   59.46440 -146.42628    14.4507     0.0137    1464.00  0.000e+00
     -1.424   59.46440 -146.42628    14.4495     0.0137    1464.00  0.000e+00
     -1.424   59.46440 -146.42628    14.4488     0.0137    1463.99  0.000e+00
     -1.478   59.46440 -146.42628    14.4478     0.0137    1463.99  0.000e+00
     -1.424   59.46440 -146.42628    14.4468     0.0137    1463.99  0.000e+00
     -1.478   59.46440 -146.42628    14.4463     0.0137    1463.98  0.000e+00
     -1.478   59.46440 -146.42628    14.4455     0.0137    1463.98  0.000e+00
     -1.385   59.46440 -146.42628    14.4448     0.0137    1463.98  0.000e+00
     -1.424   59.46440 -146.42628    14.4439     0.0137    1463.98  0.000e+00
     -1.424   59.46440 -146.42628    14.4433     0.0137    1463.97  0.000e+00
     -1.424   59.46440 -146.42628    14.4426     0.0137    1463.97  0.000e+00
     -1.478   59.46440 -146.42628    14.4417     0.0137    1463.97  0.000e+00
     -1.424   59.46440 -146.42628    14.4412     0.0137    1463.97  0.000e+00
     -1.424   59.46440 -146.42628    14.4409     0.0137    1463.97  0.000e+00
     -1.478   59.46440 -146.42628    14.4399     0.0137    1463.96  0.000e+00
     -1.424   59.46440 -146.42628    14.4396     0.0137    1463.96  0.000e+00
     -1.424   59.46440 -146.42628    14.4390     0.0137    1463.96  0.000e+00
     -1.424   59.46440 -146.42628    14.4384     0.0137    1463.96  0.000e+00
     -1.478   59.46440 -146.42628    14.4382     0.0137    1463.95  0.000e+00
     -1.424   59.46440 -146.42628    14.4375     0.0137    1463.95  0.000e+00
     -1.424   59.46440 -146.42628    14.4372     0.0137    1463.95  0.000e+00
     -1.478   59.46440 -146.42628    14.4366     0.0137    1463.95  0.000e+00
     -1.362   59.46440 -146.42628    14.4364     0.0137    1463.95  0.000e+00
     -1.478   59.46440 -146.42628    14.4360     0.0137    1463.95  0.000e+00
     -1.424   59.46440 -146.42628    14.4355     0.0137    1463.95  0.000e+00
     -1.424   59.46440 -146.42628    14.4355     0.0137    1463.95  0.000e+00
     -1.478   59.46440 -146.42628    14.4350     0.0137    1463.94  0.000e+00
     -1.424   59.46440 -146.42628    14.4347     0.0137    1463.94  0.000e+00
     -1.424   59.46440 -146.42628    14.4346     0.0137    1463.94  0.000e+00
     -1.424   59.46440 -146.42628    14.4342     0.0137    1463.94  0.000e+00
     -1.424   59.46440 -146.42628    14.4339     0.0137    1463.94  0.000e+00
     -1.478   59.46440 -146.42628    14.4339     0.0137    1463.94  0.000e+00
     -1.424   59.46440 -146.42628    14.4335     0.0137    1463.94  0.000e+00
     -1.424   59.46440 -146.42628    14.4337     0.0137    1463.94  0.000e+00
     -1.424   59.46440 -146.42628    14.4334     0.0137    1463.94  0.000e+00
     -1.478   59.46440 -146.42628    14.4333     0.0137    1463.94  0.000e+00
     -1.424   59.46440 -146.42628    14.4332     0.0137    1463.94  0.000e+00
     -1.424   59.46440 -146.42628    14.4330     0.0137    1463.94  0.000e+00
     -1.478   59.46440 -146.42628    14.4330     0.0137    1463.94  0.000e+00
     -1.424   59.46440 -146.42628    14.4330     0.0137    1463.94  0.000e+00
     -1.424   59.46440 -146.42628    14.4328     0.0137    1463.94  0.000e+00
     -1.478   59.46440 -146.42628    14.4328     0.0137    1463.94  0.000e+00
     -1.424   59.46440 -146.42626    14.4330     0.0137    1463.94  0.000e+00
     -1.478   59.46440 -146.42626    14.4332     0.0137    1463.94  0.000e+00
     -1.478   59.46440 -146.42626    14.4333     0.0137    1463.94  0.000e+00
     -1.385   59.46440 -146.42626    14.4334     0.0137    1463.94  0.000e+00
     -1.424   59.46440 -146.42626    14.4336     0.0137    1463.94  0.000e+00
     -1.478   59.46440 -146.42626    14.4340     0.0137    1463.94  0.000e+00
     -1.478   59.46440 -146.42626    14.4344     0.0137    1463.94  0.000e+00
     -1.424   59.46440 -146.42626    14.4346     0.0137    1463.94  0.000e+00
     -1.478   59.46440 -146.42626    14.4348     0.0137    1463.94  0.000e+00
     -1.424   59.46440 -146.42626    14.4355     0.0137    1463.95  0.000e+00
     -1.478   59.46440 -146.42626    14.4359     0.0137    1463.95  0.000e+00
     -1.478   59.46440 -146.42626    14.4365     0.0137    1463.95  0.000e+00
     -1.424   59.46440 -146.42626    14.4371     0.0137    1463.95  0.000e+00
     -1.478   59.46440 -146.42626    14.4379     0.0137    1463.95  0.000e+00
     -1.478   59.46440 -146.42626    14.4387     0.0137    1463.96  0.000e+00
     -1.478   59.46440 -146.42626    14.4396     0.0136    1463.96  0.000e+00
     -1.478   59.46440 -146.42626    14.4407     0.0137    1463.96  0.000e+00
     -1.424   59.46440 -146.42626    14.4417     0.0137    1463.97  0.000e+00
     -1.478   59.46440 -146.42626    14.4429     0.0137    1463.97  0.000e+00
     -1.478   59.46440 -146.42626    14.4442     0.0136    1463.98  0.000e+00
     -1.478   59.46440 -146.42626    14.4456     0.0137    1463.98  0.000e+00
     -1.478   59.46440 -146.42626    14.4471     0.0137    1463.99  0.000e+00
     -1.478   59.46440 -146.42626    14.4488     0.0136    1463.99  0.000e+00
     -1.478   59.46440 -146.42628    14.4507     0.0136    1464.00  0.000e+00
     -1.478   59.46440 -146.42628    14.4524     0.0137    1464.01  0.000e+00
     -1.478   59.46440 -146.42628    14.4542     0.0136    1464.01  0.000e+00
     -1.540   59.46440 -146.42628    14.4560     0.0137    1464.02  0.000e+00
     -1.478   59.46440 -146.42628    14.4579     0.0137    1464.02  0.000e+00
     -1.478   59.46440 -146.42628    14.4597     0.0136    1464.03  0.000e+00
     -1.540   59.46440 -146.42628    14.4614     0.0136    1464.04  0.000e+00
     -1.478   59.46440 -146.42628    14.4635     0.0136    1464.04  0.000e+00
     -1.478   59.46440 -146.42628    14.4658     0.0137    1464.05  0.000e+00
     -1.478   59.46440 -146.42628    14.4680     0.0137    1464.06  0.000e+00
     -1.540   59.46440 -146.42628    14.4701     0.0137    1464.07  0.000e+00
     -1.478   59.46440 -146.42628    14.4727     0.0136    1464.08  0.000e+00
     -1.540   59.46440 -146.42628    14.4753     0.0136    1464.09  0.000e+00
     -1.478   59.46440 -146.42628    14.4782     0.0136    1464.10  0.000e+00
     -1.540   59.46440 -146.42628    14.4807     0.0136    1464.10  0.000e+00
     -1.478   59.46440 -146.42628    14.4834     0.0137    1464.12  0.000e+00
     -1.540   59.46440 -146.42628    14.4861     0.0137    1464.12  0.000e+00
     -1.478   59.46440 -146.42628    14.4889     0.0136    1464.13  0.000e+00
     -1.540   59.46440 -146.42628    14.4917     0.0137    1464.14  0.000e+00
     -1.501   59.46440 -146.42628    14.4945     0.0137    1464.15  0.000e+00
     -1.540   59.46440 -146.42628    14.4969     0.0136    1464.16  0.000e+00
     -1.478   59.46440 -146.42628    14.4997     0.0136    1464.17  0.000e+00
     -1.540   59.46440 -146.42628    14.5022     0.0137    1464.18  0.000e+00
     -1.540   59.46440 -146.42628    14.5044     0.0137    1464.19  0.000e+00
     -1.478   59.46440 -146.42628    14.5065     0.0137    1464.20  0.000e+00
     -1.540   59.46440 -146.42628    14.5085     0.0136    1464.20  0.000e+00
     -1.478   59.46440 -146.42628    14.5107     0.0136    1464.21  0.000e+00
     -1.540   59.46440 -146.42628    14.5123     0.0136    1464.22  0.000e+00
     -1.540   59.46440 -146.42628    14.5143     0.0137    1464.22  0.000e+00
     -1.540   59.46440 -146.42628    14.5159     0.0136    1464.23  0.000e+00
     -1.540   59.46440 -146.42628    14.5174     0.0136    1464.23  0.000e+00
     -1.478   59.46440 -146.42628    14.5188     0.0136    1464.24  0.000e+00
     -1.540   59.46440 -146.42628    14.5198     0.0136    1464.24  0.000e+00
     -1.540   59.46440 -146.42628    14.5211     0.0137    1464.25  0.000e+00
     -1.540   59.46440 -146.42628    14.5223     0.0136    1464.25  0.000e+00
     -1.478   59.46440 -146.42628    14.5231     0.0136    1464.26  0.000e+00
     -1.540   59.46440 -146.42628    14.5240     0.0137    1464.26  0.000e+00
     -1.540   59.46440 -146.42628    14.5248     0.0137    1464.26  0.000e+00
     -1.540   59.46440 -146.42628    14.5257     0.0137    1464.26  0.000e+00
     -1.478   59.46440 -146.42628    14.5262     0.0137    1464.27  0.000e+00
     -1.540   59.46440 -146.42628    14.5267     0.0137    1464.27  0.000e+00
     -1.540   59.46440 -146.42628    14.5272     0.0137    1464.27  0.000e+00
     -1.478   59.46440 -146.42628    14.5277     0.0137    1464.27  0.000e+00
     -1.540   59.46440 -146.42628    14.5278     0.0136    1464.27  0.000e+00
     -1.540   59.46440 -146.42628    14.5282     0.0137    1464.27  0.000e+00
     -1.540   59.46440 -146.42628    14.5282     0.0136    1464.27  0.000e+00
     -1.540   59.46440 -146.42628    14.5284     0.0136    1464.27  0.000e+00
     -1.478   59.46440 -146.42628    14.5286     0.0137    1464.28  0.000e+00
     -1.540   59.46440 -146.42626    14.5285     0.0136    1464.27  0.000e+00
     -1.540   59.46440 -146.42626    14.5287     0.0136    1464.27  0.000e+00
     -1.478   59.46440 -146.42626    14.5285     0.0136    1464.28  0.000e+00
     -1.540   59.46440 -146.42626    14.5284     0.0137    1464.27  0.000e+00
     -1.478   59.46440 -146.42626    14.5284     0.0137    1464.27  0.000e+00
     -1.540   59.46440 -146.42626    14.5278     0.0137    1464.27  0.000e+00
     -1.540   59.46440 -146.42626    14.5277     0.0136    1464.27  0.000e+00
     -1.478   59.46440 -146.42626    14.5273     0.0136    1464.27  0.000e+00
     -1.540   59.46440 -146.42626    14.5268     0.0137    1464.27  0.000e+00
     -1.478   59.46440 -146.42626    14.5264     0.0136    1464.27  0.000e+00
     -1.540   59.46440 -146.42626    14.5259     0.0137    1464.27  0.000e+00
     -1.478   59.46440 -146.42626    14.5253     0.0137    1464.26  0.000e+00
