merge_samples_with_btl/SKQ202309T/ctd/skq202309t_001.cnv
* Sea-Bird SBE 9 Data File:
* FileName = D:\CTD\SKQ202309T\SKQ202309T_001.hex
* Software Version Seasave V 7.26.7.121
* Temperature SN = 6177
* Conductivity SN = 0369
* Number of Bytes Per Scan = 38
* Number of Voltage Words = 3
* Number of Scans Averaged by the Deck Unit = 1
* NMEA Latitude = 59 50.67 N
* NMEA Longitude = 149 28.05 W
* NMEA UTC (Time) = Jun 06 2023  18:49:21
* NMEA baud rate = 4800
** Ship: R/V Sikuliaq
** Station Number: 001
** Station Name: GAK1
** Bottom Depth: 272
** Operator: AP
# nquan = 24
# nvalues = 15748                                 
# units = specified
# name 0 = depSM: Depth [salt water, m]
# name 1 = latitude: Latitude [deg]
# name 2 = longitude: Longitude [deg]
# name 3 = prDM: Pressure, Digiquartz [db]
# name 4 = t090C: Temperature [ITS-90, deg C]
# name 5 = t190C: Temperature, 2 [ITS-90, deg C]
# name 6 = potemp090C: Potential Temperature [ITS-90, deg C]
# name 7 = sal00: Salinity, Practical [PSU]
# name 8 = sal11: Salinity, Practical, 2 [PSU]
# name 9 = density00: Density [density, kg/m^3]
# name 10 = sigma-é00: Density [sigma-theta, kg/m^3]
# name 11 = sbox0Mm/Kg: Oxygen, SBE 43 [umol/kg]
# name 12 = sbox1Mm/Kg: Oxygen, SBE 43, 2 [umol/kg]
# name 13 = oxsolMm/Kg: Oxygen Saturation, Garcia & Gordon [umol/kg]
# name 14 = sbeox0PS: Oxygen, SBE 43 [% saturation]
# name 15 = sbeox1PS: Oxygen, SBE 43, 2 [% saturation]
# name 16 = v0: Voltage 0
# name 17 = flECO-AFL: Fluorescence, WET Labs ECO-AFL/FL [mg/m^3]
# name 18 = v1: Voltage 1
# name 19 = CStarAt0: Beam Attenuation, WET Labs C-Star [1/m]
# name 20 = par: PAR/Irradiance, Biospherical/Licor
# name 21 = scan: Scan Count
# name 22 = timeM: Time, Elapsed [minutes]
# name 23 = flag:  0.000e+00
# span 0 =      0.794,    259.781                 
# span 1 =   59.84412,   59.84444                 
# span 2 = -149.46844, -149.46794                 
# span 3 =      0.802,    262.417                 
# span 4 =     4.8622,     8.6935                 
# span 5 =     4.8621,     8.6922                 
# span 6 =     4.8564,     8.6934                 
# span 7 =    29.9272,    33.1993                 
# span 8 =    29.9446,    33.2094                 
# span 9 =  1023.1990,  1027.3487                 
# span 10 =    23.1943,    26.1420                
# span 11 =    132.179,    352.719                
# span 12 =    126.548,    344.122                
# span 13 =  293.10583,  316.39090                
# span 14 =     43.352,    120.096                
# span 15 =     41.507,    117.149                
# span 16 =     0.0574,     0.6947                
# span 17 =    -0.0037,     3.8205                
# span 18 =     3.4371,     4.6569                
# span 19 =     0.0473,     1.2625                
# span 20 = 1.0000e-12, 5.1887e+02                
# span 21 =          1,      15748                
# span 22 =     0.0000,    10.9354                
# span 23 = 0.0000e+00, 0.0000e+00                
# interval = seconds: 0.0416667
# start_time = Jun 06 2023 18:55:03 [NMEA time, first data scan]
# bad_flag = -9.990e-29
*END*
[from data line 12257]
    237.583   59.84434 -149.46810    239.981     5.8574     5.8570     5.8377    33.0863    33.0959  1027.1655    26.0605    162.538    157.329  305.57289     53.191     51.490     0.0623     0.0256     4.4444     0.2341 1.0000e-12      12258     8.5118  0.000e+00
    237.583   59.84434 -149.46810    239.981     5.8575     5.8573     5.8378    33.0867    33.0965  1027.1658    26.0608    162.550    157.339  305.57081     53.195     51.494     0.0611     0.0183     4.4432     0.2352 8.4714e-06      12259     8.5125  0.000e+00
    237.584   59.84434 -149.46810    239.981     5.8575     5.8573     5.8378    33.0877    33.0976  1027.1666    26.0616    162.532    157.167  305.56861     53.190     51.438     0.0623     0.0256     4.4432     0.2352 1.0000e-12      12260     8.5132  0.000e+00
    237.638   59.84434 -149.46810    240.036     5.8580     5.8575     5.8383    33.0879    33.0978  1027.1670    26.0617    162.547    157.161  305.56473     53.196     51.436     0.0611     0.0183     4.4432     0.2352 8.4714e-06      12261     8.5139  0.000e+00
    237.700   59.84434 -149.46810    240.099     5.8580     5.8578     5.8383    33.0880    33.0978  1027.1673    26.0618    162.567    157.157  305.56419     53.202     51.435     0.0623     0.0256     4.4432     0.2352 8.4714e-06      12262     8.5146  0.000e+00
    237.700   59.84434 -149.46810    240.099     5.8581     5.8581     5.8384    33.0887    33.0986  1027.1679    26.0623    162.587    157.153  305.56184     53.209     51.434     0.0611     0.0183     4.4432     0.2352 1.0000e-12      12263     8.5153  0.000e+00
    237.754   59.84434 -149.46810    240.153     5.8582     5.8579     5.8385    33.0890    33.0988  1027.1683    26.0625    162.612    157.153  305.56094     53.217     51.435     0.0611     0.0183     4.4432     0.2352 8.4714e-06      12264     8.5160  0.000e+00
    237.754   59.84434 -149.46810    240.153     5.8585     5.8583     5.8388    33.0889    33.0989  1027.1682    26.0624    162.637    157.132  305.55881     53.226     51.428     0.0611     0.0183     4.4432     0.2352 8.4714e-06      12265     8.5167  0.000e+00
    237.754   59.84434 -149.46810    240.153     5.8583     5.8582     5.8386    33.0891    33.0996  1027.1684    26.0626    162.432    157.133  305.55957     53.159     51.429     0.0611     0.0183     4.4432     0.2352 8.4714e-06      12266     8.5174  0.000e+00
    237.816   59.84434 -149.46810    240.216     5.8585     5.8583     5.8388    33.0889    33.0992  1027.1685    26.0624    162.606    157.138  305.55879     53.216     51.430     0.0611     0.0183     4.4432     0.2352 8.4714e-06      12267     8.5181  0.000e+00
    237.870   59.84434 -149.46810    240.271     5.8587     5.8584     5.8389    33.0894    33.0989  1027.1691    26.0628    162.403    157.144  305.55669     53.150     51.432     0.0611     0.0183     4.4432     0.2352 8.4714e-06      12268     8.5188  0.000e+00
    237.870   59.84434 -149.46810    240.271     5.8588     5.8586     5.8391    33.0891    33.0992  1027.1688    26.0625    162.377    157.312  305.55637     53.141     51.487     0.0611     0.0183     4.4432     0.2352 8.4714e-06      12269     8.5194  0.000e+00
    237.932   59.84434 -149.46810    240.333     5.8587     5.8586     5.8389    33.0790    33.0994  1027.1612    26.0546    162.570    157.339  305.58020     53.201     51.496     0.0611     0.0183     4.4432     0.2352 8.4714e-06      12270     8.5201  0.000e+00
    237.932   59.84434 -149.46810    240.333     5.8588     5.8586     5.8391    33.0784    33.0996  1027.1607    26.0541    162.374    157.163  305.58041     53.136     51.439     0.0623     0.0256     4.4432     0.2352 8.4714e-06      12271     8.5208  0.000e+00
    237.986   59.84434 -149.46810    240.388     5.8587     5.8586     5.8389    33.0875    33.0997  1027.1681    26.0613    162.345    157.151  305.56105     53.130     51.435     0.0611     0.0183     4.4432     0.2352 8.4714e-06      12272     8.5215  0.000e+00
    237.986   59.84434 -149.46810    240.388     5.8590     5.8588     5.8392    33.0900    33.1000  1027.1701    26.0633    162.323    157.139  305.55301     53.124     51.431     0.0623     0.0256     4.4432     0.2352 8.4714e-06      12273     8.5222  0.000e+00
    237.986   59.84434 -149.46810    240.388     5.8592     5.8589     5.8394    33.0903    33.1003  1027.1703    26.0634    162.510    157.127  305.55095     53.186     51.428     0.0611     0.0183     4.4432     0.2352 1.0000e-12      12274     8.5229  0.000e+00
    238.102   59.84434 -149.46810    240.506     5.8590     5.8591     5.8392    33.0907    33.1004  1027.1711    26.0637    162.326    157.140  305.55164     53.126     51.432     0.0623     0.0256     4.4420     0.2363 1.0000e-12      12275     8.5236  0.000e+00
    238.102   59.84434 -149.46810    240.506     5.8595     5.8593     5.8397    33.0906    33.1003  1027.1710    26.0637    162.313    157.151  305.54807     53.122     51.436     0.0611     0.0183     4.4371     0.2407 1.0000e-12      12276     8.5243  0.000e+00
    238.102   59.84434 -149.46810    240.506     5.8594     5.8594     5.8397    33.0909    33.1006  1027.1713    26.0639    162.304    156.981  305.54770     53.119     51.381     0.0623     0.0256     4.4359     0.2418 8.4714e-06      12277     8.5250  0.000e+00
    238.164   59.84434 -149.46810    240.568     5.8596     5.8594     5.8399    33.0911    33.1012  1027.1717    26.0640    162.298    157.141  305.54597     53.117     51.433     0.0611     0.0183     4.4347     0.2429 8.4714e-06      12278     8.5257  0.000e+00
    238.164   59.84434 -149.46810    240.568     5.8596     5.8596     5.8398    33.0912    33.1013  1027.1718    26.0641    162.294    157.137  305.54596     53.116     51.432     0.0623     0.0256     4.4359     0.2418 8.4714e-06      12279     8.5264  0.000e+00
    238.218   59.84434 -149.46810    240.623     5.8599     5.8597     5.8402    33.0912    33.1015  1027.1720    26.0641    162.292    157.135  305.54346     53.116     51.432     0.0611     0.0183     4.4359     0.2418 8.4714e-06      12280     8.5271  0.000e+00
    238.218   59.84434 -149.46810    240.623     5.8599     5.8599     5.8402    33.0912    33.1016  1027.1720    26.0640    162.294    157.133  305.54355     53.116     51.431     0.0623     0.0256     4.4359     0.2418 8.4714e-06      12281     8.5278  0.000e+00
    238.273   59.84434 -149.46810    240.678     5.8597     5.8599     5.8400    33.0911    33.1013  1027.1722    26.0640    162.300    157.133  305.54523     53.118     51.431     0.0611     0.0183     4.4359     0.2418 1.0000e-12      12282     8.5285  0.000e+00
    238.273   59.84434 -149.46810    240.678     5.8601     5.8599     5.8403    33.0908    33.1015  1027.1719    26.0637    162.305    157.133  305.54329     53.120     51.431     0.0611     0.0183     4.4359     0.2418 1.0000e-12      12283     8.5292  0.000e+00
    238.335   59.84434 -149.46810    240.740     5.8601     5.8602     5.8403    33.0915    33.1018  1027.1728    26.0643    162.721    157.134  305.54160     53.257     51.432     0.0611     0.0183     4.4359     0.2418 1.0000e-12      12284     8.5299  0.000e+00
    238.335   59.84434 -149.46810    240.740     5.8601     5.8602     5.8403    33.0913    33.1016  1027.1726    26.0642    162.415    157.135  305.54204     53.156     51.432     0.0611     0.0183     4.4359     0.2418 8.4714e-06      12285     8.5306  0.000e+00
    238.389   59.84434 -149.46810    240.795     5.8601     5.8604     5.8403    33.0916    33.1019  1027.1730    26.0643    162.429    157.158  305.54157     53.161     51.440     0.0611     0.0183     4.4359     0.2418 1.0000e-12      12286     8.5313  0.000e+00
    238.389   59.84434 -149.46810    240.795     5.8601     5.8604     5.8403    33.0917    33.1015  1027.1732    26.0645    162.443    157.163  305.54113     53.166     51.442     0.0623     0.0256     4.4359     0.2418 8.4714e-06      12287     8.5319  0.000e+00
    238.389   59.84434 -149.46810    240.795     5.8604     5.8602     5.8407    33.0916    33.1018  1027.1730    26.0643    162.428    157.168  305.53901     53.161     51.443     0.0611     0.0183     4.4359     0.2418 1.0000e-12      12288     8.5326  0.000e+00
    238.451   59.84434 -149.46810    240.858     5.8604     5.8604     5.8406    33.0919    33.1021  1027.1735    26.0645    162.417    157.174  305.53863     53.158     51.445     0.0611     0.0183     4.4359     0.2418 8.4714e-06      12289     8.5333  0.000e+00
    238.505   59.84434 -149.46810    240.913     5.8606     5.8605     5.8408    33.0918    33.1021  1027.1737    26.0644    162.406    157.181  305.53742     53.154     51.448     0.0611     0.0183     4.4359     0.2418 8.4714e-06      12290     8.5340  0.000e+00
    238.482   59.84434 -149.46810    240.889     5.8605     5.8607     5.8408    33.0922    33.1023  1027.1739    26.0648    162.395    157.187  305.53685     53.151     51.450     0.0611     0.0183     4.4359     0.2418 8.4714e-06      12291     8.5347  0.000e+00
    238.567   59.84434 -149.46810    240.975     5.8604     5.8607     5.8406    33.0924    33.1024  1027.1745    26.0650    162.420    157.014  305.53701     53.159     51.393     0.0611     0.0183     4.4359     0.2418 8.4714e-06      12292     8.5354  0.000e+00
    238.505   59.84434 -149.46810    240.913     5.8609     5.8607     5.8411    33.0921    33.1023  1027.1739    26.0647    162.442    157.003  305.53484     53.167     51.390     0.0611     0.0183     4.4359     0.2418 8.4714e-06      12293     8.5361  0.000e+00
    238.567   59.84434 -149.46810    240.975     5.8611     5.8608     5.8413    33.0922    33.1022  1027.1743    26.0647    162.470    156.995  305.53311     53.176     51.388     0.0623     0.0256     4.4359     0.2418 8.4714e-06      12294     8.5368  0.000e+00
    238.621   59.84434 -149.46810    241.030     5.8608     5.8607     5.8409    33.0927    33.1023  1027.1749    26.0651    162.299    157.174  305.53424     53.120     51.446     0.0611     0.0183     4.4359     0.2418 1.0000e-12      12295     8.5375  0.000e+00
    238.621   59.84434 -149.46810    241.030     5.8612     5.8608     5.8414    33.0918    33.1024  1027.1742    26.0644    162.271    157.187  305.53328     53.111     51.450     0.0623     0.0256     4.4335     0.2440 1.0000e-12      12296     8.5382  0.000e+00
    238.621   59.84434 -149.46810    241.030     5.8609     5.8608     5.8411    33.0924    33.0980  1027.1747    26.0649    162.246    157.207  305.53383     53.102     51.455     0.0611     0.0183     4.4322     0.2451 8.4714e-06      12297     8.5389  0.000e+00
    238.683   59.84434 -149.46810    241.093     5.8609     5.8608     5.8410    33.0926    33.0992  1027.1751    26.0651    162.224    157.039  305.53371     53.095     51.401     0.0623     0.0256     4.4322     0.2451 1.0000e-12      12298     8.5396  0.000e+00
    238.683   59.84434 -149.46810    241.093     5.8609     5.8610     5.8411    33.0929    33.1022  1027.1754    26.0653    162.407    157.215  305.53267     53.155     51.460     0.0611     0.0183     4.4310     0.2462 1.0000e-12      12299     8.5403  0.000e+00
    238.737   59.84434 -149.46810    241.147     5.8612     5.8610     5.8413    33.0926    33.1027  1027.1754    26.0650    162.215    157.030  305.53147     53.093     51.399     0.0623     0.0256     4.4322     0.2451 8.4714e-06      12300     8.5410  0.000e+00
    238.737   59.84434 -149.46810    241.147     5.8611     5.8611     5.8412    33.0925    33.1029  1027.1752    26.0649    162.200    157.008  305.53259     53.088     51.392     0.0611     0.0183     4.4310     0.2462 1.0000e-12      12301     8.5417  0.000e+00
    238.737   59.84434 -149.46810    241.147     5.8609     5.8608     5.8411    33.0929    33.1032  1027.1756    26.0653    162.186    156.989  305.53273     53.083     51.386     0.0611     0.0183     4.4322     0.2451 8.4714e-06      12302     8.5424  0.000e+00
    238.792   59.84434 -149.46810    241.202     5.8610     5.8611     5.8412    33.0927    33.1028  1027.1757    26.0652    162.176    156.990  305.53228     53.080     51.386     0.0611     0.0183     4.4310     0.2462 8.4714e-06      12303     8.5431  0.000e+00
    238.737   59.84434 -149.46810    241.147     5.8609     5.8610     5.8411    33.0932    33.1029  1027.1758    26.0655    162.166    156.992  305.53202     53.076     51.387     0.0623     0.0256     4.4322     0.2451 8.4714e-06      12304     8.5437  0.000e+00
    238.853   59.84434 -149.46810    241.265     5.8612     5.8610     5.8413    33.0928    33.1031  1027.1761    26.0652    162.161    156.998  305.53098     53.075     51.389     0.0611     0.0183     4.4322     0.2451 8.4714e-06      12305     8.5444  0.000e+00
    238.792   59.84434 -149.46810    241.202     5.8609     5.8610     5.8411    33.0931    33.1035  1027.1760    26.0654    162.157    157.002  305.53226     53.074     51.390     0.0611     0.0183     4.4322     0.2451 1.0000e-12      12306     8.5451  0.000e+00
    238.853   59.84434 -149.46810    241.265     5.8614     5.8610     5.8415    33.0925    33.1030  1027.1758    26.0649    162.156    157.011  305.53024     53.073     51.393     0.0611     0.0183     4.4322     0.2451 8.4714e-06      12307     8.5458  0.000e+00
    238.908   59.84434 -149.46810    241.320     5.8611     5.8611     5.8412    33.0928    33.1029  1027.1763    26.0652    162.159    157.021  305.53172     53.074     51.397     0.0611     0.0183     4.4322     0.2451 1.0000e-12      12308     8.5465  0.000e+00
    238.854   59.84434 -149.46810    241.265     5.8610     5.8610     5.8412    33.0934    33.1032  1027.1765    26.0657    162.161    157.010  305.53086     53.075     51.393     0.0611     0.0183     4.4322     0.2451 1.0000e-12      12309     8.5472  0.000e+00
    238.908   59.84434 -149.46810    241.320     5.8612     5.8611     5.8414    33.0930    33.1030  1027.1764    26.0653    162.168    157.002  305.53026     53.078     51.390     0.0611     0.0183     4.4322     0.2451 8.4714e-06      12310     8.5479  0.000e+00
    238.908   59.84434 -149.46810    241.320     5.8611     5.8611     5.8412    33.0931    33.1030  1027.1766    26.0655    162.177    156.994  305.53102     53.081     51.388     0.0611     0.0183     4.4310     0.2462 8.4714e-06      12311     8.5486  0.000e+00
    238.970   59.84434 -149.46810    241.382     5.8612     5.8611     5.8413    33.0932    33.1030  1027.1769    26.0655    162.190    156.805  305.53023     53.085     51.326     0.0611     0.0183     4.4322     0.2451 8.4714e-06      12312     8.5493  0.000e+00
    238.970   59.84434 -149.46810    241.382     5.8614     5.8611     5.8415    33.0931    33.1034  1027.1768    26.0654    161.999    156.962  305.52896     53.023     51.377     0.0611     0.0183     4.4310     0.2462 8.4714e-06      12313     8.5500  0.000e+00
    238.908   59.84434 -149.46810    241.320     5.8614     5.8613     5.8415    33.0936    33.1033  1027.1769    26.0658    162.188    156.772  305.52783     53.085     51.315     0.0611     0.0183     4.4322     0.2451 8.4714e-06      12314     8.5507  0.000e+00
    238.970   59.84434 -149.46810    241.382     5.8611     5.8611     5.8412    33.0937    33.1036  1027.1773    26.0659    162.179    156.751  305.52976     53.081     51.308     0.0623     0.0256     4.4310     0.2462 1.0000e-12      12315     8.5514  0.000e+00
    239.024   59.84434 -149.46810    241.437     5.8614     5.8615     5.8415    33.0931    33.1033  1027.1771    26.0654    162.201    156.730  305.52884     53.089     51.302     0.0611     0.0183     4.4322     0.2451 1.0000e-12      12316     8.5521  0.000e+00
