merge_samples_with_btl/SKQ202309T/ctd/skq202309t_003.cnv
* Sea-Bird SBE 9 Data File:
* FileName = D:\CTD\SKQ202309T\SKQ202309T_003.hex
* Software Version Seasave V 7.26.7.121
* Temperature SN = 6177
* Conductivity SN = 0369
* Number of Bytes Per Scan = 38
* Number of Voltage Words = 3
* Number of Scans Averaged by the Deck Unit = 1
* NMEA Latitude = 56 26.56 N
* NMEA Longitude = 166 33.22 W
* NMEA UTC (Time) = Jun 10 2023  04:39:46
* NMEA baud rate = 4800
** Ship: R/V Sikuliaq
** Station Number: 003
** Station Name: STN 004
** Bottom Depth: 101
** Operator: Julia Moriarty
# nquan = 23
# nvalues = 9701                                  
# units = specified
# name 0 = depSM: Depth [salt water, m]
# name 1 = latitude: Latitude [deg]
# name 2 = longitude: Longitude [deg]
# name 3 = prDM: Pressure, Digiquartz [db]
# name 4 = t090C: Temperature [ITS-90, deg C]
# name 5 = t190C: Temperature, 2 [ITS-90, deg C]
# name 6 = potemp090C: Potential Temperature [ITS-90, deg C]
# name 7 = sal00: Salinity, Practical [PSU]
# name 8 = sal11: Salinity, Practical, 2 [PSU]
# name 9 = density00: Density [density, kg/m^3]
# name 10 = sigma-é00: Density [sigma-theta, kg/m^3]
# name 11 = sbox0Mm/Kg: Oxygen, SBE 43 [umol/kg]
# name 12 = sbox1Mm/Kg: Oxygen, SBE 43, 2 [umol/kg]
# name 13 = oxsolMm/Kg: Oxygen Saturation, Garcia & Gordon [umol/kg]
# name 14 = sbeox0PS: Oxygen, SBE 43 [% saturation]
# name 15 = sbeox1PS: Oxygen, SBE 43, 2 [% saturation]
# name 16 = v0: Voltage 0
# name 17 = flECO-AFL: Fluorescence, WET Labs ECO-AFL/FL [mg/m^3]
# name 18 = v1: Voltage 1
# name 19 = CStarAt0: Beam Attenuation, WET Labs C-Star [1/m]
# name 20 = scan: Scan Count
# name 21 = timeM: Time, Elapsed [minutes]
# name 22 = flag:  0.000e+00
# span 0 =      1.756,     95.786                 
# span 1 =   56.44268,   56.44276                 
# span 2 = -166.55362, -166.55346                 
# span 3 =      1.772,     96.692                 
# span 4 =     3.6067,     6.8002                 
# span 5 =     3.6070,     6.8034                 
# span 6 =     3.6028,     6.8001                 
# span 7 =    31.7989,    32.3667                 
# span 8 =    31.8191,    32.3776                 
# span 9 =  1024.9856,  1026.1435                 
# span 10 =    24.9741,    25.6932                
# span 11 =    250.129,    423.188                
# span 12 =    242.122,    410.900                
# span 13 =  301.66348,  325.03991                
# span 14 =     77.877,    136.898                
# span 15 =     75.391,    133.522                
# span 16 =     0.0842,     4.1087                
# span 17 =     0.1575,    24.3040                
# span 18 =     2.7827,     4.4591                
# span 19 =     0.2209,     2.1077                
# span 20 =          1,       9701                
# span 21 =     0.0000,     6.7361                
# span 22 = 0.0000e+00, 0.0000e+00                
# interval = seconds: 0.0416667
# start_time = Jun 10 2023 04:44:02 [NMEA time, first data scan]
# bad_flag = -9.990e-29
*END*
[from data line 6048]
     57.811   56.44272 -166.55354     58.352     3.6502     3.6494     3.6466    31.9911    32.0030  1025.6997    25.4267    313.011    301.702  324.77011     96.379     92.904     0.1856     0.7656     4.4090     0.2661       6049     4.2000  0.000e+00
     57.865   56.44272 -166.55354     58.407     3.6501     3.6496     3.6465    31.9912    32.0028  1025.7001    25.4268    313.221    301.693  324.77067     96.444     92.901     0.1868     0.7729     4.4078     0.2672       6050     4.2007  0.000e+00
     57.865   56.44272 -166.55354     58.407     3.6502     3.6494     3.6466    31.9908    32.0027  1025.6998    25.4265    313.250    301.691  324.77067     96.453     92.900     0.1856     0.7656     4.4078     0.2672       6051     4.2014  0.000e+00
     57.911   56.44272 -166.55354     58.453     3.6501     3.6494     3.6465    31.9911    32.0028  1025.7002    25.4267    313.285    301.673  324.77092     96.463     92.895     0.1868     0.7729     4.4078     0.2672       6052     4.2021  0.000e+00
     57.981   56.44272 -166.55354     58.524     3.6499     3.6491     3.6463    31.9913    32.0027  1025.7007    25.4269    313.110    301.688  324.77209     96.409     92.899     0.1868     0.7729     4.4090     0.2661       6053     4.2028  0.000e+00
     57.927   56.44272 -166.55354     58.469     3.6501     3.6490     3.6465    31.9911    32.0027  1025.7004    25.4267    313.112    301.704  324.77075     96.410     92.903     0.1856     0.7656     4.4090     0.2661       6054     4.2035  0.000e+00
     57.981   56.44272 -166.55354     58.524     3.6499     3.6494     3.6463    31.9911    32.0030  1025.7006    25.4267    313.126    301.727  324.77257     96.414     92.911     0.1868     0.7729     4.4090     0.2661       6055     4.2042  0.000e+00
     58.027   56.44272 -166.55354     58.570     3.6499     3.6500     3.6463    31.9905    32.0023  1025.7003    25.4262    313.143    301.735  324.77359     96.419     92.915     0.1917     0.8022     4.4090     0.2661       6056     4.2049  0.000e+00
     58.035   56.44272 -166.55354     58.578     3.6497     3.6498     3.6461    31.9911    32.0027  1025.7008    25.4267    313.162    301.751  324.77390     96.425     92.920     0.1978     0.8388     4.4090     0.2661       6057     4.2056  0.000e+00
     58.035   56.44272 -166.55354     58.578     3.6501     3.6499     3.6465    31.9912    32.0027  1025.7009    25.4268    313.181    301.773  324.77060     96.431     92.926     0.1978     0.8388     4.4090     0.2661       6058     4.2062  0.000e+00
     58.097   56.44272 -166.55354     58.641     3.6504     3.6499     3.6468    31.9913    32.0029  1025.7012    25.4268    313.422    301.803  324.76834     96.506     92.936     0.1978     0.8388     4.4078     0.2672       6059     4.2069  0.000e+00
     58.089   56.44272 -166.55354     58.633     3.6504     3.6500     3.6468    31.9917    32.0024  1025.7015    25.4271    313.269    301.838  324.76688     96.460     92.946     0.1966     0.8315     4.4090     0.2661       6060     4.2076  0.000e+00
     58.097   56.44272 -166.55354     58.641     3.6509     3.6499     3.6473    31.9914    32.0026  1025.7013    25.4268    313.515    301.879  324.76386     96.536     92.959     0.1978     0.8388     4.4090     0.2661       6061     4.2083  0.000e+00
     58.151   56.44272 -166.55354     58.695     3.6508     3.6499     3.6472    31.9916    32.0024  1025.7017    25.4271    313.337    302.122  324.76365     96.482     93.034     0.1966     0.8315     4.4090     0.2661       6062     4.2090  0.000e+00
     58.212   56.44272 -166.55354     58.758     3.6509     3.6498     3.6473    31.9914    32.0026  1025.7018    25.4269    313.629    302.176  324.76382     96.571     93.050     0.1978     0.8388     4.4090     0.2661       6063     4.2097  0.000e+00
     58.151   56.44272 -166.55354     58.695     3.6508     3.6499     3.6472    31.9916    32.0029  1025.7017    25.4271    313.454    302.229  324.76365     96.518     93.067     0.1966     0.8315     4.4090     0.2661       6064     4.2104  0.000e+00
     58.259   56.44272 -166.55354     58.804     3.6510     3.6500     3.6474    31.9914    32.0030  1025.7021    25.4269    313.683    302.293  324.76251     96.588     93.087     0.1978     0.8388     4.4090     0.2661       6065     4.2111  0.000e+00
     58.212   56.44272 -166.55354     58.758     3.6511     3.6504     3.6475    31.9918    32.0030  1025.7021    25.4272    313.726    302.354  324.76071     96.602     93.107     0.1966     0.8315     4.4090     0.2661       6066     4.2118  0.000e+00
     58.267   56.44272 -166.55354     58.812     3.6514     3.6507     3.6478    31.9915    32.0030  1025.7021    25.4269    313.775    302.617  324.75990     96.617     93.188     0.1978     0.8388     4.4078     0.2672       6067     4.2125  0.000e+00
     58.267   56.44272 -166.55354     58.812     3.6515     3.6507     3.6479    31.9917    32.0032  1025.7023    25.4270    313.823    302.712  324.75854     96.633     93.218     0.1978     0.8388     4.4115     0.2639       6068     4.2132  0.000e+00
     58.313   56.44272 -166.55354     58.859     3.6516     3.6512     3.6480    31.9917    32.0028  1025.7025    25.4270    313.874    302.809  324.75724     96.649     93.249     0.1966     0.8315     4.4139     0.2617       6069     4.2139  0.000e+00
     58.328   56.44272 -166.55354     58.875     3.6516     3.6511     3.6480    31.9916    32.0030  1025.7025    25.4270    314.321    302.913  324.75735     96.786     93.281     0.1978     0.8388     4.4139     0.2617       6070     4.2146  0.000e+00
     58.328   56.44272 -166.55354     58.875     3.6516     3.6514     3.6480    31.9917    32.0027  1025.7025    25.4270    314.223    303.018  324.75725     96.756     93.313     0.1966     0.8315     4.4139     0.2617       6071     4.2153  0.000e+00
     58.382   56.44272 -166.55354     58.929     3.6518     3.6515     3.6482    31.9917    32.0030  1025.7028    25.4270    314.271    303.129  324.75596     96.772     93.348     0.1978     0.8388     4.4139     0.2617       6072     4.2160  0.000e+00
     58.375   56.44272 -166.55354     58.921     3.6515     3.6516     3.6479    31.9918    32.0034  1025.7029    25.4271    314.355    303.219  324.75780     96.797     93.376     0.1966     0.8315     4.4139     0.2617       6073     4.2167  0.000e+00
     58.437   56.44272 -166.55354     58.984     3.6516     3.6514     3.6480    31.9918    32.0033  1025.7032    25.4271    314.438    303.509  324.75691     96.823     93.465     0.1978     0.8388     4.4139     0.2617       6074     4.2174  0.000e+00
     58.437   56.44272 -166.55354     58.984     3.6518     3.6515     3.6482    31.9915    32.0034  1025.7029    25.4269    314.519    303.626  324.75642     96.848     93.501     0.1966     0.8315     4.4139     0.2617       6075     4.2181  0.000e+00
     58.437   56.44272 -166.55354     58.984     3.6516     3.6514     3.6480    31.9918    32.0036  1025.7032    25.4271    314.351    303.746  324.75691     96.796     93.538     0.1978     0.8388     4.4139     0.2617       6076     4.2188  0.000e+00
     58.429   56.44272 -166.55354     58.976     3.6518     3.6516     3.6482    31.9915    32.0037  1025.7029    25.4269    314.578    303.842  324.75641     96.866     93.568     0.1966     0.8315     4.4139     0.2617       6077     4.2194  0.000e+00
     58.552   56.44272 -166.55354     59.101     3.6518     3.6517     3.6482    31.9914    32.0034  1025.7034    25.4268    314.843    303.947  324.75666     96.947     93.600     0.1978     0.8388     4.4139     0.2617       6078     4.2201  0.000e+00
     58.437   56.44272 -166.55354     58.984     3.6521     3.6516     3.6485    31.9918    32.0030  1025.7031    25.4271    314.696    304.214  324.75321     96.903     93.682     0.1966     0.8315     4.4139     0.2617       6079     4.2208  0.000e+00
     58.552   56.44272 -166.55354     59.101     3.6521     3.6514     3.6485    31.9919    32.0036  1025.7037    25.4272    314.741    304.340  324.75287     96.917     93.721     0.1978     0.8388     4.4139     0.2617       6080     4.2215  0.000e+00
     58.552   56.44272 -166.55354     59.101     3.6519     3.6519     3.6483    31.9923    32.0032  1025.7041    25.4275    314.995    304.243  324.75317     96.995     93.692     0.2002     0.8535     4.4139     0.2617       6081     4.2222  0.000e+00
     58.607   56.44272 -166.55354     59.155     3.6521     3.6521     3.6485    31.9924    32.0026  1025.7044    25.4275    314.852    304.514  324.75178     96.952     93.775     0.2063     0.8901     4.4139     0.2617       6082     4.2229  0.000e+00
     58.552   56.44272 -166.55354     59.101     3.6524     3.6522     3.6488    31.9924    32.0029  1025.7041    25.4275    315.097    304.607  324.74918     97.028     93.805     0.2100     0.9121     4.4139     0.2617       6083     4.2236  0.000e+00
     58.614   56.44272 -166.55354     59.163     3.6534     3.6523     3.6497    31.9925    32.0027  1025.7044    25.4275    315.157    304.683  324.74128     97.049     93.828     0.2088     0.9047     4.4139     0.2617       6084     4.2243  0.000e+00
     58.668   56.44272 -166.55354     59.218     3.6538     3.6522     3.6502    31.9931    32.0032  1025.7050    25.4279    315.182    304.950  324.73620     97.058     93.910     0.2100     0.9121     4.4139     0.2617       6085     4.2250  0.000e+00
     58.661   56.44272 -166.55354     59.210     3.6542     3.6522     3.6505    31.9929    32.0034  1025.7049    25.4278    315.238    305.040  324.73405     97.076     93.938     0.2100     0.9121     4.4139     0.2617       6086     4.2257  0.000e+00
     58.668   56.44272 -166.55354     59.218     3.6548     3.6520     3.6512    31.9930    32.0036  1025.7049    25.4277    315.289    305.130  324.72890     97.093     93.966     0.2100     0.9121     4.4139     0.2617       6087     4.2264  0.000e+00
     58.668   56.44272 -166.55354     59.218     3.6551     3.6519     3.6515    31.9932    32.0034  1025.7051    25.4279    315.339    305.195  324.72570     97.109     93.985     0.2088     0.9047     4.4164     0.2595       6088     4.2271  0.000e+00
     58.730   56.44272 -166.55354     59.280     3.6553     3.6519     3.6516    31.9932    32.0038  1025.7053    25.4279    315.391    305.233  324.72451     97.126     93.997     0.2100     0.9121     4.4188     0.2573       6089     4.2278  0.000e+00
     58.715   56.44272 -166.55354     59.265     3.6551     3.6519     3.6515    31.9930    32.0033  1025.7051    25.4277    315.834    305.288  324.72634     97.262     94.014     0.2088     0.9047     4.4200     0.2561       6090     4.2285  0.000e+00
     58.730   56.44272 -166.55354     59.280     3.6550     3.6521     3.6513    31.9923    32.0033  1025.7046    25.4272    315.517    305.315  324.72926     97.163     94.023     0.2100     0.9121     4.4188     0.2573       6091     4.2292  0.000e+00
     58.784   56.44272 -166.55354     59.335     3.6546     3.6525     3.6510    31.9922    32.0031  1025.7048    25.4271    315.560    305.361  324.73206     97.176     94.038     0.2088     0.9047     4.4200     0.2561       6092     4.2299  0.000e+00
     58.784   56.44272 -166.55354     59.335     3.6545     3.6529     3.6508    31.9923    32.0035  1025.7049    25.4272    315.596    305.399  324.73313     97.186     94.051     0.2100     0.9121     4.4188     0.2573       6093     4.2306  0.000e+00
     58.831   56.44272 -166.55354     59.382     3.6543     3.6532     3.6507    31.9924    32.0037  1025.7052    25.4273    315.811    305.415  324.73406     97.252     94.056     0.2088     0.9047     4.4200     0.2561       6094     4.2313  0.000e+00
     58.784   56.44272 -166.55354     59.335     3.6542     3.6536     3.6505    31.9926    32.0043  1025.7052    25.4275    315.836    305.420  324.73488     97.260     94.059     0.2100     0.9121     4.4200     0.2561       6095     4.2319  0.000e+00
     58.838   56.44272 -166.55354     59.390     3.6548     3.6540     3.6512    31.9932    32.0046  1025.7058    25.4279    315.850    305.425  324.72834     97.266     94.062     0.2100     0.9121     4.4188     0.2573       6096     4.2326  0.000e+00
     58.900   56.44272 -166.55354     59.452     3.6553     3.6544     3.6516    31.9929    32.0043  1025.7059    25.4277    315.864    305.428  324.72521     97.271     94.063     0.2088     0.9047     4.4188     0.2573       6097     4.2333  0.000e+00
     58.831   56.44272 -166.55354     59.382     3.6556     3.6544     3.6520    31.9926    32.0044  1025.7052    25.4274    315.867    305.423  324.72356     97.273     94.062     0.2100     0.9121     4.4200     0.2561       6098     4.2340  0.000e+00
     58.900   56.44272 -166.55354     59.452     3.6553     3.6544     3.6516    31.9924    32.0042  1025.7055    25.4273    316.126    305.613  324.72637     97.351     94.120     0.2088     0.9047     4.4188     0.2573       6099     4.2347  0.000e+00
     58.900   56.44272 -166.55354     59.452     3.6554     3.6539     3.6518    31.9925    32.0047  1025.7056    25.4273    315.976    305.625  324.72491     97.306     94.123     0.2100     0.9121     4.4200     0.2561       6100     4.2354  0.000e+00
     58.954   56.44272 -166.55354     59.507     3.6556     3.6543     3.6519    31.9925    32.0044  1025.7058    25.4273    316.005    305.630  324.72371     97.315     94.125     0.2088     0.9047     4.4188     0.2573       6101     4.2361  0.000e+00
     59.008   56.44272 -166.55354     59.561     3.6553     3.6545     3.6516    31.9926    32.0044  1025.7061    25.4274    315.998    305.629  324.72602     97.312     94.126     0.2100     0.9121     4.4200     0.2561       6102     4.2368  0.000e+00
     58.954   56.44272 -166.55354     59.507     3.6554     3.6549     3.6518    31.9928    32.0045  1025.7060    25.4276    315.977    305.617  324.72421     97.306     94.123     0.2088     0.9047     4.4200     0.2561       6103     4.2375  0.000e+00
     58.954   56.44272 -166.55354     59.507     3.6553     3.6549     3.6516    31.9931    32.0045  1025.7063    25.4278    315.955    305.605  324.72479     97.299     94.119     0.2100     0.9121     4.4188     0.2573       6104     4.2382  0.000e+00
     59.016   56.44272 -166.55354     59.569     3.6556     3.6553     3.6519    31.9929    32.0048  1025.7064    25.4277    316.142    305.586  324.72263     97.358     94.115     0.2088     0.9047     4.4200     0.2561       6105     4.2389  0.000e+00
     59.062   56.44272 -166.55354     59.616     3.6558     3.6555     3.6521    31.9933    32.0053  1025.7069    25.4279    316.140    305.563  324.72056     97.358     94.108     0.2100     0.9121     4.4200     0.2561       6106     4.2396  0.000e+00
     59.016   56.44272 -166.55354     59.569     3.6558     3.6555     3.6521    31.9935    32.0053  1025.7068    25.4280    316.130    305.725  324.72011     97.354     94.158     0.2418     1.1025     4.4200     0.2561       6107     4.2403  0.000e+00
     59.070   56.44272 -166.55354     59.624     3.6558     3.6555     3.6521    31.9930    32.0054  1025.7067    25.4277    316.153    305.714  324.72124     97.361     94.155     0.2686     1.2637     4.4188     0.2573       6108     4.2410  0.000e+00
     59.070   56.44272 -166.55354     59.624     3.6558     3.6553     3.6521    31.9933    32.0054  1025.7069    25.4279    316.131    305.696  324.72056     97.355     94.149     0.2723     1.2857     4.4200     0.2561       6109     4.2417  0.000e+00
     59.063   56.44272 -166.55354     59.616     3.6556     3.6552     3.6519    31.9932    32.0057  1025.7068    25.4278    316.139    305.863  324.72211     97.357     94.200     0.2711     1.2784     4.4200     0.2561       6110     4.2424  0.000e+00
