merge_samples_with_btl/SKQ202309T/ctd/skq202309t_007.cnv
* Sea-Bird SBE 9 Data File:
* FileName = D:\CTD\SKQ202309T\SKQ202309T_007.hex
* Software Version Seasave V 7.26.7.121
* Temperature SN = 6177
* Conductivity SN = 0369
* Number of Bytes Per Scan = 38
* Number of Voltage Words = 3
* Number of Scans Averaged by the Deck Unit = 1
* NMEA Latitude = 64 14.62 N
* NMEA Longitude = 165 32.56 W
* NMEA UTC (Time) = Jun 12 2023  15:23:52
* NMEA baud rate = 4800
** Ship: R/V Sikuliaq
** Station Number: 007
** Station Name: 011
** Bottom Depth: 19
** Operator: Steve Dykstra
# nquan = 23
# nvalues = 4666                                  
# units = specified
# name 0 = depSM: Depth [salt water, m]
# name 1 = latitude: Latitude [deg]
# name 2 = longitude: Longitude [deg]
# name 3 = prDM: Pressure, Digiquartz [db]
# name 4 = t090C: Temperature [ITS-90, deg C]
# name 5 = t190C: Temperature, 2 [ITS-90, deg C]
# name 6 = potemp090C: Potential Temperature [ITS-90, deg C]
# name 7 = sal00: Salinity, Practical [PSU]
# name 8 = sal11: Salinity, Practical, 2 [PSU]
# name 9 = density00: Density [density, kg/m^3]
# name 10 = sigma-é00: Density [sigma-theta, kg/m^3]
# name 11 = sbox0Mm/Kg: Oxygen, SBE 43 [umol/kg]
# name 12 = sbox1Mm/Kg: Oxygen, SBE 43, 2 [umol/kg]
# name 13 = oxsolMm/Kg: Oxygen Saturation, Garcia & Gordon [umol/kg]
# name 14 = sbeox0PS: Oxygen, SBE 43 [% saturation]
# name 15 = sbeox1PS: Oxygen, SBE 43, 2 [% saturation]
# name 16 = v0: Voltage 0
# name 17 = flECO-AFL: Fluorescence, WET Labs ECO-AFL/FL [mg/m^3]
# name 18 = v1: Voltage 1
# name 19 = CStarAt0: Beam Attenuation, WET Labs C-Star [1/m]
# name 20 = scan: Scan Count
# name 21 = timeM: Time, Elapsed [minutes]
# name 22 = flag:  0.000e+00
# span 0 =      1.331,     13.983                 
# span 1 =   64.24362,   64.24366                 
# span 2 = -165.54258, -165.54254                 
# span 3 =      1.344,     14.121                 
# span 4 =     1.5460,     8.0700                 
# span 5 =     1.5473,     8.1328                 
# span 6 =     1.5455,     8.0699                 
# span 7 =    18.1737,    28.9193                 
# span 8 =    18.0919,    28.9311                 
# span 9 =  1014.0922,  1023.1964                 
# span 10 =    14.0853,    23.1297                
# span 11 =    337.981,    387.448                
# span 12 =    333.466,    375.242                
# span 13 =  323.78766,  352.42372                
# span 14 =    102.227,    112.749                
# span 15 =     99.383,    107.663                
# span 16 =     0.1245,     0.4322                
# span 17 =     0.3993,     2.2454                
# span 18 =     2.4554,     3.9267                
# span 19 =     0.7296,     2.6084                
# span 20 =          1,       4666                
# span 21 =     0.0000,     3.2396                
# span 22 = 0.0000e+00, 0.0000e+00                
# interval = seconds: 0.0416667
# start_time = Jun 12 2023 15:28:02 [NMEA time, first data scan]
# bad_flag = -9.990e-29
*END*
[from data line 3465]
     13.839   64.24364 -165.54254     13.975     1.5907     1.5927     1.5902    28.9095    28.9202  1023.1864    23.1198    383.676    371.861  350.06896    109.600    106.239     0.2344     1.0586     3.6654     1.0052       3466     2.4063  0.000e+00
     13.869   64.24364 -165.54254     14.007     1.5914     1.5941     1.5909    28.9086    28.9198  1023.1857    23.1190    383.670    371.863  350.06557    109.599    106.243     0.2344     1.0586     3.6667     1.0038       3467     2.4069  0.000e+00
     13.816   64.24364 -165.54254     13.952     1.5906     1.5956     1.5901    28.9084    28.9187  1023.1854    23.1189    383.671    371.863  350.07286    109.597    106.246     0.2332     1.0513     3.6654     1.0052       3468     2.4076  0.000e+00
     13.816   64.24364 -165.54254     13.952     1.5902     1.5964     1.5897    28.9083    28.9179  1023.1853    23.1188    383.670    371.874  350.07705    109.596    106.251     0.2344     1.0586     3.6667     1.0038       3469     2.4083  0.000e+00
     13.900   64.24364 -165.54254     14.038     1.5898     1.5962     1.5893    28.9083    28.9182  1023.1858    23.1189    383.670    371.870  350.08049    109.595    106.250     0.2332     1.0513     3.6667     1.0038       3470     2.4090  0.000e+00
     13.816   64.24364 -165.54254     13.952     1.5897     1.5959     1.5892    28.9082    28.9184  1023.1853    23.1188    383.657    372.070  350.08181    109.591    106.306     0.2344     1.0586     3.6667     1.0038       3471     2.4097  0.000e+00
     13.816   64.24364 -165.54254     13.952     1.5902     1.5961     1.5897    28.9082    28.9180  1023.1852    23.1187    383.640    372.112  350.07747    109.587    106.318     0.2332     1.0513     3.6654     1.0052       3472     2.4104  0.000e+00
     13.815   64.24364 -165.54254     13.952     1.5907     1.5962     1.5902    28.9085    28.9175  1023.1855    23.1190    383.620    372.155  350.07163    109.583    106.330     0.2344     1.0586     3.6667     1.0038       3473     2.4111  0.000e+00
     13.900   64.24364 -165.54254     14.038     1.5913     1.5960     1.5908    28.9084    28.9171  1023.1857    23.1188    383.603    372.206  350.06705    109.580    106.344     0.2344     1.0586     3.6654     1.0052       3474     2.4118  0.000e+00
     13.870   64.24364 -165.54254     14.007     1.5917     1.5955     1.5912    28.9081    28.9177  1023.1853    23.1186    383.581    372.434  350.06385    109.575    106.408     0.2344     1.0586     3.6630     1.0078       3475     2.4125  0.000e+00
     13.816   64.24364 -165.54254     13.952     1.5915     1.5951     1.5910    28.9083    28.9182  1023.1853    23.1188    383.562    372.264  350.06530    109.569    106.359     0.2344     1.0586     3.6508     1.0212       3476     2.4132  0.000e+00
     13.839   64.24364 -165.54254     13.975     1.5913     1.5947     1.5908    28.9079    28.9183  1023.1851    23.1185    383.782    372.282  350.06831    109.631    106.363     0.2344     1.0586     3.6435     1.0292       3477     2.4139  0.000e+00
     13.816   64.24364 -165.54254     13.952     1.5911     1.5941     1.5906    28.9083    28.9188  1023.1852    23.1187    383.563    372.325  350.06893    109.568    106.374     0.2344     1.0586     3.6435     1.0292       3478     2.4146  0.000e+00
     13.870   64.24364 -165.54254     14.007     1.5913     1.5938     1.5908    28.9085    28.9190  1023.1856    23.1189    383.774    372.342  350.06690    109.629    106.378     0.2332     1.0513     3.6447     1.0279       3479     2.4153  0.000e+00
     13.870   64.24364 -165.54254     14.007     1.5915     1.5933     1.5910    28.9079    28.9197  1023.1852    23.1184    383.784    372.356  350.06641    109.632    106.382     0.2418     1.1025     3.6447     1.0279       3480     2.4160  0.000e+00
     13.839   64.24364 -165.54254     13.975     1.5911     1.5933     1.5906    28.9077    28.9198  1023.1849    23.1183    383.561    372.363  350.07031    109.567    106.384     0.2491     1.1465     3.6447     1.0279       3481     2.4167  0.000e+00
     13.870   64.24364 -165.54254     14.007     1.5906     1.5936     1.5901    28.9079    28.9197  1023.1852    23.1184    384.046    372.370  350.07439    109.704    106.387     0.2515     1.1612     3.6447     1.0279       3482     2.4174  0.000e+00
     13.816   64.24364 -165.54254     13.952     1.5907     1.5940     1.5902    28.9088    28.9190  1023.1856    23.1191    383.847    372.400  350.07101    109.648    106.396     0.2515     1.1612     3.6447     1.0279       3483     2.4181  0.000e+00
     13.785   64.24364 -165.54254     13.921     1.5914     1.5941     1.5909    28.9092    28.9188  1023.1858    23.1195    383.602    372.406  350.06390    109.581    106.397     0.2515     1.1612     3.6447     1.0279       3484     2.4188  0.000e+00
     13.870   64.24364 -165.54254     14.007     1.5933     1.5939     1.5928    28.9088    28.9185  1023.1858    23.1191    383.544    372.419  350.04772    109.569    106.400     0.2515     1.1612     3.6447     1.0279       3485     2.4194  0.000e+00
     13.870   64.24364 -165.54254     14.007     1.5947     1.5934     1.5942    28.9079    28.9188  1023.1850    23.1183    383.529    372.429  350.03734    109.568    106.402     0.2503     1.1538     3.6447     1.0279       3486     2.4201  0.000e+00
     13.816   64.24364 -165.54254     13.952     1.5949     1.5931     1.5943    28.9074    28.9189  1023.1844    23.1179    383.484    372.407  350.03769    109.555    106.395     0.2515     1.1612     3.6447     1.0279       3487     2.4208  0.000e+00
     13.839   64.24364 -165.54254     13.975     1.5947     1.5928     1.5942    28.9075    28.9193  1023.1845    23.1179    383.718    372.413  350.03910    109.622    106.396     0.2503     1.1538     3.6447     1.0279       3488     2.4215  0.000e+00
     13.870   64.24364 -165.54254     14.007     1.5943     1.5926     1.5937    28.9073    28.9194  1023.1845    23.1178    383.525    372.418  350.04354    109.565    106.397     0.2515     1.1612     3.6447     1.0279       3489     2.4222  0.000e+00
     13.816   64.24364 -165.54254     13.952     1.5932     1.5926     1.5927    28.9077    28.9195  1023.1847    23.1182    383.528    372.414  350.05168    109.563    106.396     0.2503     1.1538     3.6447     1.0279       3490     2.4229  0.000e+00
     13.816   64.24364 -165.54254     13.952     1.5928     1.5925     1.5923    28.9077    28.9196  1023.1847    23.1182    383.486    372.414  350.05510    109.550    106.396     0.2515     1.1612     3.6447     1.0279       3491     2.4236  0.000e+00
     13.900   64.24364 -165.54254     14.038     1.5928     1.5924     1.5923    28.9072    28.9197  1023.1847    23.1178    383.485    372.417  350.05657    109.549    106.397     0.2515     1.1612     3.6447     1.0279       3492     2.4243  0.000e+00
     13.816   64.24364 -165.54254     13.952     1.5913     1.5924     1.5908    28.9078    28.9197  1023.1848    23.1183    383.448    372.409  350.06824    109.535    106.394     0.2515     1.1612     3.6447     1.0279       3493     2.4250  0.000e+00
     13.816   64.24364 -165.54254     13.952     1.5903     1.5928     1.5898    28.9084    28.9198  1023.1854    23.1189    383.408    372.401  350.07593    109.521    106.393     0.2515     1.1612     3.6447     1.0279       3494     2.4257  0.000e+00
     13.900   64.24364 -165.54254     14.038     1.5899     1.5928     1.5893    28.9078    28.9199  1023.1853    23.1184    383.409    372.398  350.08148    109.520    106.393     0.2503     1.1538     3.6447     1.0279       3495     2.4264  0.000e+00
     13.816   64.24364 -165.54254     13.952     1.5892     1.5931     1.5887    28.9075    28.9199  1023.1848    23.1183    383.403    372.411  350.08802    109.516    106.397     0.2515     1.1612     3.6398     1.0332       3496     2.4271  0.000e+00
     13.870   64.24364 -165.54254     14.007     1.5886     1.5937     1.5881    28.9078    28.9192  1023.1852    23.1185    383.361    372.430  350.09284    109.503    106.404     0.2503     1.1538     3.6386     1.0346       3497     2.4278  0.000e+00
     13.816   64.24364 -165.54254     13.952     1.5882     1.5939     1.5876    28.9080    28.9188  1023.1852    23.1187    383.350    372.630  350.09603    109.499    106.461     0.2515     1.1612     3.6374     1.0359       3498     2.4285  0.000e+00
     13.839   64.24364 -165.54254     13.975     1.5874     1.5939     1.5868    28.9086    28.9189  1023.1858    23.1192    383.348    372.438  350.10192    109.496    106.406     0.2515     1.1612     3.6374     1.0359       3499     2.4292  0.000e+00
     13.870   64.24364 -165.54254     14.007     1.5869     1.5934     1.5863    28.9086    28.9194  1023.1860    23.1192    383.343    372.643  350.10641    109.493    106.464     0.2503     1.1538     3.6374     1.0359       3500     2.4299  0.000e+00
     13.816   64.24364 -165.54254     13.952     1.5868     1.5935     1.5862    28.9087    28.9194  1023.1858    23.1193    383.330    372.445  350.10715    109.489    106.407     0.2515     1.1612     3.6374     1.0359       3501     2.4306  0.000e+00
     13.900   64.24364 -165.54254     14.038     1.5872     1.5939     1.5867    28.9089    28.9187  1023.1864    23.1195    383.317    372.433  350.10244    109.487    106.405     0.2515     1.1612     3.6374     1.0359       3502     2.4312  0.000e+00
     13.762   64.24364 -165.54254     13.898     1.5874     1.5940     1.5868    28.9093    28.9190  1023.1860    23.1198    383.295    372.410  350.10005    109.482    106.399     0.2515     1.1612     3.6386     1.0346       3503     2.4319  0.000e+00
     13.931   64.24364 -165.54254     14.069     1.5868     1.5941     1.5862    28.9093    28.9193  1023.1869    23.1198    383.299    372.402  350.10544    109.481    106.397     0.2503     1.1538     3.6386     1.0346       3504     2.4326  0.000e+00
     13.816   64.24364 -165.54254     13.952     1.5858     1.5936     1.5853    28.9098    28.9189  1023.1867    23.1202    383.291    372.596  350.11247    109.476    106.451     0.2540     1.1758     3.6374     1.0359       3505     2.4333  0.000e+00
     13.839   64.24364 -165.54254     13.975     1.5851     1.5933     1.5845    28.9086    28.9191  1023.1860    23.1194    383.292    372.398  350.12246    109.474    106.393     0.2698     1.2710     3.6374     1.0359       3506     2.4340  0.000e+00
     13.816   64.24364 -165.54254     13.952     1.5848     1.5928     1.5843    28.9079    28.9189  1023.1853    23.1188    383.284    372.383  350.12645    109.470    106.388     0.2772     1.3150     3.6374     1.0359       3507     2.4347  0.000e+00
     13.870   64.24364 -165.54254     14.007     1.5847     1.5928     1.5842    28.9095    28.9187  1023.1868    23.1200    383.272    372.366  350.12319    109.468    106.383     0.2784     1.3223     3.6374     1.0359       3508     2.4354  0.000e+00
     13.870   64.24364 -165.54254     14.007     1.5847     1.5923     1.5842    28.9097    28.9194  1023.1870    23.1203    383.259    372.375  350.12246    109.464    106.384     0.2772     1.3150     3.6374     1.0359       3509     2.4361  0.000e+00
     13.839   64.24364 -165.54254     13.975     1.5842     1.5921     1.5837    28.9093    28.9193  1023.1866    23.1199    383.253    372.382  350.12801    109.461    106.385     0.2772     1.3150     3.6374     1.0359       3510     2.4368  0.000e+00
     13.870   64.24364 -165.54254     14.007     1.5833     1.5916     1.5828    28.9093    28.9191  1023.1868    23.1200    382.784    372.577  350.13628    109.324    106.440     0.2759     1.3077     3.6386     1.0346       3511     2.4375  0.000e+00
     13.816   64.24364 -165.54254     13.952     1.5814     1.5911     1.5809    28.9094    28.9190  1023.1867    23.1202    382.714    372.583  350.15277    109.299    106.440     0.2772     1.3150     3.6374     1.0359       3512     2.4382  0.000e+00
     13.839   64.24364 -165.54254     13.976     1.5794     1.5903     1.5789    28.9103    28.9195  1023.1876    23.1210    383.120    372.381  350.16857    109.410    106.381     0.2759     1.3077     3.6374     1.0359       3513     2.4389  0.000e+00
     13.870   64.24364 -165.54254     14.007     1.5775     1.5897     1.5770    28.9117    28.9199  1023.1890    23.1222    383.134    372.361  350.18165    109.410    106.374     0.2772     1.3150     3.6374     1.0359       3514     2.4396  0.000e+00
     13.870   64.24364 -165.54254     14.007     1.5760     1.5887     1.5754    28.9107    28.9202  1023.1883    23.1216    383.150    372.344  350.19841    109.409    106.366     0.2759     1.3077     3.6374     1.0359       3515     2.4403  0.000e+00
     13.816   64.24364 -165.54254     13.952     1.5732     1.5888     1.5726    28.9113    28.9198  1023.1887    23.1222    383.172    372.311  350.22200    109.408    106.357     0.2772     1.3150     3.6435     1.0292       3516     2.4410  0.000e+00
     13.839   64.24364 -165.54254     13.975     1.5717     1.5882     1.5712    28.9109    28.9203  1023.1886    23.1220    383.185    372.288  350.23575    109.408    106.349     0.2772     1.3150     3.6484     1.0239       3517     2.4417  0.000e+00
     13.870   64.24364 -165.54254     14.007     1.5706     1.5880     1.5701    28.9113    28.9204  1023.1891    23.1224    383.193    372.260  350.24493    109.407    106.340     0.2759     1.3077     3.6496     1.0225       3518     2.4424  0.000e+00
     13.816   64.24364 -165.54254     13.952     1.5691     1.5885     1.5686    28.9125    28.9207  1023.1898    23.1233    383.199    372.219  350.25520    109.406    106.330     0.2772     1.3150     3.6484     1.0239       3519     2.4431  0.000e+00
     13.870   64.24364 -165.54254     14.007     1.5680     1.5893     1.5675    28.9138    28.9199  1023.1912    23.1245    382.970    372.209  350.26147    109.338    106.329     0.2759     1.3077     3.6484     1.0239       3520     2.4438  0.000e+00
     13.839   64.24364 -165.54254     13.976     1.5677     1.5889     1.5672    28.9138    28.9199  1023.1911    23.1245    382.929    372.205  350.26450    109.326    106.327     0.2772     1.3150     3.6484     1.0239       3521     2.4444  0.000e+00
     13.870   64.24364 -165.54254     14.007     1.5681     1.5888     1.5676    28.9146    28.9199  1023.1919    23.1251    383.352    372.201  350.25826    109.448    106.325     0.2759     1.3077     3.6484     1.0239       3522     2.4451  0.000e+00
     13.870   64.24364 -165.54254     14.007     1.5707     1.5888     1.5702    28.9143    28.9202  1023.1914    23.1247    383.126    372.194  350.23612    109.391    106.324     0.2772     1.3150     3.6484     1.0239       3523     2.4458  0.000e+00
     13.839   64.24364 -165.54254     13.976     1.5726     1.5888     1.5720    28.9144    28.9198  1023.1913    23.1247    382.864    372.214  350.21888    109.321    106.329     0.2759     1.3077     3.6484     1.0239       3524     2.4465  0.000e+00
     13.870   64.24364 -165.54254     14.007     1.5743     1.5891     1.5737    28.9145    28.9196  1023.1914    23.1247    382.805    372.208  350.20353    109.309    106.328     0.2759     1.3077     3.6484     1.0239       3525     2.4472  0.000e+00
     13.816   64.24364 -165.54254     13.952     1.5760     1.5894     1.5755    28.9141    28.9192  1023.1908    23.1243    382.785    372.197  350.18874    109.308    106.325     0.2772     1.3150     3.6484     1.0239       3526     2.4479  0.000e+00
     13.870   64.24364 -165.54254     14.007     1.5783     1.5898     1.5778    28.9130    28.9197  1023.1900    23.1232    382.729    372.190  350.17116    109.298    106.325     0.2772     1.3150     3.6484     1.0239       3527     2.4486  0.000e+00
