merge_samples_with_btl/SKQ202309T/ctd/skq202309t_005svp.cnv
* Sea-Bird SBE 9 Data File:
* FileName = D:\CTD\SKQ202309T\SKQ202309T_005.hex
* Software Version Seasave V 7.26.7.121
* Temperature SN = 6177
* Conductivity SN = 0369
* Number of Bytes Per Scan = 38
* Number of Voltage Words = 3
* Number of Scans Averaged by the Deck Unit = 1
* NMEA Latitude = 62 38.25 N
* NMEA Longitude = 165 42.28 W
* NMEA UTC (Time) = Jun 12 2023  01:37:43
* NMEA baud rate = 4800
** Ship: R/V Sikuliaq
** Station Number: 005
** Station Name: STN 008
** Bottom Depth: 12
** Operator: Kay McMonigal
# nquan = 7
# nvalues = 3288                                  
# units = specified
# name 0 = depSM: Depth [salt water, m]
# name 1 = latitude: Latitude [deg]
# name 2 = longitude: Longitude [deg]
# name 3 = t090C: Temperature [ITS-90, deg C]
# name 4 = sal00: Salinity, Practical [PSU]
# name 5 = svCM: Sound Velocity [Chen-Millero, m/s]
# name 6 = flag:  0.000e+00
# span 0 =      1.229,      5.785                 
# span 1 =   62.63746,   62.63748                 
# span 2 = -165.70490, -165.70482                 
# span 3 =     3.0533,    13.0234                 
# span 4 =     3.2223,    27.9448                 
# span 5 =    1453.38,    1464.56                 
# span 6 = 0.0000e+00, 0.0000e+00                 
# interval = seconds: 0.0416667
# start_time = Jun 12 2023 01:40:04 [NMEA time, first data scan]
# bad_flag = -9.990e-29
*END*
[from data line 1026]
      2.656   62.63746 -165.70486     9.0821    16.1225    1463.48  0.000e+00
      2.656   62.63746 -165.70486     9.0786    16.1280    1463.47  0.000e+00
      2.656   62.63746 -165.70486     9.0774    16.1340    1463.47  0.000e+00
      2.656   62.63746 -165.70486     9.0759    16.1399    1463.47  0.000e+00
      2.656   62.63746 -165.70486     9.0757    16.1417    1463.48  0.000e+00
      2.656   62.63746 -165.70486     9.0720    16.1587    1463.48  0.000e+00
      2.710   62.63746 -165.70486     9.0634    16.1900    1463.49  0.000e+00
      2.633   62.63746 -165.70486     9.0524    16.2143    1463.47  0.000e+00
      2.656   62.63746 -165.70486     9.0501    16.2086    1463.46  0.000e+00
      2.710   62.63746 -165.70486     9.0563    16.1601    1463.42  0.000e+00
      2.656   62.63746 -165.70486     9.0746    16.0814    1463.40  0.000e+00
      2.656   62.63746 -165.70486     9.1013    15.9962    1463.40  0.000e+00
      2.710   62.63746 -165.70486     9.1282    15.9281    1463.42  0.000e+00
      2.656   62.63746 -165.70486     9.1328    15.9474    1463.46  0.000e+00
      2.710   62.63746 -165.70486     9.1187    16.0123    1463.49  0.000e+00
      2.710   62.63746 -165.70486     9.1074    16.0442    1463.48  0.000e+00
      2.710   62.63746 -165.70486     9.1069    16.0723    1463.51  0.000e+00
      2.656   62.63746 -165.70486     9.0906    16.1145    1463.50  0.000e+00
      2.772   62.63746 -165.70486     9.0863    16.0929    1463.46  0.000e+00
      2.710   62.63746 -165.70486     9.0941    16.0616    1463.45  0.000e+00
      2.710   62.63746 -165.70486     9.0951    16.0730    1463.47  0.000e+00
      2.772   62.63746 -165.70486     9.0953    16.0756    1463.47  0.000e+00
      2.710   62.63746 -165.70486     9.1013    16.0580    1463.47  0.000e+00
      2.772   62.63746 -165.70486     9.1067    16.0560    1463.49  0.000e+00
      2.772   62.63746 -165.70486     9.1023    16.0877    1463.52  0.000e+00
      2.772   62.63746 -165.70486     9.0940    16.1205    1463.52  0.000e+00
      2.741   62.63746 -165.70486     9.0831    16.1512    1463.52  0.000e+00
      2.772   62.63746 -165.70486     9.0759    16.1693    1463.51  0.000e+00
      2.826   62.63746 -165.70486     9.0718    16.1802    1463.51  0.000e+00
      2.772   62.63746 -165.70486     9.0672    16.1919    1463.51  0.000e+00
      2.826   62.63746 -165.70486     9.0607    16.2096    1463.50  0.000e+00
      2.826   62.63746 -165.70486     9.0539    16.2222    1463.49  0.000e+00
      2.826   62.63746 -165.70486     9.0484    16.2308    1463.48  0.000e+00
      2.887   62.63746 -165.70486     9.0431    16.2365    1463.47  0.000e+00
      2.826   62.63746 -165.70486     9.0381    16.2528    1463.47  0.000e+00
      2.887   62.63746 -165.70486     9.0316    16.2753    1463.47  0.000e+00
      2.826   62.63746 -165.70486     9.0254    16.2940    1463.47  0.000e+00
      2.941   62.63746 -165.70486     9.0224    16.3125    1463.48  0.000e+00
      2.887   62.63746 -165.70486     9.0150    16.3399    1463.49  0.000e+00
      2.887   62.63746 -165.70486     9.0093    16.3547    1463.48  0.000e+00
      2.887   62.63746 -165.70486     9.0051    16.3640    1463.48  0.000e+00
      2.941   62.63746 -165.70486     9.0003    16.3681    1463.46  0.000e+00
      2.941   62.63746 -165.70486     9.0003    16.3519    1463.44  0.000e+00
      2.941   62.63746 -165.70486     9.0042    16.3289    1463.43  0.000e+00
      2.918   62.63746 -165.70486     9.0072    16.3180    1463.43  0.000e+00
      2.941   62.63746 -165.70486     9.0030    16.3366    1463.44  0.000e+00
      2.941   62.63746 -165.70486     9.0006    16.3484    1463.44  0.000e+00
      2.941   62.63746 -165.70486     9.0025    16.3358    1463.43  0.000e+00
      2.995   62.63746 -165.70486     9.0026    16.3401    1463.44  0.000e+00
      2.941   62.63746 -165.70486     8.9975    16.4062    1463.50  0.000e+00
      2.995   62.63746 -165.70486     8.9539    16.7167    1463.71  0.000e+00
      2.995   62.63746 -165.70486     8.8473    17.3576    1464.08  0.000e+00
      2.941   62.63746 -165.70486     8.6719    18.1076    1464.31  0.000e+00
      2.995   62.63746 -165.70486     8.5775    18.3917    1464.29  0.000e+00
      2.995   62.63746 -165.70486     8.6098    18.0413    1463.99  0.000e+00
      2.995   62.63746 -165.70486     8.6566    17.6130    1463.65  0.000e+00
      2.995   62.63746 -165.70486     8.7098    17.3122    1463.49  0.000e+00
      2.995   62.63746 -165.70486     8.7500    17.1464    1463.44  0.000e+00
      2.995   62.63746 -165.70486     8.7608    17.1500    1463.49  0.000e+00
      3.057   62.63746 -165.70486     8.7578    17.2360    1463.58  0.000e+00
      2.995   62.63746 -165.70486     8.7354    17.4372    1463.74  0.000e+00
      3.057   62.63746 -165.70486     8.6554    18.1711    1464.33  0.000e+00
      2.972   62.63746 -165.70486     8.4647    18.9741    1464.56  0.000e+00
      2.995   62.63746 -165.70486     8.3104    19.2289    1464.27  0.000e+00
      3.057   62.63746 -165.70486     8.2435    19.2024    1463.98  0.000e+00
      2.995   62.63746 -165.70486     8.2351    19.1806    1463.92  0.000e+00
      2.995   62.63746 -165.70486     8.1817    19.2884    1463.84  0.000e+00
      3.057   62.63746 -165.70486     8.0575    19.5065    1463.62  0.000e+00
      3.057   62.63746 -165.70486     8.0305    19.4548    1463.45  0.000e+00
      2.995   62.63746 -165.70486     8.0694    19.1805    1463.26  0.000e+00
      3.057   62.63746 -165.70486     8.1327    19.0071    1463.30  0.000e+00
      2.995   62.63746 -165.70486     8.1381    18.9523    1463.26  0.000e+00
      3.057   62.63746 -165.70486     8.1673    18.9040    1463.31  0.000e+00
      3.057   62.63746 -165.70486     8.1882    18.9718    1463.48  0.000e+00
      2.995   62.63746 -165.70486     8.1636    19.1838    1463.64  0.000e+00
      3.057   62.63746 -165.70486     8.1032    19.4561    1463.74  0.000e+00
      2.995   62.63746 -165.70486     8.0383    19.7576    1463.85  0.000e+00
      3.057   62.63746 -165.70486     7.9664    20.1083    1464.00  0.000e+00
      3.057   62.63746 -165.70486     7.8382    20.5831    1464.08  0.000e+00
      3.026   62.63746 -165.70486     7.7079    20.9760    1464.05  0.000e+00
      2.995   62.63746 -165.70486     7.6073    21.2505    1463.99  0.000e+00
      3.057   62.63746 -165.70486     7.4972    21.5368    1463.91  0.000e+00
      3.057   62.63746 -165.70486     7.3645    21.8770    1463.80  0.000e+00
      2.995   62.63746 -165.70486     7.2507    22.1334    1463.66  0.000e+00
      3.057   62.63746 -165.70486     7.1948    22.1583    1463.47  0.000e+00
      3.057   62.63746 -165.70486     7.1943    22.0537    1463.34  0.000e+00
      2.995   62.63746 -165.70486     7.2213    21.9362    1463.30  0.000e+00
      3.057   62.63746 -165.70486     7.2625    21.8339    1463.34  0.000e+00
      3.057   62.63746 -165.70486     7.2919    21.7425    1463.34  0.000e+00
      3.056   62.63746 -165.70486     7.3234    21.6604    1463.37  0.000e+00
      3.056   62.63746 -165.70486     7.3624    21.5581    1463.40  0.000e+00
      2.995   62.63746 -165.70486     7.4165    21.4391    1463.46  0.000e+00
      3.056   62.63746 -165.70486     7.4417    21.4537    1463.58  0.000e+00
      3.056   62.63746 -165.70486     7.3784    21.6428    1463.57  0.000e+00
      3.056   62.63746 -165.70486     7.3534    21.7042    1463.54  0.000e+00
      3.056   62.63746 -165.70486     7.3697    21.6087    1463.49  0.000e+00
      3.026   62.63746 -165.70486     7.4153    21.4470    1463.47  0.000e+00
      3.056   62.63746 -165.70486     7.4547    21.3391    1463.49  0.000e+00
      3.110   62.63746 -165.70486     7.4993    21.2161    1463.52  0.000e+00
      2.995   62.63746 -165.70486     7.5470    21.0958    1463.56  0.000e+00
      3.110   62.63746 -165.70486     7.5867    21.0175    1463.62  0.000e+00
      3.056   62.63746 -165.70486     7.6116    20.9527    1463.64  0.000e+00
      3.056   62.63746 -165.70486     7.6270    20.9063    1463.64  0.000e+00
      3.056   62.63746 -165.70486     7.6294    20.9086    1463.66  0.000e+00
      3.056   62.63746 -165.70486     7.6247    20.9142    1463.64  0.000e+00
      3.110   62.63746 -165.70486     7.6362    20.8459    1463.61  0.000e+00
      3.056   62.63746 -165.70486     7.6588    20.8098    1463.65  0.000e+00
      3.110   62.63746 -165.70486     7.6223    20.9843    1463.72  0.000e+00
      3.056   62.63746 -165.70486     7.5998    21.0379    1463.70  0.000e+00
      3.110   62.63746 -165.70486     7.5616    21.1469    1463.68  0.000e+00
      3.110   62.63746 -165.70486     7.5294    21.1307    1463.53  0.000e+00
      3.110   62.63746 -165.70486     7.5324    21.1857    1463.61  0.000e+00
      3.087   62.63746 -165.70486     7.4825    21.3486    1463.62  0.000e+00
      3.110   62.63746 -165.70486     7.5171    21.2009    1463.57  0.000e+00
      3.110   62.63746 -165.70486     7.5519    21.2457    1463.77  0.000e+00
      3.110   62.63746 -165.70486     7.4428    21.7308    1463.93  0.000e+00
      3.172   62.63746 -165.70486     7.3069    22.0847    1463.83  0.000e+00
      3.110   62.63746 -165.70486     7.1542    22.4764    1463.71  0.000e+00
      3.110   62.63746 -165.70486     6.9281    22.9184    1463.35  0.000e+00
      3.172   62.63746 -165.70486     6.8357    23.1410    1463.26  0.000e+00
      3.172   62.63746 -165.70486     6.7163    23.4777    1463.20  0.000e+00
      3.172   62.63746 -165.70486     6.4334    23.9746    1462.67  0.000e+00
      3.172   62.63746 -165.70486     6.2162    24.3200    1462.23  0.000e+00
      3.172   62.63748 -165.70486     5.9476    24.6797    1461.58  0.000e+00
      3.172   62.63748 -165.70486     5.6132    25.0798    1460.71  0.000e+00
      3.172   62.63748 -165.70486     5.4218    25.2771    1460.17  0.000e+00
      3.226   62.63748 -165.70486     5.3147    25.3614    1459.84  0.000e+00
      3.172   62.63748 -165.70486     5.2208    25.4403    1459.54  0.000e+00
      3.226   62.63748 -165.70486     5.1494    25.5200    1459.35  0.000e+00
      3.141   62.63748 -165.70486     5.1276    25.5413    1459.28  0.000e+00
      3.226   62.63748 -165.70486     5.1323    25.5286    1459.29  0.000e+00
      3.226   62.63748 -165.70486     5.1116    25.5894    1459.28  0.000e+00
      3.226   62.63748 -165.70486     4.9615    25.8348    1458.97  0.000e+00
      3.226   62.63748 -165.70486     4.7953    26.0751    1458.58  0.000e+00
      3.226   62.63748 -165.70486     4.7300    26.1577    1458.41  0.000e+00
      3.226   62.63748 -165.70486     4.7283    26.1502    1458.39  0.000e+00
      3.226   62.63748 -165.70486     4.7158    26.1794    1458.38  0.000e+00
      3.280   62.63748 -165.70486     4.6068    26.3094    1458.08  0.000e+00
      3.226   62.63748 -165.70486     4.5416    26.3697    1457.89  0.000e+00
      3.226   62.63748 -165.70486     4.5302    26.3613    1457.83  0.000e+00
      3.226   62.63748 -165.70486     4.5343    26.3405    1457.82  0.000e+00
      3.280   62.63748 -165.70486     4.5853    26.2287    1457.89  0.000e+00
      3.226   62.63748 -165.70486     4.7575    25.9847    1458.30  0.000e+00
      3.280   62.63748 -165.70486     4.8901    25.8339    1458.67  0.000e+00
      3.226   62.63748 -165.70486     4.9049    25.8735    1458.78  0.000e+00
      3.257   62.63748 -165.70486     4.7883    26.0524    1458.52  0.000e+00
      3.226   62.63748 -165.70486     4.6772    26.1926    1458.23  0.000e+00
      3.280   62.63748 -165.70486     4.6065    26.2691    1458.03  0.000e+00
      3.226   62.63748 -165.70486     4.5475    26.3364    1457.87  0.000e+00
      3.280   62.63748 -165.70486     4.4964    26.3922    1457.72  0.000e+00
      3.226   62.63748 -165.70486     4.4638    26.3860    1457.58  0.000e+00
      3.280   62.63748 -165.70486     4.4820    26.2985    1457.54  0.000e+00
      3.226   62.63748 -165.70486     4.6184    26.1323    1457.91  0.000e+00
      3.280   62.63748 -165.70486     4.7932    25.8976    1458.34  0.000e+00
      3.226   62.63748 -165.70486     5.0518    25.5356    1458.96  0.000e+00
      3.280   62.63748 -165.70486     5.2109    25.3522    1459.39  0.000e+00
      3.226   62.63748 -165.70486     5.2105    25.4350    1459.50  0.000e+00
      3.280   62.63748 -165.70486     5.1046    25.6405    1459.32  0.000e+00
      3.226   62.63748 -165.70486     4.9703    25.8256    1458.99  0.000e+00
      3.280   62.63748 -165.70486     4.9176    25.9113    1458.88  0.000e+00
      3.203   62.63748 -165.70486     4.8326    26.0238    1458.67  0.000e+00
      3.280   62.63748 -165.70486     4.7616    26.1042    1458.47  0.000e+00
      3.226   62.63748 -165.70486     4.7627    26.1049    1458.48  0.000e+00
      3.280   62.63748 -165.70486     4.7933    26.0722    1458.56  0.000e+00
      3.226   62.63748 -165.70486     4.8178    26.0498    1458.64  0.000e+00
      3.280   62.63748 -165.70486     4.8272    26.0545    1458.68  0.000e+00
      3.226   62.63748 -165.70486     4.8178    26.0700    1458.66  0.000e+00
      3.226   62.63748 -165.70486     4.8174    26.0609    1458.65  0.000e+00
      3.280   62.63748 -165.70486     4.8422    26.0187    1458.70  0.000e+00
      3.280   62.63748 -165.70486     4.8885    25.9406    1458.80  0.000e+00
      3.280   62.63748 -165.70486     4.9417    25.8520    1458.91  0.000e+00
      3.226   62.63748 -165.70486     4.9783    25.7990    1458.99  0.000e+00
      3.341   62.63748 -165.70486     5.0111    25.7629    1459.08  0.000e+00
      3.226   62.63748 -165.70486     5.0300    25.7531    1459.15  0.000e+00
      3.280   62.63748 -165.70486     4.9995    25.8112    1459.10  0.000e+00
      3.280   62.63748 -165.70486     4.9341    25.9068    1458.94  0.000e+00
      3.318   62.63748 -165.70486     4.8477    26.0342    1458.75  0.000e+00
      3.280   62.63748 -165.70486     4.7359    26.2087    1458.50  0.000e+00
      3.341   62.63748 -165.70486     4.5766    26.4001    1458.07  0.000e+00
      3.280   62.63748 -165.70486     4.4847    26.4818    1457.79  0.000e+00
      3.341   62.63748 -165.70486     4.4554    26.4895    1457.68  0.000e+00
      3.341   62.63748 -165.70486     4.4397    26.4993    1457.62  0.000e+00
      3.280   62.63748 -165.70486     4.4103    26.5357    1457.54  0.000e+00
      3.395   62.63748 -165.70486     4.3859    26.5666    1457.48  0.000e+00
      3.341   62.63748 -165.70486     4.3641    26.5965    1457.43  0.000e+00
      3.341   62.63748 -165.70486     4.3278    26.6419    1457.33  0.000e+00
      3.395   62.63748 -165.70486     4.3024    26.6839    1457.28  0.000e+00
      3.341   62.63748 -165.70486     4.2872    26.7090    1457.25  0.000e+00
      3.395   62.63748 -165.70486     4.2744    26.7243    1457.21  0.000e+00
      3.341   62.63748 -165.70486     4.2600    26.7399    1457.17  0.000e+00
      3.457   62.63748 -165.70486     4.2248    26.7626    1457.05  0.000e+00
      3.372   62.63748 -165.70486     4.1922    26.7779    1456.93  0.000e+00
      3.457   62.63748 -165.70486     4.2174    26.7207    1456.97  0.000e+00
      3.395   62.63748 -165.70486     4.3203    26.5875    1457.23  0.000e+00
      3.457   62.63748 -165.70486     4.4095    26.4903    1457.49  0.000e+00
      3.395   62.63748 -165.70486     4.4726    26.4340    1457.68  0.000e+00
      3.457   62.63748 -165.70486     4.4972    26.4297    1457.78  0.000e+00
      3.457   62.63748 -165.70486     4.4610    26.4872    1457.70  0.000e+00
      3.457   62.63748 -165.70486     4.3072    26.6384    1457.24  0.000e+00
      3.457   62.63748 -165.70486     4.0052    26.8999    1456.29  0.000e+00
      3.457   62.63748 -165.70486     3.7535    27.1125    1455.49  0.000e+00
      3.511   62.63748 -165.70486     3.5898    27.2505    1454.97  0.000e+00
      3.457   62.63748 -165.70486     3.4866    27.3386    1454.64  0.000e+00
      3.457   62.63748 -165.70486     3.4236    27.3916    1454.43  0.000e+00
