merge_samples_with_btl/SKQ202309T/ctd/skq202309t_007.ros
* Sea-Bird SBE 9 Data File:
* FileName = D:\CTD\SKQ202309T\SKQ202309T_007.hex
* Software Version Seasave V 7.26.7.121
* Temperature SN = 6177
* Conductivity SN = 0369
* Number of Bytes Per Scan = 38
* Number of Voltage Words = 3
* Number of Scans Averaged by the Deck Unit = 1
* NMEA Latitude = 64 14.62 N
* NMEA Longitude = 165 32.56 W
* NMEA UTC (Time) = Jun 12 2023  15:23:52
* NMEA baud rate = 4800
** Ship: R/V Sikuliaq
** Station Number: 007
** Station Name: 011
** Bottom Depth: 19
** Operator: Steve Dykstra
# nquan = 21
# nvalues = 784                                   
# units = specified
# name 0 = depSM: Depth [salt water, m]
# name 1 = latitude: Latitude [deg]
# name 2 = longitude: Longitude [deg]
# name 3 = prDM: Pressure, Digiquartz [db]
# name 4 = t090C: Temperature [ITS-90, deg C]
# name 5 = t190C: Temperature, 2 [ITS-90, deg C]
# name 6 = potemp090C: Potential Temperature [ITS-90, deg C]
# name 7 = sal00: Salinity, Practical [PSU]
# name 8 = sal11: Salinity, Practical, 2 [PSU]
# name 9 = density00: Density [density, kg/m^3]
# name 10 = sigma-é00: Density [sigma-theta, kg/m^3]
# name 11 = sbox0Mm/Kg: Oxygen, SBE 43 [umol/kg]
# name 12 = sbox1Mm/Kg: Oxygen, SBE 43, 2 [umol/kg]
# name 13 = oxsolMm/Kg: Oxygen Saturation, Garcia & Gordon [umol/kg]
# name 14 = sbeox0PS: Oxygen, SBE 43 [% saturation]
# name 15 = v0: Voltage 0
# name 16 = flECO-AFL: Fluorescence, WET Labs ECO-AFL/FL [mg/m^3]
# name 17 = CStarAt0: Beam Attenuation, WET Labs C-Star [1/m]
# name 18 = scan: Scan Count
# name 19 = nbf: Bottles Fired
# name 20 = flag:  0.000e+00
# interval = seconds: 0.0416667
# start_time = Jun 12 2023 15:28:02 [NMEA time, first data scan]
# bad_flag = -9.990e-29
*END*
[from data line 138]
     13.766   64.24362 -165.54254     13.902     1.5607     1.5604     1.5602    28.9153    28.9258  1023.1923    23.1261    384.300    373.903  350.32340    109.699     0.2540     1.1758     1.0494       4623          3  0.000e+00
     13.820   64.24362 -165.54254     13.956     1.5615     1.5596     1.5610    28.9151    28.9262  1023.1924    23.1259    384.295    373.877  350.31657    109.699     0.2540     1.1758     1.0494       4624          3  0.000e+00
     13.704   64.24362 -165.54254     13.839     1.5621     1.5597     1.5616    28.9150    28.9261  1023.1917    23.1258    384.285    373.834  350.31135    109.698     0.2540     1.1758     1.0494       4625          3  0.000e+00
     13.843   64.24362 -165.54254     13.980     1.5627     1.5596     1.5622    28.9145    28.9264  1023.1919    23.1253    384.288    373.831  350.30741    109.700     0.2540     1.1758     1.0494       4626          3  0.000e+00
     13.820   64.24362 -165.54254     13.956     1.5627     1.5598     1.5622    28.9142    28.9267  1023.1916    23.1251    384.289    373.816  350.30800    109.700     0.2527     1.1685     1.0494       4627          3  0.000e+00
     13.766   64.24362 -165.54254     13.902     1.5629     1.5602     1.5623    28.9145    28.9261  1023.1916    23.1253    384.285    373.773  350.30572    109.700     0.2540     1.1758     1.0521       4628          3  0.000e+00
     13.789   64.24362 -165.54254     13.925     1.5627     1.5600     1.5622    28.9148    28.9264  1023.1919    23.1255    384.290    373.735  350.30661    109.701     0.2540     1.1758     1.0534       4629          3  0.000e+00
     13.820   64.24362 -165.54254     13.956     1.5615     1.5600     1.5610    28.9152    28.9266  1023.1925    23.1260    384.305    373.724  350.31615    109.702     0.2552     1.1831     1.0534       4630          3  0.000e+00
     13.820   64.24362 -165.54254     13.956     1.5608     1.5599     1.5603    28.9151    28.9267  1023.1924    23.1259    384.315    373.685  350.32250    109.703     0.2540     1.1758     1.0534       4631          3  0.000e+00
     13.874   64.24362 -165.54254     14.011     1.5683     1.5684     1.5678    28.9128    28.9244  1023.1905    23.1237    384.925    373.972  350.26110    109.897     0.2613     1.2198     1.0588       4797          4  0.000e+00
     13.874   64.24362 -165.54254     14.011     1.5683     1.5683     1.5678    28.9130    28.9242  1023.1906    23.1238    384.878    373.933  350.26079    109.883     0.2601     1.2124     1.0588       4798          4  0.000e+00
     13.820   64.24362 -165.54254     13.957     1.5685     1.5684     1.5679    28.9132    28.9245  1023.1905    23.1239    385.102    373.888  350.25917    109.948     0.2613     1.2198     1.0588       4799          4  0.000e+00
     13.789   64.24362 -165.54254     13.925     1.5685     1.5684     1.5680    28.9135    28.9245  1023.1905    23.1242    384.854    374.081  350.25794    109.877     0.2601     1.2124     1.0588       4800          4  0.000e+00
     13.874   64.24362 -165.54254     14.011     1.5687     1.5682     1.5681    28.9129    28.9244  1023.1905    23.1237    384.807    373.861  350.25792    109.864     0.2613     1.2198     1.0588       4801          4  0.000e+00
     13.820   64.24362 -165.54254     13.957     1.5688     1.5682     1.5683    28.9132    28.9243  1023.1905    23.1239    384.749    373.814  350.25620    109.848     0.2613     1.2198     1.0588       4802          4  0.000e+00
     13.843   64.24362 -165.54254     13.980     1.5686     1.5678     1.5681    28.9134    28.9247  1023.1908    23.1241    384.738    373.774  350.25710    109.844     0.2613     1.2198     1.0575       4803          4  0.000e+00
     13.820   64.24362 -165.54254     13.957     1.5690     1.5674     1.5684    28.9133    28.9245  1023.1905    23.1240    384.996    373.731  350.25451    109.919     0.2613     1.2198     1.0588       4804          4  0.000e+00
     13.820   64.24362 -165.54254     13.957     1.5688     1.5676     1.5683    28.9135    28.9247  1023.1907    23.1242    384.789    373.891  350.25537    109.860     0.2601     1.2124     1.0588       4805          4  0.000e+00
     13.820   64.24362 -165.54254     13.957     1.5693     1.5679     1.5687    28.9132    28.9250  1023.1905    23.1239    385.006    373.653  350.25165    109.923     0.2613     1.2198     1.0588       4806          4  0.000e+00
     13.789   64.24362 -165.54254     13.926     1.5693     1.5678     1.5687    28.9134    28.9249  1023.1905    23.1241    384.794    373.603  350.25119    109.862     0.2601     1.2124     1.0575       4807          4  0.000e+00
     13.820   64.24362 -165.54254     13.957     1.5697     1.5681     1.5691    28.9126    28.9244  1023.1900    23.1234    384.779    373.551  350.24988    109.858     0.2564     1.1905     1.0588       4808          4  0.000e+00
     13.874   64.24362 -165.54254     14.011     1.5691     1.5679     1.5686    28.9123    28.9245  1023.1900    23.1232    384.773    373.529  350.25559    109.855     0.2515     1.1612     1.0548       4809          4  0.000e+00
     13.820   64.24362 -165.54254     13.957     1.5688     1.5679     1.5683    28.9123    28.9246  1023.1897    23.1232    384.760    373.474  350.25870    109.850     0.2503     1.1538     1.0453       4810          4  0.000e+00
     13.789   64.24362 -165.54254     13.926     1.5680     1.5681     1.5675    28.9124    28.9246  1023.1897    23.1233    384.752    373.443  350.26530    109.846     0.2515     1.1612     1.0426       4811          4  0.000e+00
     13.820   64.24362 -165.54254     13.957     1.5677     1.5679     1.5672    28.9129    28.9246  1023.1903    23.1238    384.699    373.630  350.26675    109.830     0.2503     1.1538     1.0426       4812          4  0.000e+00
     13.820   64.24362 -165.54254     13.957     1.5671     1.5678     1.5666    28.9138    28.9249  1023.1910    23.1245    384.687    373.629  350.26995    109.826     0.2515     1.1612     1.0426       4813          4  0.000e+00
     13.843   64.24362 -165.54254     13.980     1.5674     1.5681     1.5669    28.9135    28.9247  1023.1909    23.1242    384.668    373.414  350.26774    109.821     0.2503     1.1538     1.0426       4814          4  0.000e+00
     13.820   64.24362 -165.54254     13.957     1.5676     1.5684     1.5671    28.9139    28.9239  1023.1911    23.1246    384.647    373.382  350.26508    109.816     0.2515     1.1612     1.0426       4815          4  0.000e+00
     13.820   64.24362 -165.54254     13.957     1.5680     1.5685     1.5674    28.9138    28.9244  1023.1910    23.1244    384.627    373.378  350.26207    109.811     0.2503     1.1538     1.0426       4816          4  0.000e+00
     13.820   64.24362 -165.54254     13.957     1.5682     1.5685     1.5677    28.9136    28.9244  1023.1909    23.1243    384.608    373.560  350.26043    109.806     0.2515     1.1612     1.0426       4817          4  0.000e+00
     13.843   64.24362 -165.54254     13.980     1.5683     1.5684     1.5678    28.9140    28.9244  1023.1912    23.1246    384.590    373.558  350.25805    109.802     0.2503     1.1538     1.0426       4818          4  0.000e+00
     13.820   64.24362 -165.54254     13.957     1.5688     1.5681     1.5683    28.9135    28.9247  1023.1907    23.1242    384.568    373.556  350.25527    109.797     0.2515     1.1612     1.0426       4819          4  0.000e+00
     13.820   64.24362 -165.54254     13.957     1.5690     1.5682     1.5684    28.9132    28.9246  1023.1904    23.1239    384.551    373.340  350.25482    109.792     0.2515     1.1612     1.0426       4820          4  0.000e+00
     13.789   64.24362 -165.54254     13.926     1.5689     1.5684     1.5684    28.9135    28.9244  1023.1905    23.1241    384.533    373.332  350.25451    109.787     0.2503     1.1538     1.0426       4821          4  0.000e+00
     13.820   64.24362 -165.54254     13.957     1.5688     1.5687     1.5683    28.9133    28.9241  1023.1906    23.1241    384.519    373.328  350.25579    109.782     0.2515     1.1612     1.0426       4822          4  0.000e+00
     13.820   64.24362 -165.54254     13.957     1.5683     1.5687     1.5678    28.9134    28.9243  1023.1907    23.1242    384.507    373.325  350.25947    109.778     0.2503     1.1538     1.0426       4823          4  0.000e+00
     13.820   64.24362 -165.54254     13.957     1.5685     1.5687     1.5680    28.9128    28.9243  1023.1902    23.1237    384.491    373.534  350.25965    109.773     0.2515     1.1612     1.0426       4824          4  0.000e+00
     13.843   64.24362 -165.54254     13.980     1.5683     1.5688     1.5678    28.9131    28.9242  1023.1905    23.1239    384.477    373.349  350.26089    109.769     0.2503     1.1538     1.0426       4825          4  0.000e+00
     13.820   64.24362 -165.54254     13.957     1.5682     1.5687     1.5677    28.9134    28.9245  1023.1907    23.1241    384.266    373.532  350.26106    109.708     0.2515     1.1612     1.0426       4826          4  0.000e+00
     13.820   64.24362 -165.54254     13.957     1.5682     1.5690     1.5677    28.9133    28.9244  1023.1906    23.1241    384.448    373.526  350.26126    109.760     0.2503     1.1538     1.0426       4827          4  0.000e+00
     13.820   64.24362 -165.54254     13.957     1.5682     1.5693     1.5677    28.9133    28.9242  1023.1906    23.1240    384.435    373.520  350.26137    109.757     0.2503     1.1538     1.0426       4828          4  0.000e+00
     13.789   64.24362 -165.54254     13.926     1.5681     1.5693     1.5676    28.9133    28.9240  1023.1905    23.1241    384.420    373.542  350.26168    109.752     0.2515     1.1612     1.0440       4829          4  0.000e+00
     13.820   64.24362 -165.54254     13.957     1.5682     1.5698     1.5677    28.9133    28.9240  1023.1906    23.1240    384.408    373.561  350.26137    109.749     0.2503     1.1538     1.0480       4830          4  0.000e+00
     13.820   64.24362 -165.54254     13.957     1.5680     1.5698     1.5675    28.9136    28.9243  1023.1908    23.1243    384.396    373.583  350.26213    109.745     0.2515     1.1612     1.0507       4831          4  0.000e+00
     13.843   64.24362 -165.54254     13.980     1.5683     1.5696     1.5678    28.9134    28.9245  1023.1907    23.1241    384.381    373.608  350.25971    109.742     0.2503     1.1538     1.0507       4832          4  0.000e+00
     13.705   64.24362 -165.54254     13.840     1.5685     1.5701     1.5680    28.9139    28.9239  1023.1905    23.1245    384.357    373.620  350.25679    109.736     0.2527     1.1685     1.0507       4833          4  0.000e+00
     13.936   64.24362 -165.54254     14.074     1.5687     1.5695     1.5682    28.9135    28.9240  1023.1913    23.1242    384.396    373.660  350.25578    109.747     0.2576     1.1978     1.0507       4834          4  0.000e+00
     13.820   64.24362 -165.54254     13.957     1.5687     1.5694     1.5681    28.9132    28.9241  1023.1905    23.1240    384.463    373.494  350.25712    109.766     0.2613     1.2198     1.0507       4835          4  0.000e+00
     13.789   64.24362 -165.54254     13.926     1.5688     1.5692     1.5683    28.9135    28.9243  1023.1905    23.1242    384.492    373.704  350.25544    109.775     0.2601     1.2124     1.0507       4836          4  0.000e+00
     13.820   64.24362 -165.54254     13.957     1.5688     1.5693     1.5683    28.9139    28.9239  1023.1911    23.1245    384.527    373.729  350.25423    109.785     0.2613     1.2198     1.0507       4837          4  0.000e+00
     13.820   64.24362 -165.54254     13.957     1.5691     1.5693     1.5685    28.9136    28.9239  1023.1907    23.1242    384.520    373.782  350.25276    109.784     0.2613     1.2198     1.0507       4838          4  0.000e+00
     13.820   64.24362 -165.54254     13.957     1.5694     1.5693     1.5689    28.9129    28.9241  1023.1902    23.1237    384.554    373.596  350.25100    109.794     0.2601     1.2124     1.0507       4839          4  0.000e+00
     13.789   64.24362 -165.54254     13.926     1.5697     1.5693     1.5692    28.9131    28.9244  1023.1902    23.1238    384.546    373.805  350.24803    109.792     0.2613     1.2198     1.0507       4840          4  0.000e+00
     13.820   64.24362 -165.54254     13.957     1.5699     1.5693     1.5694    28.9130    28.9243  1023.1903    23.1237    384.778    373.834  350.24680    109.859     0.2613     1.2198     1.0507       4841          4  0.000e+00
     13.820   64.24362 -165.54254     13.957     1.5700     1.5696     1.5695    28.9131    28.9242  1023.1903    23.1238    384.576    373.858  350.24567    109.802     0.2613     1.2198     1.0507       4842          4  0.000e+00
     13.789   64.24362 -165.54254     13.926     1.5700     1.5693     1.5695    28.9131    28.9242  1023.1902    23.1238    384.569    373.886  350.24506    109.800     0.2601     1.2124     1.0507       4843          4  0.000e+00
     13.820   64.24362 -165.54254     13.957     1.5704     1.5692     1.5698    28.9130    28.9243  1023.1902    23.1237    384.562    373.889  350.24245    109.799     0.2613     1.2198     1.0507       4844          4  0.000e+00
     13.820   64.24362 -165.54254     13.957     1.5700     1.5693     1.5695    28.9133    28.9242  1023.1905    23.1239    384.560    373.887  350.24469    109.797     0.2601     1.2124     1.0507       4845          4  0.000e+00
     11.937   64.24362 -165.54252     12.055     1.6497     1.6416     1.6492    28.8952    28.9078  1023.1624    23.1050    381.473    370.154  349.57913    109.123     0.2125     0.9267     0.9733       6470          5  0.000e+00
     11.875   64.24362 -165.54252     11.993     1.6473     1.6421     1.6469    28.8960    28.9073  1023.1628    23.1057    381.504    369.949  349.59823    109.126     0.2112     0.9194     0.9733       6471          5  0.000e+00
     11.937   64.24362 -165.54252     12.055     1.6456     1.6420     1.6452    28.8962    28.9076  1023.1634    23.1059    381.534    369.913  349.61283    109.130     0.2125     0.9267     0.9733       6472          5  0.000e+00
     11.960   64.24362 -165.54252     12.078     1.6446     1.6409     1.6441    28.8958    28.9081  1023.1633    23.1057    381.555    369.912  349.62357    109.133     0.2125     0.9267     0.9733       6473          5  0.000e+00
     11.875   64.24362 -165.54252     11.993     1.6433     1.6399     1.6428    28.8962    28.9082  1023.1632    23.1060    381.569    369.907  349.63399    109.134     0.2125     0.9267     0.9733       6474          5  0.000e+00
     11.937   64.24362 -165.54252     12.055     1.6435     1.6382     1.6430    28.8956    28.9095  1023.1630    23.1056    381.575    369.913  349.63405    109.135     0.2125     0.9267     0.9733       6475          5  0.000e+00
     11.937   64.24362 -165.54252     12.055     1.6431     1.6391     1.6427    28.8953    28.9093  1023.1628    23.1054    381.581    369.895  349.63783    109.136     0.2125     0.9267     0.9733       6476          5  0.000e+00
     11.937   64.24362 -165.54252     12.055     1.6420     1.6423     1.6416    28.8970    28.9085  1023.1643    23.1068    381.864    369.855  349.64286    109.215     0.2125     0.9267     0.9733       6477          5  0.000e+00
     11.906   64.24362 -165.54252     12.024     1.6413     1.6456     1.6408    28.8996    28.9081  1023.1662    23.1089    381.901    369.811  349.64282    109.226     0.2125     0.9267     0.9733       6478          5  0.000e+00
     11.937   64.24362 -165.54252     12.055     1.6428     1.6479     1.6423    28.9001    28.9065  1023.1667    23.1092    381.726    369.759  349.62786    109.181     0.2125     0.9267     0.9733       6479          5  0.000e+00
