merge_samples_with_btl/SKQ202309T/ctd/skq202309t_005.ros
* Sea-Bird SBE 9 Data File:
* FileName = D:\CTD\SKQ202309T\SKQ202309T_005.hex
* Software Version Seasave V 7.26.7.121
* Temperature SN = 6177
* Conductivity SN = 0369
* Number of Bytes Per Scan = 38
* Number of Voltage Words = 3
* Number of Scans Averaged by the Deck Unit = 1
* NMEA Latitude = 62 38.25 N
* NMEA Longitude = 165 42.28 W
* NMEA UTC (Time) = Jun 12 2023  01:37:43
* NMEA baud rate = 4800
** Ship: R/V Sikuliaq
** Station Number: 005
** Station Name: STN 008
** Bottom Depth: 12
** Operator: Kay McMonigal
# nquan = 21
# nvalues = 588                                   
# units = specified
# name 0 = depSM: Depth [salt water, m]
# name 1 = latitude: Latitude [deg]
# name 2 = longitude: Longitude [deg]
# name 3 = prDM: Pressure, Digiquartz [db]
# name 4 = t090C: Temperature [ITS-90, deg C]
# name 5 = t190C: Temperature, 2 [ITS-90, deg C]
# name 6 = potemp090C: Potential Temperature [ITS-90, deg C]
# name 7 = sal00: Salinity, Practical [PSU]
# name 8 = sal11: Salinity, Practical, 2 [PSU]
# name 9 = density00: Density [density, kg/m^3]
# name 10 = sigma-é00: Density [sigma-theta, kg/m^3]
# name 11 = sbox0Mm/Kg: Oxygen, SBE 43 [umol/kg]
# name 12 = sbox1Mm/Kg: Oxygen, SBE 43, 2 [umol/kg]
# name 13 = oxsolMm/Kg: Oxygen Saturation, Garcia & Gordon [umol/kg]
# name 14 = sbeox0PS: Oxygen, SBE 43 [% saturation]
# name 15 = v0: Voltage 0
# name 16 = flECO-AFL: Fluorescence, WET Labs ECO-AFL/FL [mg/m^3]
# name 17 = CStarAt0: Beam Attenuation, WET Labs C-Star [1/m]
# name 18 = scan: Scan Count
# name 19 = nbf: Bottles Fired
# name 20 = flag:  0.000e+00
# interval = seconds: 0.0416667
# start_time = Jun 12 2023 01:40:04 [NMEA time, first data scan]
# bad_flag = -9.990e-29
*END*
[from data line 138]
      5.668   62.63748 -165.70490      5.723     3.1124     3.1017     3.1121    27.7174    27.7569  1022.0957    22.0686    325.915    316.836  339.93078     95.877     0.1502     0.5531     2.4446       3594          3  0.000e+00
      5.614   62.63748 -165.70490      5.668     3.1102     3.1024     3.1099    27.7213    27.7535  1022.0987    22.0719    325.719    316.844  339.93923     95.817     0.1502     0.5531     2.4427       3595          3  0.000e+00
      5.614   62.63748 -165.70490      5.668     3.1084     3.1051     3.1081    27.7175    27.7517  1022.0958    22.0689    325.954    316.834  339.96407     95.879     0.1514     0.5604     2.4427       3596          3  0.000e+00
      5.614   62.63748 -165.70490      5.668     3.1114     3.1065     3.1111    27.7034    27.7520  1022.0843    22.0575    325.758    316.829  339.97504     95.818     0.1502     0.5531     2.4427       3597          3  0.000e+00
      5.668   62.63748 -165.70490      5.723     3.1208     3.1048     3.1205    27.6851    27.7549  1022.0693    22.0422    325.929    316.848  339.94242     95.878     0.1502     0.5531     2.4427       3598          3  0.000e+00
      5.614   62.63748 -165.70490      5.668     3.1243     3.1043     3.1240    27.6804    27.7534  1022.0650    22.0382    325.929    317.039  339.92513     95.882     0.1502     0.5531     2.4446       3599          3  0.000e+00
      5.645   62.63748 -165.70490      5.700     3.1303     3.1070     3.1300    27.6675    27.7441  1022.0545    22.0275    325.892    317.045  339.90765     95.877     0.1514     0.5604     2.4446       3600          3  0.000e+00
      5.614   62.63748 -165.70490      5.668     3.1395     3.1118     3.1392    27.6495    27.7304  1022.0393    22.0125    325.870    317.037  339.87553     95.879     0.1502     0.5531     2.4465       3601          3  0.000e+00
      5.668   62.63748 -165.70490      5.723     3.1443     3.1163     3.1440    27.6389    27.7193  1022.0308    22.0037    325.876    316.852  339.86255     95.885     0.1514     0.5604     2.4465       3602          3  0.000e+00
      5.613   62.63748 -165.70490      5.668     3.1244     3.1243     3.1242    27.6445    27.6436  1022.0365    22.0096    326.849    317.063  340.01619     96.127     0.1477     0.5384     2.3990       3823          4  0.000e+00
      5.551   62.63748 -165.70490      5.605     3.1241     3.1269     3.1238    27.6443    27.6391  1022.0360    22.0095    326.841    317.419  340.01946     96.124     0.1490     0.5458     2.3971       3824          4  0.000e+00
      5.613   62.63748 -165.70490      5.668     3.1244     3.1279     3.1242    27.6400    27.6378  1022.0329    22.0061    326.876    317.256  340.02777     96.132     0.1490     0.5458     2.3971       3825          4  0.000e+00
      5.613   62.63748 -165.70490      5.668     3.1215     3.1287     3.1212    27.6399    27.6380  1022.0330    22.0062    326.928    317.445  340.05358     96.140     0.1502     0.5531     2.3971       3826          4  0.000e+00
      5.613   62.63748 -165.70490      5.668     3.1180     3.1279     3.1178    27.6412    27.6416  1022.0343    22.0074    326.942    317.213  340.07924     96.137     0.1490     0.5458     2.3971       3827          4  0.000e+00
      5.582   62.63748 -165.70490      5.636     3.1186     3.1262     3.1183    27.6396    27.6471  1022.0329    22.0062    326.735    317.208  340.07869     96.076     0.1490     0.5458     2.3953       3828          4  0.000e+00
      5.613   62.63748 -165.70490      5.668     3.1231     3.1258     3.1228    27.6341    27.6500  1022.0283    22.0014    326.692    316.999  340.05491     96.070     0.1490     0.5458     2.3971       3829          4  0.000e+00
      5.613   62.63748 -165.70490      5.668     3.1274     3.1277     3.1272    27.6266    27.6470  1022.0220    21.9952    326.877    317.188  340.03697     96.130     0.1490     0.5458     2.3971       3830          4  0.000e+00
      5.613   62.63748 -165.70490      5.668     3.1312     3.1303     3.1310    27.6229    27.6418  1022.0188    21.9919    326.869    317.154  340.01429     96.134     0.1490     0.5458     2.3971       3831          4  0.000e+00
      5.551   62.63748 -165.70490      5.605     3.1281     3.1321     3.1278    27.6351    27.6373  1022.0284    22.0018    326.882    316.920  340.00972     96.139     0.1502     0.5531     2.3971       3832          4  0.000e+00
      5.613   62.63748 -165.70490      5.668     3.1193     3.1326     3.1190    27.6523    27.6362  1022.0431    22.0162    326.938    316.898  340.04000     96.147     0.1490     0.5458     2.3971       3833          4  0.000e+00
      5.613   62.63748 -165.70490      5.668     3.1152     3.1313     3.1149    27.6538    27.6365  1022.0445    22.0177    326.949    316.887  340.07073     96.141     0.1490     0.5458     2.3971       3834          4  0.000e+00
      5.667   62.63748 -165.70490      5.722     3.1136     3.1305     3.1133    27.6513    27.6377  1022.0429    22.0158    326.945    316.850  340.09073     96.135     0.1502     0.5531     2.3971       3835          4  0.000e+00
      5.582   62.63748 -165.70490      5.636     3.1131     3.1304     3.1128    27.6457    27.6387  1022.0381    22.0114    326.930    316.803  340.10923     96.125     0.1490     0.5458     2.3953       3836          4  0.000e+00
      5.613   62.63748 -165.70490      5.668     3.1163     3.1316     3.1160    27.6347    27.6365  1022.0292    22.0024    326.934    316.581  340.11091     96.126     0.1502     0.5531     2.3971       3837          4  0.000e+00
      5.667   62.63748 -165.70490      5.722     3.1185     3.1330     3.1182    27.6350    27.6325  1022.0296    22.0025    326.918    316.767  340.09162     96.127     0.1490     0.5458     2.3971       3838          4  0.000e+00
      5.613   62.63748 -165.70490      5.668     3.1154     3.1341     3.1151    27.6475    27.6305  1022.0395    22.0127    326.915    316.701  340.08567     96.127     0.1502     0.5531     2.3971       3839          4  0.000e+00
      5.613   62.63748 -165.70490      5.668     3.1131     3.1337     3.1128    27.6550    27.6342  1022.0456    22.0188    326.918    316.660  340.08543     96.128     0.1490     0.5458     2.3971       3840          4  0.000e+00
      5.613   62.63748 -165.70490      5.668     3.1117     3.1318     3.1115    27.6565    27.6423  1022.0470    22.0201    326.925    316.647  340.09320     96.128     0.1502     0.5531     2.3971       3841          4  0.000e+00
      5.613   62.63748 -165.70490      5.668     3.1109     3.1327     3.1106    27.6559    27.6405  1022.0465    22.0197    326.931    316.658  340.10166     96.127     0.1490     0.5458     2.3990       3842          4  0.000e+00
      5.667   62.63748 -165.70490      5.722     3.1111     3.1330     3.1108    27.6541    27.6357  1022.0453    22.0182    326.932    316.663  340.10499     96.127     0.1502     0.5531     2.4104       3843          4  0.000e+00
      5.613   62.63748 -165.70490      5.668     3.1155     3.1337     3.1152    27.6434    27.6312  1022.0362    22.0094    327.096    316.638  340.09525     96.178     0.1490     0.5458     2.4142       3844          4  0.000e+00
      5.644   62.63748 -165.70490      5.699     3.1205     3.1349     3.1203    27.6334    27.6268  1022.0281    22.0011    326.876    316.436  340.07793     96.118     0.1502     0.5531     2.4142       3845          4  0.000e+00
      5.667   62.63748 -165.70490      5.722     3.1236     3.1358     3.1234    27.6265    27.6236  1022.0224    21.9953    326.854    316.413  340.06950     96.114     0.1490     0.5458     2.4142       3846          4  0.000e+00
      5.613   62.63748 -165.70490      5.668     3.1258     3.1366     3.1256    27.6244    27.6220  1022.0204    21.9936    326.823    316.411  340.05615     96.109     0.1490     0.5458     2.4142       3847          4  0.000e+00
      5.667   62.63748 -165.70490      5.722     3.1262     3.1357     3.1259    27.6263    27.6255  1022.0221    21.9950    326.803    316.397  340.04860     96.105     0.1490     0.5458     2.4142       3848          4  0.000e+00
      5.667   62.63748 -165.70490      5.722     3.1268     3.1340     3.1265    27.6269    27.6314  1022.0225    21.9954    326.779    316.385  340.04163     96.100     0.1477     0.5384     2.4123       3849          4  0.000e+00
      5.613   62.63748 -165.70490      5.668     3.1266     3.1330     3.1264    27.6258    27.6343  1022.0214    21.9946    326.800    316.397  340.04580     96.105     0.1477     0.5384     2.4142       3850          4  0.000e+00
      5.667   62.63748 -165.70490      5.722     3.1274     3.1321     3.1272    27.6237    27.6360  1022.0199    21.9929    326.783    316.397  340.04444     96.100     0.1477     0.5384     2.4142       3851          4  0.000e+00
      5.667   62.63748 -165.70490      5.722     3.1270     3.1319     3.1267    27.6247    27.6355  1022.0207    21.9937    326.802    316.420  340.04603     96.105     0.1477     0.5384     2.4142       3852          4  0.000e+00
      5.667   62.63748 -165.70490      5.722     3.1263     3.1332     3.1260    27.6271    27.6308  1022.0227    21.9956    326.783    316.420  340.04532     96.100     0.1477     0.5384     2.4142       3853          4  0.000e+00
      5.698   62.63748 -165.70490      5.753     3.1256     3.1347     3.1253    27.6297    27.6249  1022.0250    21.9977    326.764    316.377  340.04493     96.094     0.1477     0.5384     2.4142       3854          4  0.000e+00
      5.667   62.63748 -165.70490      5.722     3.1246     3.1355     3.1243    27.6339    27.6213  1022.0283    22.0012    326.739    316.581  340.04211     96.088     0.1477     0.5384     2.4142       3855          4  0.000e+00
      5.667   62.63748 -165.70490      5.722     3.1241     3.1347     3.1238    27.6357    27.6208  1022.0297    22.0026    326.752    316.643  340.04162     96.092     0.1490     0.5458     2.4142       3856          4  0.000e+00
      5.667   62.63748 -165.70490      5.722     3.1236     3.1339     3.1234    27.6347    27.6223  1022.0290    22.0019    326.773    316.477  340.04824     96.096     0.1477     0.5384     2.4142       3857          4  0.000e+00
      5.667   62.63748 -165.70490      5.722     3.1241     3.1327     3.1238    27.6313    27.6266  1022.0262    21.9991    326.753    316.441  340.05310     96.089     0.1490     0.5458     2.4142       3858          4  0.000e+00
      5.667   62.63748 -165.70490      5.722     3.1237     3.1305     3.1235    27.6346    27.6327  1022.0289    22.0018    326.723    316.434  340.04757     96.081     0.1477     0.5384     2.4142       3859          4  0.000e+00
      5.667   62.63748 -165.70490      5.722     3.1218     3.1305     3.1215    27.6476    27.6307  1022.0394    22.0123    326.719    316.453  340.03094     96.085     0.1490     0.5458     2.4142       3860          4  0.000e+00
      5.729   62.63748 -165.70490      5.784     3.1171     3.1313     3.1168    27.6654    27.6251  1022.0542    22.0268    326.695    316.432  340.02484     96.080     0.1477     0.5384     2.4142       3861          4  0.000e+00
      5.667   62.63748 -165.70490      5.722     3.1149     3.1304     3.1146    27.6680    27.6228  1022.0562    22.0291    326.678    316.461  340.03672     96.071     0.1490     0.5458     2.4161       3862          4  0.000e+00
      5.698   62.63748 -165.70490      5.753     3.1144     3.1268     3.1141    27.6649    27.6273  1022.0539    22.0266    326.437    316.729  340.04880     95.997     0.1477     0.5384     2.4446       3863          4  0.000e+00
      5.667   62.63748 -165.70490      5.722     3.1131     3.1185     3.1128    27.6658    27.6453  1022.0545    22.0274    326.605    316.805  340.05757     96.044     0.1490     0.5458     2.4599       3864          4  0.000e+00
      5.667   62.63748 -165.70490      5.722     3.1142     3.1104     3.1140    27.6611    27.6649  1022.0507    22.0236    326.537    316.831  340.06002     96.023     0.1477     0.5384     2.4638       3865          4  0.000e+00
      5.729   62.63748 -165.70490      5.784     3.1154     3.1017     3.1151    27.6570    27.6840  1022.0476    22.0202    326.543    316.914  340.06122     96.025     0.1490     0.5458     2.4619       3866          4  0.000e+00
      5.667   62.63748 -165.70490      5.722     3.1161     3.0945     3.1158    27.6574    27.7006  1022.0476    22.0205    326.535    316.962  340.05369     96.025     0.1477     0.5384     2.4599       3867          4  0.000e+00
      5.729   62.63748 -165.70490      5.784     3.1153     3.0894     3.1150    27.6601    27.7152  1022.0501    22.0228    326.542    317.003  340.05391     96.026     0.1477     0.5384     2.4599       3868          4  0.000e+00
      5.667   62.63748 -165.70490      5.722     3.1155     3.0883     3.1152    27.6616    27.7285  1022.0510    22.0239    326.536    317.031  340.04832     96.026     0.1477     0.5384     2.4599       3869          4  0.000e+00
      5.729   62.63748 -165.70490      5.784     3.1159     3.0912     3.1157    27.6617    27.7380  1022.0513    22.0240    326.537    317.016  340.04395     96.028     0.1490     0.5458     2.4599       3870          4  0.000e+00
      5.698   62.63748 -165.70490      5.753     3.1168     3.0934     3.1165    27.6607    27.7431  1022.0503    22.0231    326.534    316.991  340.03973     96.028     0.1477     0.5384     2.4599       3871          4  0.000e+00
      3.301   62.63748 -165.70492      3.333     5.6294     5.3148     5.6291    24.8198    25.3145  1019.5725    19.5569    332.138    311.468  326.65685    101.678     0.1783     0.7216     6.3590       6511          5  0.000e+00
      3.185   62.63748 -165.70492      3.216     5.6575     5.3269     5.6573    24.7677    25.3039  1019.5281    19.5130    332.585    311.720  326.56312    101.844     0.1770     0.7143     6.3337       6512          5  0.000e+00
      3.301   62.63748 -165.70492      3.333     5.7289     5.3422     5.7287    24.6382    25.2795  1019.4196    19.4039    333.211    311.999  326.31830    102.112     0.1783     0.7216     6.3135       6513          5  0.000e+00
      3.239   62.63748 -165.70492      3.271     5.8379     5.3486     5.8377    24.4630    25.2660  1019.2703    19.2550    333.576    312.522  325.89183    102.358     0.1783     0.7216     6.3135       6514          5  0.000e+00
      3.239   62.63748 -165.70492      3.271     5.9180     5.3559     5.9178    24.3413    25.2518  1019.1665    19.1511    333.470    312.692  325.56231    102.429     0.1783     0.7216     6.3135       6515          5  0.000e+00
      3.301   62.63748 -165.70492      3.333     5.9720     5.3527     5.9718    24.2755    25.2491  1019.1095    19.0939    333.788    313.106  325.30178    102.609     0.1783     0.7216     6.3135       6516          5  0.000e+00
      3.239   62.63748 -165.70492      3.271     5.9875     5.3561     5.9873    24.2687    25.2414  1019.1023    19.0870    334.062    313.483  325.19784    102.726     0.1770     0.7143     6.3135       6517          5  0.000e+00
      3.301   62.63748 -165.70492      3.333     5.9944     5.4277     5.9941    24.2720    25.1462  1019.1046    19.0890    334.324    313.506  325.13672    102.826     0.1783     0.7216     6.3135       6518          5  0.000e+00
      3.239   62.63748 -165.70492      3.271     6.0030     5.5042     6.0028    24.2676    25.0314  1019.0999    19.0846    334.298    313.556  325.08045    102.836     0.1770     0.7143     6.3135       6519          5  0.000e+00
      3.301   62.63748 -165.70492      3.333     6.0038     5.5345     6.0036    24.2733    24.9762  1019.1046    19.0890    334.192    313.657  325.06059    102.809     0.1783     0.7216     6.3135       6520          5  0.000e+00
