merge_samples_with_btl/SKQ202309T/ctd/skq202309t_004svp.cnv
* Sea-Bird SBE 9 Data File:
* FileName = D:\CTD\SKQ202309T\SKQ202309T_004.hex
* Software Version Seasave V 7.26.7.121
* Temperature SN = 6177
* Conductivity SN = 0369
* Number of Bytes Per Scan = 38
* Number of Voltage Words = 3
* Number of Scans Averaged by the Deck Unit = 1
* NMEA Latitude = 60 30.69 N
* NMEA Longitude = 168 26.21 W
* NMEA UTC (Time) = Jun 11 2023  07:16:30
* NMEA baud rate = 4800
** Ship: R/V Sikuliaq
** Station Number: 004
** Station Name: STN 006
** Bottom Depth: 35
** Operator: Emelia Chamberlain
# nquan = 7
# nvalues = 7467                                  
# units = specified
# name 0 = depSM: Depth [salt water, m]
# name 1 = latitude: Latitude [deg]
# name 2 = longitude: Longitude [deg]
# name 3 = t090C: Temperature [ITS-90, deg C]
# name 4 = sal00: Salinity, Practical [PSU]
# name 5 = svCM: Sound Velocity [Chen-Millero, m/s]
# name 6 = flag:  0.000e+00
# span 0 =      1.697,     27.865                 
# span 1 =   60.51190,   60.51230                 
# span 2 = -168.43808, -168.43738                 
# span 3 =     0.7847,     1.8996                 
# span 4 =    29.8035,    29.9954                 
# span 5 =    1446.20,    1450.96                 
# span 6 = 0.0000e+00, 0.0000e+00                 
# interval = seconds: 0.0416667
# start_time = Jun 11 2023 07:21:43 [NMEA time, first data scan]
# bad_flag = -9.990e-29
*END*
[from data line 3077]
     21.523   60.51202 -168.43762     0.8074    29.9146    1446.41  0.000e+00
     21.430   60.51202 -168.43762     0.8074    29.9143    1446.41  0.000e+00
     21.523   60.51202 -168.43762     0.8072    29.9143    1446.41  0.000e+00
     21.546   60.51202 -168.43762     0.8070    29.9144    1446.41  0.000e+00
     21.523   60.51202 -168.43762     0.8070    29.9142    1446.41  0.000e+00
     21.484   60.51202 -168.43762     0.8068    29.9145    1446.41  0.000e+00
     21.523   60.51202 -168.43762     0.8068    29.9144    1446.41  0.000e+00
     21.523   60.51202 -168.43762     0.8066    29.9142    1446.41  0.000e+00
     21.600   60.51202 -168.43762     0.8066    29.9144    1446.41  0.000e+00
     21.523   60.51202 -168.43762     0.8066    29.9150    1446.41  0.000e+00
     21.600   60.51202 -168.43762     0.8068    29.9151    1446.41  0.000e+00
     21.584   60.51202 -168.43762     0.8072    29.9148    1446.41  0.000e+00
     21.546   60.51202 -168.43762     0.8075    29.9151    1446.41  0.000e+00
     21.638   60.51202 -168.43762     0.8074    29.9150    1446.41  0.000e+00
     21.600   60.51202 -168.43762     0.8077    29.9148    1446.42  0.000e+00
     21.584   60.51202 -168.43762     0.8075    29.9152    1446.41  0.000e+00
     21.600   60.51202 -168.43762     0.8075    29.9152    1446.41  0.000e+00
     21.638   60.51202 -168.43762     0.8075    29.9152    1446.42  0.000e+00
     21.654   60.51202 -168.43762     0.8075    29.9150    1446.42  0.000e+00
     21.584   60.51202 -168.43762     0.8077    29.9148    1446.41  0.000e+00
     21.638   60.51202 -168.43762     0.8075    29.9147    1446.41  0.000e+00
     21.654   60.51202 -168.43762     0.8077    29.9145    1446.42  0.000e+00
     21.692   60.51202 -168.43762     0.8078    29.9144    1446.42  0.000e+00
     21.654   60.51202 -168.43762     0.8077    29.9149    1446.42  0.000e+00
     21.638   60.51202 -168.43762     0.8080    29.9145    1446.42  0.000e+00
     21.716   60.51202 -168.43762     0.8083    29.9143    1446.42  0.000e+00
     21.692   60.51202 -168.43762     0.8080    29.9146    1446.42  0.000e+00
     21.654   60.51202 -168.43762     0.8081    29.9144    1446.42  0.000e+00
     21.692   60.51202 -168.43762     0.8083    29.9140    1446.42  0.000e+00
     21.716   60.51202 -168.43762     0.8078    29.9142    1446.42  0.000e+00
     21.693   60.51202 -168.43762     0.8080    29.9137    1446.42  0.000e+00
     21.770   60.51202 -168.43762     0.8072    29.9142    1446.41  0.000e+00
     21.693   60.51202 -168.43762     0.8074    29.9140    1446.41  0.000e+00
     21.754   60.51202 -168.43762     0.8074    29.9140    1446.42  0.000e+00
     21.770   60.51202 -168.43762     0.8074    29.9138    1446.42  0.000e+00
     21.754   60.51202 -168.43762     0.8072    29.9135    1446.41  0.000e+00
     21.716   60.51202 -168.43762     0.8070    29.9139    1446.41  0.000e+00
     21.808   60.51202 -168.43762     0.8068    29.9140    1446.41  0.000e+00
     21.770   60.51202 -168.43762     0.8066    29.9140    1446.41  0.000e+00
     21.754   60.51202 -168.43762     0.8061    29.9141    1446.41  0.000e+00
     21.770   60.51202 -168.43762     0.8064    29.9136    1446.41  0.000e+00
     21.808   60.51204 -168.43762     0.8066    29.9136    1446.41  0.000e+00
     21.770   60.51204 -168.43762     0.8064    29.9138    1446.41  0.000e+00
     21.870   60.51204 -168.43762     0.8064    29.9141    1446.41  0.000e+00
     21.770   60.51204 -168.43762     0.8063    29.9139    1446.41  0.000e+00
     21.870   60.51204 -168.43762     0.8063    29.9141    1446.41  0.000e+00
     21.809   60.51204 -168.43762     0.8061    29.9139    1446.41  0.000e+00
     21.832   60.51204 -168.43762     0.8058    29.9145    1446.41  0.000e+00
     21.870   60.51204 -168.43762     0.8058    29.9146    1446.41  0.000e+00
     21.832   60.51204 -168.43762     0.8058    29.9144    1446.41  0.000e+00
     21.924   60.51204 -168.43762     0.8060    29.9145    1446.41  0.000e+00
     21.886   60.51204 -168.43762     0.8063    29.9142    1446.41  0.000e+00
     21.870   60.51204 -168.43762     0.8061    29.9143    1446.41  0.000e+00
     21.940   60.51204 -168.43762     0.8060    29.9142    1446.41  0.000e+00
     21.924   60.51204 -168.43762     0.8058    29.9143    1446.41  0.000e+00
     21.886   60.51204 -168.43762     0.8060    29.9140    1446.41  0.000e+00
     21.924   60.51204 -168.43762     0.8058    29.9147    1446.41  0.000e+00
     21.832   60.51204 -168.43762     0.8061    29.9144    1446.41  0.000e+00
     21.870   60.51204 -168.43762     0.8058    29.9146    1446.41  0.000e+00
     21.809   60.51204 -168.43762     0.8056    29.9150    1446.41  0.000e+00
     21.832   60.51204 -168.43762     0.8063    29.9145    1446.41  0.000e+00
     21.755   60.51204 -168.43762     0.8063    29.9147    1446.41  0.000e+00
     21.832   60.51204 -168.43762     0.8064    29.9146    1446.41  0.000e+00
     21.809   60.51204 -168.43762     0.8066    29.9142    1446.41  0.000e+00
     21.886   60.51204 -168.43762     0.8066    29.9143    1446.41  0.000e+00
     21.809   60.51204 -168.43762     0.8068    29.9143    1446.41  0.000e+00
     21.886   60.51204 -168.43762     0.8066    29.9144    1446.41  0.000e+00
     21.870   60.51204 -168.43762     0.8066    29.9144    1446.41  0.000e+00
     21.886   60.51204 -168.43762     0.8064    29.9143    1446.41  0.000e+00
     21.870   60.51204 -168.43762     0.8066    29.9141    1446.41  0.000e+00
     21.886   60.51204 -168.43762     0.8064    29.9143    1446.41  0.000e+00
     21.870   60.51204 -168.43762     0.8063    29.9143    1446.41  0.000e+00
     21.832   60.51204 -168.43762     0.8061    29.9143    1446.41  0.000e+00
     21.809   60.51204 -168.43762     0.8056    29.9146    1446.41  0.000e+00
     21.870   60.51204 -168.43762     0.8055    29.9150    1446.41  0.000e+00
     21.832   60.51204 -168.43762     0.8055    29.9148    1446.41  0.000e+00
     21.809   60.51204 -168.43762     0.8058    29.9148    1446.41  0.000e+00
     21.832   60.51204 -168.43762     0.8061    29.9142    1446.41  0.000e+00
     21.809   60.51204 -168.43762     0.8063    29.9143    1446.41  0.000e+00
     21.832   60.51204 -168.43762     0.8064    29.9141    1446.41  0.000e+00
     21.871   60.51204 -168.43762     0.8064    29.9142    1446.41  0.000e+00
     21.832   60.51204 -168.43762     0.8066    29.9142    1446.41  0.000e+00
     21.871   60.51204 -168.43762     0.8066    29.9139    1446.41  0.000e+00
     21.886   60.51204 -168.43762     0.8064    29.9142    1446.41  0.000e+00
     21.871   60.51204 -168.43762     0.8066    29.9143    1446.41  0.000e+00
     21.886   60.51204 -168.43762     0.8061    29.9144    1446.41  0.000e+00
     21.809   60.51204 -168.43762     0.8055    29.9148    1446.41  0.000e+00
     21.871   60.51204 -168.43762     0.8056    29.9147    1446.41  0.000e+00
     21.832   60.51204 -168.43762     0.8056    29.9150    1446.41  0.000e+00
     21.809   60.51204 -168.43762     0.8060    29.9146    1446.41  0.000e+00
     21.832   60.51204 -168.43762     0.8061    29.9147    1446.41  0.000e+00
     21.809   60.51204 -168.43762     0.8066    29.9140    1446.41  0.000e+00
     21.832   60.51204 -168.43762     0.8069    29.9142    1446.41  0.000e+00
     21.871   60.51204 -168.43762     0.8066    29.9143    1446.41  0.000e+00
     21.832   60.51204 -168.43762     0.8066    29.9142    1446.41  0.000e+00
     21.871   60.51204 -168.43762     0.8066    29.9143    1446.41  0.000e+00
     21.832   60.51204 -168.43762     0.8066    29.9142    1446.41  0.000e+00
     21.871   60.51204 -168.43762     0.8063    29.9143    1446.41  0.000e+00
     21.886   60.51204 -168.43762     0.8064    29.9140    1446.41  0.000e+00
     21.871   60.51204 -168.43762     0.8064    29.9147    1446.41  0.000e+00
     21.755   60.51204 -168.43762     0.8066    29.9143    1446.41  0.000e+00
     21.940   60.51204 -168.43762     0.8061    29.9147    1446.41  0.000e+00
     21.809   60.51204 -168.43762     0.8064    29.9146    1446.41  0.000e+00
     21.832   60.51204 -168.43762     0.8063    29.9148    1446.41  0.000e+00
     21.871   60.51204 -168.43762     0.8064    29.9143    1446.41  0.000e+00
     21.832   60.51204 -168.43762     0.8061    29.9144    1446.41  0.000e+00
     21.809   60.51204 -168.43762     0.8061    29.9144    1446.41  0.000e+00
     21.832   60.51204 -168.43762     0.8061    29.9141    1446.41  0.000e+00
     21.871   60.51204 -168.43762     0.8056    29.9143    1446.41  0.000e+00
     21.832   60.51204 -168.43762     0.8056    29.9145    1446.41  0.000e+00
     21.871   60.51204 -168.43762     0.8060    29.9142    1446.41  0.000e+00
     21.832   60.51204 -168.43762     0.8063    29.9142    1446.41  0.000e+00
     21.871   60.51204 -168.43762     0.8061    29.9141    1446.41  0.000e+00
     21.832   60.51204 -168.43762     0.8060    29.9142    1446.41  0.000e+00
     21.871   60.51204 -168.43762     0.8060    29.9146    1446.41  0.000e+00
     21.871   60.51204 -168.43762     0.8056    29.9148    1446.41  0.000e+00
     21.832   60.51204 -168.43762     0.8055    29.9145    1446.41  0.000e+00
     21.871   60.51204 -168.43762     0.8054    29.9145    1446.41  0.000e+00
     21.771   60.51204 -168.43762     0.8055    29.9147    1446.41  0.000e+00
     21.871   60.51204 -168.43762     0.8056    29.9143    1446.41  0.000e+00
     21.832   60.51204 -168.43762     0.8058    29.9143    1446.41  0.000e+00
     21.809   60.51204 -168.43762     0.8058    29.9144    1446.41  0.000e+00
     21.886   60.51204 -168.43762     0.8056    29.9149    1446.41  0.000e+00
     21.809   60.51204 -168.43762     0.8058    29.9145    1446.41  0.000e+00
     21.832   60.51204 -168.43762     0.8056    29.9145    1446.41  0.000e+00
     21.871   60.51204 -168.43762     0.8058    29.9144    1446.41  0.000e+00
     21.832   60.51204 -168.43762     0.8061    29.9141    1446.41  0.000e+00
     21.871   60.51204 -168.43762     0.8063    29.9139    1446.41  0.000e+00
     21.809   60.51204 -168.43762     0.8066    29.9140    1446.41  0.000e+00
     21.886   60.51204 -168.43762     0.8068    29.9140    1446.41  0.000e+00
     21.809   60.51204 -168.43762     0.8069    29.9140    1446.41  0.000e+00
     21.832   60.51204 -168.43762     0.8070    29.9140    1446.41  0.000e+00
     21.809   60.51204 -168.43762     0.8068    29.9145    1446.41  0.000e+00
     21.832   60.51204 -168.43762     0.8068    29.9146    1446.41  0.000e+00
     21.871   60.51204 -168.43762     0.8063    29.9142    1446.41  0.000e+00
     21.832   60.51204 -168.43762     0.8064    29.9142    1446.41  0.000e+00
     21.809   60.51204 -168.43762     0.8061    29.9144    1446.41  0.000e+00
     21.832   60.51204 -168.43762     0.8060    29.9143    1446.41  0.000e+00
     21.871   60.51204 -168.43762     0.8056    29.9145    1446.41  0.000e+00
     21.833   60.51204 -168.43762     0.8055    29.9145    1446.41  0.000e+00
     21.871   60.51204 -168.43762     0.8055    29.9146    1446.41  0.000e+00
     21.833   60.51204 -168.43762     0.8054    29.9146    1446.41  0.000e+00
     21.809   60.51204 -168.43762     0.8054    29.9147    1446.41  0.000e+00
     21.871   60.51204 -168.43762     0.8054    29.9146    1446.41  0.000e+00
     21.833   60.51204 -168.43762     0.8055    29.9142    1446.41  0.000e+00
     21.809   60.51204 -168.43762     0.8052    29.9148    1446.41  0.000e+00
     21.833   60.51204 -168.43762     0.8055    29.9145    1446.41  0.000e+00
     21.871   60.51204 -168.43762     0.8050    29.9148    1446.41  0.000e+00
     21.833   60.51204 -168.43762     0.8054    29.9145    1446.41  0.000e+00
     21.810   60.51204 -168.43762     0.8052    29.9147    1446.41  0.000e+00
     21.833   60.51204 -168.43762     0.8055    29.9142    1446.41  0.000e+00
     21.810   60.51204 -168.43762     0.8054    29.9147    1446.41  0.000e+00
     21.833   60.51204 -168.43762     0.8054    29.9146    1446.41  0.000e+00
     21.871   60.51204 -168.43762     0.8052    29.9149    1446.41  0.000e+00
     21.833   60.51204 -168.43762     0.8055    29.9143    1446.41  0.000e+00
     21.810   60.51204 -168.43762     0.8054    29.9139    1446.41  0.000e+00
     21.871   60.51204 -168.43762     0.8054    29.9145    1446.41  0.000e+00
     21.833   60.51204 -168.43762     0.8054    29.9146    1446.41  0.000e+00
     21.810   60.51204 -168.43762     0.8054    29.9145    1446.41  0.000e+00
     21.833   60.51204 -168.43762     0.8054    29.9145    1446.41  0.000e+00
     21.810   60.51204 -168.43762     0.8054    29.9144    1446.41  0.000e+00
     21.833   60.51204 -168.43762     0.8055    29.9144    1446.41  0.000e+00
     21.871   60.51204 -168.43762     0.8052    29.9147    1446.41  0.000e+00
     21.833   60.51204 -168.43762     0.8054    29.9143    1446.41  0.000e+00
     21.810   60.51204 -168.43762     0.8052    29.9146    1446.41  0.000e+00
     21.833   60.51204 -168.43762     0.8054    29.9145    1446.41  0.000e+00
     21.810   60.51204 -168.43762     0.8054    29.9145    1446.41  0.000e+00
     21.833   60.51204 -168.43762     0.8052    29.9147    1446.41  0.000e+00
     21.871   60.51204 -168.43762     0.8055    29.9146    1446.41  0.000e+00
     21.871   60.51204 -168.43762     0.8055    29.9144    1446.41  0.000e+00
     21.833   60.51204 -168.43762     0.8055    29.9146    1446.41  0.000e+00
     21.810   60.51204 -168.43762     0.8056    29.9146    1446.41  0.000e+00
     21.833   60.51204 -168.43762     0.8055    29.9143    1446.41  0.000e+00
     21.810   60.51204 -168.43762     0.8056    29.9144    1446.41  0.000e+00
     21.833   60.51204 -168.43762     0.8054    29.9144    1446.41  0.000e+00
     21.872   60.51204 -168.43762     0.8054    29.9144    1446.41  0.000e+00
     21.833   60.51204 -168.43762     0.8052    29.9147    1446.41  0.000e+00
     21.872   60.51204 -168.43762     0.8056    29.9142    1446.41  0.000e+00
     21.771   60.51204 -168.43762     0.8060    29.9142    1446.41  0.000e+00
     21.872   60.51204 -168.43762     0.8060    29.9140    1446.41  0.000e+00
     21.833   60.51204 -168.43762     0.8064    29.9135    1446.41  0.000e+00
     21.872   60.51204 -168.43762     0.8064    29.9135    1446.41  0.000e+00
     21.833   60.51204 -168.43762     0.8061    29.9142    1446.41  0.000e+00
     21.810   60.51204 -168.43762     0.8064    29.9144    1446.41  0.000e+00
     21.872   60.51204 -168.43762     0.8064    29.9143    1446.41  0.000e+00
     21.833   60.51204 -168.43762     0.8063    29.9143    1446.41  0.000e+00
     21.872   60.51204 -168.43762     0.8061    29.9145    1446.41  0.000e+00
     21.833   60.51204 -168.43762     0.8058    29.9145    1446.41  0.000e+00
     21.810   60.51204 -168.43762     0.8056    29.9146    1446.41  0.000e+00
     21.833   60.51204 -168.43762     0.8056    29.9145    1446.41  0.000e+00
     21.872   60.51204 -168.43762     0.8055    29.9149    1446.41  0.000e+00
     21.833   60.51204 -168.43762     0.8058    29.9142    1446.41  0.000e+00
     21.872   60.51204 -168.43762     0.8060    29.9141    1446.41  0.000e+00
     21.833   60.51204 -168.43762     0.8060    29.9142    1446.41  0.000e+00
     21.872   60.51204 -168.43762     0.8060    29.9144    1446.41  0.000e+00
     21.833   60.51204 -168.43762     0.8060    29.9143    1446.41  0.000e+00
     21.872   60.51204 -168.43762     0.8061    29.9140    1446.41  0.000e+00
     21.872   60.51204 -168.43762     0.8058    29.9144    1446.41  0.000e+00
     21.833   60.51204 -168.43762     0.8060    29.9148    1446.41  0.000e+00
     21.872   60.51204 -168.43762     0.8060    29.9144    1446.41  0.000e+00
     21.833   60.51204 -168.43762     0.8058    29.9147    1446.41  0.000e+00
     21.872   60.51204 -168.43762     0.8061    29.9142    1446.41  0.000e+00
     21.833   60.51204 -168.43762     0.8060    29.9144    1446.41  0.000e+00
     21.872   60.51204 -168.43762     0.8061    29.9143    1446.41  0.000e+00
     21.833   60.51204 -168.43762     0.8060    29.9149    1446.41  0.000e+00
