merge_samples_with_btl/SKQ202309T/ctd/skq202309t_002svpavg.cnv
* Sea-Bird SBE 9 Data File:
* FileName = D:\CTD\SKQ202309T\SKQ202309T_002.hex
* Software Version Seasave V 7.26.7.121
* Temperature SN = 6177
* Conductivity SN = 0369
* Number of Bytes Per Scan = 38
* Number of Voltage Words = 3
* Number of Scans Averaged by the Deck Unit = 1
* NMEA Latitude = 54 25.07 N
* NMEA Longitude = 165 12.78 W
* NMEA UTC (Time) = Jun 09 2023  15:02:10
* NMEA baud rate = 4800
** Ship: R/V Sikuliaq
** Station Number: 002
** Station Name: STN002
** Bottom Depth: 177
** Operator: SZ
# nquan = 7
# nvalues = 167                         
# units = specified
# name 0 = depSM: Depth [salt water, m]
# name 1 = latitude: Latitude [deg]
# name 2 = longitude: Longitude [deg]
# name 3 = t090C: Temperature [ITS-90, deg C]
# name 4 = sal00: Salinity, Practical [PSU]
# name 5 = svCM: Sound Velocity [Chen-Millero, m/s]
# name 6 = flag: flag
# span 0 =      2.000,    168.000       
# span 1 =   54.41784,   54.41804       
# span 2 = -165.21337, -165.21312       
# span 3 =     4.4412,     5.3959       
# span 4 =    32.2327,    33.0735       
# span 5 =    1468.40,    1469.31       
# span 6 = 0.0000e+00, 0.0000e+00       
# interval = meters: 1                  
# start_time = Jun 09 2023 15:06:35 [NMEA time, first data scan]
# bad_flag = -9.990e-29
*END*
      2.000   54.41784 -165.21316     5.3736    32.2343    1468.76 0.0000e+00
      3.000   54.41784 -165.21316     5.3733    32.2332    1468.78 0.0000e+00
      4.000   54.41784 -165.21316     5.3728    32.2328    1468.79 0.0000e+00
      5.000   54.41784 -165.21316     5.3729    32.2328    1468.81 0.0000e+00
      6.000   54.41784 -165.21316     5.3717    32.2327    1468.82 0.0000e+00
      7.000   54.41784 -165.21316     5.3734    32.2328    1468.84 0.0000e+00
      8.000   54.41784 -165.21316     5.3663    32.2329    1468.83 0.0000e+00
      9.000   54.41784 -165.21316     5.3448    32.2426    1468.77 0.0000e+00
     10.000   54.41784 -165.21316     5.3959    32.2645    1469.02 0.0000e+00
     11.000   54.41784 -165.21316     5.3428    32.2704    1468.83 0.0000e+00
     12.000   54.41784 -165.21316     5.3291    32.2701    1468.79 0.0000e+00
     13.000   54.41784 -165.21316     5.3137    32.2688    1468.75 0.0000e+00
     14.000   54.41784 -165.21316     5.3050    32.2681    1468.73 0.0000e+00
     15.000   54.41784 -165.21316     5.2998    32.2680    1468.72 0.0000e+00
     16.000   54.41784 -165.21316     5.2685    32.2730    1468.62 0.0000e+00
     17.000   54.41784 -165.21316     5.2504    32.2767    1468.56 0.0000e+00
     18.000   54.41784 -165.21316     5.2461    32.2782    1468.57 0.0000e+00
     19.000   54.41784 -165.21316     5.2479    32.2782    1468.59 0.0000e+00
     20.000   54.41784 -165.21316     5.2521    32.2759    1468.62 0.0000e+00
     21.000   54.41784 -165.21316     5.2496    32.2763    1468.63 0.0000e+00
     22.000   54.41784 -165.21316     5.2448    32.2772    1468.62 0.0000e+00
     23.000   54.41784 -165.21316     5.2320    32.2813    1468.59 0.0000e+00
     24.000   54.41784 -165.21316     5.2327    32.2816    1468.61 0.0000e+00
     25.000   54.41784 -165.21316     5.2370    32.2805    1468.65 0.0000e+00
     26.000   54.41784 -165.21316     5.2365    32.2805    1468.66 0.0000e+00
     27.000   54.41784 -165.21316     5.2327    32.2783    1468.66 0.0000e+00
     28.000   54.41784 -165.21316     5.2292    32.2766    1468.66 0.0000e+00
     29.000   54.41784 -165.21316     5.2281    32.2761    1468.67 0.0000e+00
     30.000   54.41784 -165.21316     5.2280    32.2761    1468.68 0.0000e+00
     31.000   54.41784 -165.21316     5.2283    32.2757    1468.70 0.0000e+00
     32.000   54.41784 -165.21316     5.2287    32.2754    1468.72 0.0000e+00
     33.000   54.41784 -165.21316     5.2282    32.2760    1468.74 0.0000e+00
     34.000   54.41784 -165.21316     5.2290    32.2754    1468.76 0.0000e+00
     35.000   54.41784 -165.21316     5.2305    32.2745    1468.78 0.0000e+00
     36.000   54.41784 -165.21316     5.2310    32.2743    1468.80 0.0000e+00
     37.000   54.41784 -165.21316     5.2296    32.2759    1468.81 0.0000e+00
     38.000   54.41784 -165.21316     5.2266    32.2787    1468.81 0.0000e+00
     39.000   54.41784 -165.21316     5.2274    32.2783    1468.83 0.0000e+00
     40.000   54.41784 -165.21316     5.2311    32.2755    1468.86 0.0000e+00
     41.000   54.41784 -165.21316     5.2312    32.2756    1468.88 0.0000e+00
     42.000   54.41784 -165.21316     5.2321    32.2760    1468.90 0.0000e+00
     43.000   54.41784 -165.21316     5.2310    32.2760    1468.91 0.0000e+00
     44.000   54.41784 -165.21316     5.2314    32.2759    1468.93 0.0000e+00
     45.000   54.41784 -165.21316     5.2300    32.2770    1468.94 0.0000e+00
     46.000   54.41784 -165.21316     5.2286    32.2784    1468.96 0.0000e+00
     47.000   54.41784 -165.21316     5.2280    32.2787    1468.97 0.0000e+00
     48.000   54.41786 -165.21316     5.2251    32.2807    1468.98 0.0000e+00
     49.000   54.41786 -165.21316     5.2171    32.2845    1468.97 0.0000e+00
     50.000   54.41786 -165.21316     5.2177    32.2841    1468.98 0.0000e+00
     51.000   54.41786 -165.21316     5.2129    32.2846    1468.98 0.0000e+00
     52.000   54.41786 -165.21316     5.2079    32.2870    1468.98 0.0000e+00
     53.000   54.41786 -165.21316     5.2032    32.2898    1468.98 0.0000e+00
     54.000   54.41786 -165.21316     5.2003    32.2928    1468.99 0.0000e+00
     55.000   54.41786 -165.21316     5.1943    32.2976    1468.99 0.0000e+00
     56.000   54.41786 -165.21316     5.1935    32.2988    1469.00 0.0000e+00
     57.000   54.41786 -165.21316     5.1922    32.3004    1469.02 0.0000e+00
     58.000   54.41786 -165.21316     5.1863    32.3061    1469.02 0.0000e+00
     59.000   54.41786 -165.21316     5.1783    32.3131    1469.01 0.0000e+00
     60.000   54.41786 -165.21316     5.1663    32.3240    1468.99 0.0000e+00
     61.000   54.41786 -165.21316     5.1569    32.3322    1468.98 0.0000e+00
     62.000   54.41786 -165.21316     5.1528    32.3357    1468.98 0.0000e+00
     63.000   54.41786 -165.21316     5.1493    32.3389    1468.99 0.0000e+00
     64.000   54.41786 -165.21316     5.1359    32.3524    1468.97 0.0000e+00
     65.000   54.41786 -165.21316     5.1241    32.3659    1468.95 0.0000e+00
     66.000   54.41786 -165.21316     5.1205    32.3697    1468.96 0.0000e+00
     67.000   54.41786 -165.21316     5.1186    32.3717    1468.97 0.0000e+00
     68.000   54.41786 -165.21316     5.1168    32.3741    1468.99 0.0000e+00
     69.000   54.41786 -165.21316     5.1126    32.3791    1468.99 0.0000e+00
     70.000   54.41786 -165.21316     5.1113    32.3810    1469.00 0.0000e+00
     71.000   54.41786 -165.21315     5.0917    32.4066    1468.97 0.0000e+00
     72.000   54.41786 -165.21314     5.0893    32.4093    1468.98 0.0000e+00
     73.000   54.41786 -165.21314     5.0880    32.4110    1469.00 0.0000e+00
     74.000   54.41786 -165.21314     5.0794    32.4235    1468.99 0.0000e+00
     75.000   54.41786 -165.21314     5.0736    32.4343    1469.00 0.0000e+00
     76.000   54.41786 -165.21314     5.0606    32.4582    1468.99 0.0000e+00
     77.000   54.41786 -165.21314     5.0534    32.4712    1469.00 0.0000e+00
     78.000   54.41786 -165.21314     5.0401    32.4955    1468.99 0.0000e+00
     79.000   54.41786 -165.21314     5.0391    32.4995    1469.01 0.0000e+00
     80.000   54.41786 -165.21314     5.0384    32.5006    1469.02 0.0000e+00
     81.000   54.41784 -165.21314     5.0369    32.5032    1469.04 0.0000e+00
     82.000   54.41784 -165.21314     5.0374    32.5037    1469.06 0.0000e+00
     83.000   54.41784 -165.21314     5.0368    32.5044    1469.07 0.0000e+00
     84.000   54.41784 -165.21314     5.0321    32.5093    1469.07 0.0000e+00
     85.000   54.41784 -165.21314     5.0258    32.5179    1469.08 0.0000e+00
     86.000   54.41784 -165.21314     5.0287    32.5206    1469.11 0.0000e+00
     87.000   54.41784 -165.21314     5.0292    32.5205    1469.13 0.0000e+00
     88.000   54.41784 -165.21314     5.0309    32.5207    1469.15 0.0000e+00
     89.000   54.41784 -165.21314     5.0321    32.5211    1469.17 0.0000e+00
     90.000   54.41784 -165.21314     5.0338    32.5212    1469.20 0.0000e+00
     91.000   54.41784 -165.21314     5.0314    32.5250    1469.21 0.0000e+00
     92.000   54.41784 -165.21314     4.9764    32.5933    1469.09 0.0000e+00
     93.000   54.41784 -165.21314     4.9605    32.6130    1469.06 0.0000e+00
     94.000   54.41784 -165.21314     4.9344    32.6452    1469.01 0.0000e+00
     95.000   54.41784 -165.21314     4.9239    32.6659    1469.01 0.0000e+00
     96.000   54.41784 -165.21314     4.9201    32.6709    1469.02 0.0000e+00
     97.000   54.41784 -165.21314     4.9164    32.6749    1469.03 0.0000e+00
     98.000   54.41784 -165.21314     4.9175    32.6770    1469.05 0.0000e+00
     99.000   54.41784 -165.21314     4.9195    32.6817    1469.08 0.0000e+00
    100.000   54.41784 -165.21314     4.9174    32.6843    1469.09 0.0000e+00
    101.000   54.41784 -165.21314     4.9172    32.6852    1469.11 0.0000e+00
    102.000   54.41784 -165.21314     4.9180    32.6909    1469.14 0.0000e+00
    103.000   54.41784 -165.21314     4.9195    32.6936    1469.16 0.0000e+00
    104.000   54.41784 -165.21314     4.9204    32.6957    1469.18 0.0000e+00
    105.000   54.41784 -165.21314     4.9217    32.6961    1469.21 0.0000e+00
    106.000   54.41784 -165.21314     4.9289    32.6970    1469.25 0.0000e+00
    107.000   54.41784 -165.21314     4.9301    32.6976    1469.28 0.0000e+00
    108.000   54.41784 -165.21314     4.9307    32.7000    1469.30 0.0000e+00
    109.000   54.41784 -165.21314     4.9253    32.7104    1469.31 0.0000e+00
    110.000   54.41784 -165.21314     4.9196    32.7179    1469.31 0.0000e+00
    111.000   54.41784 -165.21314     4.9092    32.7251    1469.29 0.0000e+00
    112.000   54.41784 -165.21314     4.8823    32.7383    1469.21 0.0000e+00
    113.000   54.41784 -165.21314     4.8436    32.7626    1469.10 0.0000e+00
    114.000   54.41784 -165.21314     4.8249    32.7728    1469.06 0.0000e+00
    115.000   54.41784 -165.21314     4.7924    32.7912    1468.96 0.0000e+00
    116.000   54.41784 -165.21314     4.7681    32.8051    1468.90 0.0000e+00
    117.000   54.41784 -165.21314     4.7590    32.8098    1468.88 0.0000e+00
    118.000   54.41784 -165.21312     4.7487    32.8156    1468.86 0.0000e+00
    119.000   54.41784 -165.21313     4.7285    32.8278    1468.81 0.0000e+00
    120.000   54.41784 -165.21313     4.7011    32.8439    1468.74 0.0000e+00
    121.000   54.41785 -165.21314     4.6944    32.8512    1468.74 0.0000e+00
    122.000   54.41786 -165.21314     4.6778    32.8669    1468.70 0.0000e+00
    123.000   54.41786 -165.21314     4.6541    32.8879    1468.65 0.0000e+00
    124.000   54.41786 -165.21314     4.6364    32.9027    1468.61 0.0000e+00
    125.000   54.41787 -165.21316     4.6191    32.9160    1468.57 0.0000e+00
    126.000   54.41790 -165.21320     4.5972    32.9354    1468.53 0.0000e+00
    127.000   54.41790 -165.21320     4.5852    32.9458    1468.51 0.0000e+00
    128.000   54.41792 -165.21320     4.5646    32.9625    1468.46 0.0000e+00
    129.000   54.41792 -165.21320     4.5393    32.9830    1468.40 0.0000e+00
    130.000   54.41792 -165.21320     4.5380    32.9838    1468.41 0.0000e+00
    131.000   54.41792 -165.21322     4.5326    32.9880    1468.41 0.0000e+00
    132.000   54.41792 -165.21322     4.5257    32.9934    1468.40 0.0000e+00
    133.000   54.41792 -165.21322     4.5227    32.9957    1468.41 0.0000e+00
    134.000   54.41792 -165.21322     4.5206    32.9975    1468.42 0.0000e+00
    135.000   54.41792 -165.21322     4.5100    33.0078    1468.41 0.0000e+00
    136.000   54.41792 -165.21322     4.5054    33.0123    1468.41 0.0000e+00
    137.000   54.41792 -165.21323     4.5060    33.0115    1468.43 0.0000e+00
    138.000   54.41794 -165.21324     4.5109    33.0067    1468.46 0.0000e+00
    139.000   54.41794 -165.21324     4.5035    33.0143    1468.45 0.0000e+00
    140.000   54.41794 -165.21324     4.5013    33.0161    1468.46 0.0000e+00
    141.000   54.41794 -165.21324     4.5007    33.0166    1468.48 0.0000e+00
    142.000   54.41794 -165.21324     4.4987    33.0190    1468.49 0.0000e+00
    143.000   54.41794 -165.21324     4.5008    33.0168    1468.51 0.0000e+00
    144.000   54.41794 -165.21324     4.5012    33.0165    1468.53 0.0000e+00
    145.000   54.41794 -165.21326     4.5024    33.0153    1468.55 0.0000e+00
    146.000   54.41794 -165.21326     4.4950    33.0240    1468.55 0.0000e+00
    147.000   54.41795 -165.21326     4.4905    33.0290    1468.55 0.0000e+00
    148.000   54.41796 -165.21326     4.4907    33.0288    1468.57 0.0000e+00
    149.000   54.41796 -165.21326     4.4902    33.0293    1468.58 0.0000e+00
    150.000   54.41796 -165.21326     4.4895    33.0300    1468.60 0.0000e+00
    151.000   54.41796 -165.21326     4.4866    33.0326    1468.61 0.0000e+00
    152.000   54.41796 -165.21326     4.4849    33.0341    1468.62 0.0000e+00
    153.000   54.41796 -165.21326     4.4837    33.0352    1468.63 0.0000e+00
    154.000   54.41796 -165.21328     4.4769    33.0390    1468.62 0.0000e+00
    155.000   54.41796 -165.21328     4.4742    33.0406    1468.63 0.0000e+00
    156.000   54.41796 -165.21328     4.4726    33.0419    1468.64 0.0000e+00
    157.000   54.41797 -165.21328     4.4706    33.0435    1468.65 0.0000e+00
    158.000   54.41798 -165.21328     4.4649    33.0487    1468.65 0.0000e+00
    159.000   54.41798 -165.21328     4.4601    33.0534    1468.65 0.0000e+00
    160.000   54.41798 -165.21330     4.4577    33.0556    1468.66 0.0000e+00
    161.000   54.41798 -165.21330     4.4555    33.0579    1468.67 0.0000e+00
    162.000   54.41798 -165.21330     4.4431    33.0712    1468.66 0.0000e+00
    163.000   54.41798 -165.21330     4.4428    33.0715    1468.67 0.0000e+00
    164.000   54.41800 -165.21331     4.4439    33.0706    1468.69 0.0000e+00
    165.000   54.41800 -165.21332     4.4429    33.0714    1468.71 0.0000e+00
    166.000   54.41801 -165.21333     4.4420    33.0725    1468.72 0.0000e+00
    167.000   54.41802 -165.21334     4.4412    33.0735    1468.73 0.0000e+00
    168.000   54.41804 -165.21337     4.4419    33.0730    1468.75 0.0000e+00
