merge_samples_with_btl/SKQ202309T/ctd/skq202309t_004.ros
* Sea-Bird SBE 9 Data File:
* FileName = D:\CTD\SKQ202309T\SKQ202309T_004.hex
* Software Version Seasave V 7.26.7.121
* Temperature SN = 6177
* Conductivity SN = 0369
* Number of Bytes Per Scan = 38
* Number of Voltage Words = 3
* Number of Scans Averaged by the Deck Unit = 1
* NMEA Latitude = 60 30.69 N
* NMEA Longitude = 168 26.21 W
* NMEA UTC (Time) = Jun 11 2023  07:16:30
* NMEA baud rate = 4800
** Ship: R/V Sikuliaq
** Station Number: 004
** Station Name: STN 006
** Bottom Depth: 35
** Operator: Emelia Chamberlain
# nquan = 21
# nvalues = 980                                   
# units = specified
# name 0 = depSM: Depth [salt water, m]
# name 1 = latitude: Latitude [deg]
# name 2 = longitude: Longitude [deg]
# name 3 = prDM: Pressure, Digiquartz [db]
# name 4 = t090C: Temperature [ITS-90, deg C]
# name 5 = t190C: Temperature, 2 [ITS-90, deg C]
# name 6 = potemp090C: Potential Temperature [ITS-90, deg C]
# name 7 = sal00: Salinity, Practical [PSU]
# name 8 = sal11: Salinity, Practical, 2 [PSU]
# name 9 = density00: Density [density, kg/m^3]
# name 10 = sigma-é00: Density [sigma-theta, kg/m^3]
# name 11 = sbox0Mm/Kg: Oxygen, SBE 43 [umol/kg]
# name 12 = sbox1Mm/Kg: Oxygen, SBE 43, 2 [umol/kg]
# name 13 = oxsolMm/Kg: Oxygen Saturation, Garcia & Gordon [umol/kg]
# name 14 = sbeox0PS: Oxygen, SBE 43 [% saturation]
# name 15 = v0: Voltage 0
# name 16 = flECO-AFL: Fluorescence, WET Labs ECO-AFL/FL [mg/m^3]
# name 17 = CStarAt0: Beam Attenuation, WET Labs C-Star [1/m]
# name 18 = scan: Scan Count
# name 19 = nbf: Bottles Fired
# name 20 = flag:  0.000e+00
# interval = seconds: 0.0416667
# start_time = Jun 11 2023 07:21:43 [NMEA time, first data scan]
# bad_flag = -9.990e-29
*END*
[from data line 345]
     22.419   60.51246 -168.43836     22.635     0.7942     0.7974     0.7935    29.9138    29.9248  1024.0759    23.9677    376.350    363.040  354.57894    106.140     0.2735     1.2930     0.7747       9685          8  0.000e+00
     22.404   60.51246 -168.43836     22.619     0.7941     0.7974     0.7933    29.9138    29.9251  1024.0758    23.9677    376.395    363.049  354.58055    106.152     0.2698     1.2710     0.7747       9686          8  0.000e+00
     22.365   60.51246 -168.43836     22.580     0.7945     0.7976     0.7937    29.9133    29.9244  1024.0752    23.9673    376.392    362.846  354.57781    106.152     0.2711     1.2784     0.7747       9687          8  0.000e+00
     22.404   60.51246 -168.43836     22.619     0.7945     0.7978     0.7937    29.9134    29.9244  1024.0756    23.9674    376.351    363.048  354.57732    106.141     0.2698     1.2710     0.7747       9688          8  0.000e+00
     22.365   60.51246 -168.43836     22.580     0.7943     0.7979     0.7936    29.9133    29.9248  1024.0753    23.9673    376.351    363.060  354.57911    106.140     0.2711     1.2784     0.7747       9689          8  0.000e+00
     22.404   60.51246 -168.43836     22.619     0.7945     0.7980     0.7937    29.9132    29.9245  1024.0753    23.9672    376.111    363.078  354.57808    106.073     0.2698     1.2710     0.7747       9690          8  0.000e+00
     22.419   60.51246 -168.43836     22.635     0.7942     0.7980     0.7935    29.9137    29.9246  1024.0759    23.9676    376.314    362.882  354.57916    106.130     0.2711     1.2784     0.7747       9691          8  0.000e+00
     22.404   60.51246 -168.43836     22.619     0.7942     0.7984     0.7935    29.9138    29.9239  1024.0759    23.9677    376.315    363.087  354.57892    106.130     0.2698     1.2710     0.7747       9692          8  0.000e+00
     22.365   60.51246 -168.43836     22.581     0.7942     0.7980     0.7935    29.9138    29.9241  1024.0757    23.9677    376.314    363.110  354.57886    106.130     0.2698     1.2710     0.7747       9693          8  0.000e+00
     22.404   60.51246 -168.43836     22.619     0.7942     0.7974     0.7935    29.9138    29.9249  1024.0759    23.9677    376.318    363.139  354.57892    106.131     0.2698     1.2710     0.7747       9694          8  0.000e+00
     22.420   60.51246 -168.43836     22.635     0.7941     0.7971     0.7933    29.9137    29.9253  1024.0759    23.9677    376.323    363.166  354.58058    106.132     0.2711     1.2784     0.7747       9695          8  0.000e+00
     22.404   60.51246 -168.43836     22.620     0.7942     0.7968     0.7935    29.9139    29.9253  1024.0759    23.9678    376.321    363.164  354.57859    106.132     0.2711     1.2784     0.7521       9696          8  0.000e+00
     22.420   60.51246 -168.43836     22.635     0.7941     0.7965     0.7933    29.9140    29.9256  1024.0761    23.9679    376.566    363.222  354.57992    106.201     0.2698     1.2710     0.7396       9697          8  0.000e+00
     22.404   60.51246 -168.43836     22.620     0.7943     0.7967     0.7935    29.9140    29.9251  1024.0760    23.9679    376.364    363.247  354.57790    106.144     0.2711     1.2784     0.7371       9698          8  0.000e+00
     22.420   60.51246 -168.43836     22.635     0.7941     0.7968     0.7933    29.9142    29.9249  1024.0763    23.9681    376.367    363.518  354.57927    106.145     0.2698     1.2710     0.7383       9699          8  0.000e+00
     22.404   60.51246 -168.43836     22.620     0.7942     0.7970     0.7935    29.9139    29.9250  1024.0759    23.9678    376.606    363.572  354.57870    106.212     0.2711     1.2784     0.7396       9700          8  0.000e+00
     22.366   60.51246 -168.43836     22.581     0.7941     0.7968     0.7933    29.9144    29.9250  1024.0761    23.9682    376.404    363.442  354.57886    106.155     0.2698     1.2710     0.7396       9701          8  0.000e+00
     22.466   60.51246 -168.43836     22.682     0.7942     0.7962     0.7935    29.9141    29.9253  1024.0764    23.9679    376.406    363.485  354.57814    106.156     0.2711     1.2784     0.7396       9702          8  0.000e+00
     22.350   60.51246 -168.43836     22.565     0.7942     0.7959     0.7935    29.9139    29.9258  1024.0757    23.9678    376.399    363.728  354.57862    106.154     0.2698     1.2710     0.7383       9703          8  0.000e+00
     22.420   60.51246 -168.43836     22.635     0.7941     0.7961     0.7933    29.9137    29.9256  1024.0759    23.9677    376.403    363.791  354.58058    106.155     0.2698     1.2710     0.7396       9704          8  0.000e+00
     22.466   60.51246 -168.43836     22.682     0.7939     0.7962     0.7931    29.9138    29.9253  1024.0762    23.9677    376.406    363.610  354.58195    106.155     0.2711     1.2784     0.7396       9705          8  0.000e+00
     22.366   60.51246 -168.43836     22.581     0.7942     0.7962     0.7935    29.9135    29.9252  1024.0755    23.9675    376.396    363.824  354.57962    106.153     0.2698     1.2710     0.7383       9706          8  0.000e+00
     22.466   60.51246 -168.43836     22.682     0.7941     0.7962     0.7933    29.9134    29.9252  1024.0759    23.9674    376.445    363.860  354.58141    106.166     0.2711     1.2784     0.7396       9707          8  0.000e+00
     22.420   60.51246 -168.43836     22.635     0.7939     0.7965     0.7931    29.9142    29.9247  1024.0763    23.9680    376.442    363.671  354.58090    106.165     0.2711     1.2784     0.7383       9708          8  0.000e+00
     22.404   60.51246 -168.43836     22.620     0.7941     0.7965     0.7933    29.9136    29.9244  1024.0757    23.9676    376.441    363.887  354.58088    106.165     0.2711     1.2784     0.7383       9709          8  0.000e+00
     22.366   60.51246 -168.43836     22.581     0.7941     0.7963     0.7933    29.9135    29.9245  1024.0754    23.9674    376.440    363.915  354.58137    106.165     0.2698     1.2710     0.7396       9710          8  0.000e+00
     22.404   60.51246 -168.43836     22.620     0.7939     0.7965     0.7931    29.9142    29.9243  1024.0762    23.9680    376.442    363.729  354.58088    106.165     0.2723     1.2857     0.7396       9711          8  0.000e+00
     22.420   60.51246 -168.43836     22.635     0.7937     0.7967     0.7930    29.9139    29.9246  1024.0761    23.9679    376.445    363.941  354.58309    106.166     0.2711     1.2784     0.7396       9712          8  0.000e+00
     22.466   60.51246 -168.43836     22.682     0.7937     0.7968     0.7930    29.9141    29.9245  1024.0764    23.9680    376.447    363.968  354.58261    106.166     0.2723     1.2857     0.7396       9713          8  0.000e+00
     22.366   60.51246 -168.43836     22.581     0.7939     0.7967     0.7931    29.9141    29.9248  1024.0760    23.9680    376.680    364.203  354.58104    106.233     0.2711     1.2784     0.7396       9714          8  0.000e+00
     22.404   60.51246 -168.43836     22.620     0.7939     0.7967     0.7931    29.9138    29.9248  1024.0758    23.9677    376.483    364.041  354.58208    106.177     0.2723     1.2857     0.7396       9715          8  0.000e+00
     22.420   60.51246 -168.43836     22.635     0.7938     0.7970     0.7931    29.9134    29.9245  1024.0757    23.9674    376.484    364.275  354.58345    106.176     0.2735     1.2930     0.7446       9716          8  0.000e+00
     22.404   60.51246 -168.43836     22.620     0.7939     0.7968     0.7931    29.9136    29.9244  1024.0757    23.9675    376.349    364.108  354.58263    106.139     0.2711     1.2784     0.7496       9717          8  0.000e+00
     22.420   60.51246 -168.43836     22.635     0.7937     0.7962     0.7930    29.9137    29.9251  1024.0759    23.9677    376.344    364.132  354.58363    106.137     0.2723     1.2857     0.7496       9718          8  0.000e+00
     22.404   60.51246 -168.43836     22.620     0.7942     0.7963     0.7935    29.9134    29.9251  1024.0756    23.9674    376.332    364.147  354.57990    106.134     0.2711     1.2784     0.7496       9719          8  0.000e+00
     22.420   60.51246 -168.43836     22.636     0.7941     0.7965     0.7933    29.9135    29.9247  1024.0757    23.9675    376.327    364.592  354.58123    106.133     0.2711     1.2784     0.7496       9720          8  0.000e+00
     22.405   60.51246 -168.43836     22.620     0.7941     0.7961     0.7933    29.9134    29.9250  1024.0756    23.9674    376.319    364.233  354.58143    106.131     0.2711     1.2784     0.7496       9721          8  0.000e+00
     22.351   60.51246 -168.43836     22.565     0.7941     0.7962     0.7933    29.9136    29.9249  1024.0755    23.9676    376.309    364.455  354.58091    106.128     0.2723     1.2857     0.7496       9722          8  0.000e+00
     22.420   60.51246 -168.43836     22.636     0.7937     0.7959     0.7930    29.9138    29.9252  1024.0760    23.9678    376.309    364.497  354.58341    106.127     0.2711     1.2784     0.7496       9723          8  0.000e+00
     22.405   60.51246 -168.43836     22.620     0.7934     0.7957     0.7927    29.9142    29.9251  1024.0762    23.9681    376.347    364.289  354.58499    106.137     0.2723     1.2857     0.7496       9724          8  0.000e+00
     22.420   60.51246 -168.43836     22.636     0.7937     0.7957     0.7930    29.9140    29.9250  1024.0761    23.9679    376.340    364.724  354.58298    106.136     0.2723     1.2857     0.7496       9725          8  0.000e+00
     22.405   60.51246 -168.43836     22.620     0.7936     0.7956     0.7928    29.9142    29.9252  1024.0762    23.9680    376.379    364.351  354.58405    106.147     0.2711     1.2784     0.7496       9726          8  0.000e+00
     22.366   60.51246 -168.43836     22.581     0.7937     0.7954     0.7930    29.9140    29.9254  1024.0759    23.9679    376.372    364.536  354.58290    106.145     0.2723     1.2857     0.7496       9727          8  0.000e+00
     22.405   60.51246 -168.43836     22.620     0.7939     0.7956     0.7931    29.9140    29.9254  1024.0761    23.9679    376.369    364.532  354.58132    106.145     0.2711     1.2784     0.7496       9728          8  0.000e+00
     22.366   60.51246 -168.43836     22.581     0.7941     0.7954     0.7933    29.9140    29.9257  1024.0758    23.9679    376.361    364.309  354.57995    106.143     0.2723     1.2857     0.7496       9729          8  0.000e+00
     22.405   60.51246 -168.43836     22.620     0.7939     0.7957     0.7931    29.9137    29.9248  1024.0758    23.9677    376.363    364.486  354.58219    106.143     0.2711     1.2784     0.7496       9730          8  0.000e+00
     22.420   60.51246 -168.43836     22.636     0.7937     0.7959     0.7930    29.9143    29.9250  1024.0764    23.9682    376.360    364.686  354.58200    106.142     0.2711     1.2784     0.7496       9731          8  0.000e+00
     20.284   60.51266 -168.43870     20.479     0.7994     0.7984     0.7987    29.9140    29.9248  1024.0655    23.9676    376.410    362.970  354.53030    106.171     0.2833     1.3516     0.7873      12416          9  0.000e+00
     20.299   60.51266 -168.43870     20.494     0.7996     0.7980     0.7989    29.9138    29.9252  1024.0654    23.9674    376.446    362.957  354.52945    106.182     0.2918     1.4029     0.7885      12417          9  0.000e+00
     20.284   60.51266 -168.43870     20.479     0.7996     0.7984     0.7989    29.9137    29.9251  1024.0653    23.9674    376.723    363.152  354.52954    106.260     0.3028     1.4688     0.7885      12418          9  0.000e+00
     20.245   60.51266 -168.43870     20.440     0.7996     0.7984     0.7989    29.9140    29.9252  1024.0653    23.9676    376.557    363.163  354.52894    106.213     0.3040     1.4762     0.7873      12419          9  0.000e+00
     20.284   60.51266 -168.43870     20.479     0.7993     0.7985     0.7986    29.9143    29.9248  1024.0658    23.9679    376.552    363.176  354.53060    106.211     0.3040     1.4762     0.7873      12420          9  0.000e+00
     20.284   60.51266 -168.43870     20.479     0.7996     0.7982     0.7989    29.9138    29.9253  1024.0654    23.9675    376.583    363.220  354.52932    106.221     0.3028     1.4688     0.7873      12421          9  0.000e+00
     20.299   60.51266 -168.43870     20.495     0.7994     0.7984     0.7987    29.9143    29.9254  1024.0658    23.9679    376.574    363.232  354.52956    106.218     0.3040     1.4762     0.7873      12422          9  0.000e+00
     20.284   60.51266 -168.43870     20.479     0.7996     0.7986     0.7989    29.9141    29.9250  1024.0656    23.9677    376.560    363.243  354.52867    106.214     0.3040     1.4762     0.7873      12423          9  0.000e+00
     20.300   60.51266 -168.43870     20.495     0.7993     0.7986     0.7986    29.9143    29.9249  1024.0658    23.9678    376.549    363.257  354.53062    106.211     0.3028     1.4688     0.7860      12424          9  0.000e+00
     20.284   60.51266 -168.43870     20.479     0.7993     0.7985     0.7986    29.9146    29.9248  1024.0660    23.9681    376.575    363.272  354.52961    106.218     0.3040     1.4762     0.7659      12425          9  0.000e+00
     20.300   60.51266 -168.43870     20.495     0.7994     0.7985     0.7987    29.9143    29.9250  1024.0658    23.9679    376.560    363.286  354.52956    106.214     0.3028     1.4688     0.7558      12426          9  0.000e+00
     20.284   60.51266 -168.43870     20.479     0.7994     0.7984     0.7987    29.9142    29.9252  1024.0657    23.9678    376.542    363.271  354.52987    106.209     0.3040     1.4762     0.7546      12427          9  0.000e+00
     20.284   60.51266 -168.43870     20.479     0.7993     0.7985     0.7986    29.9143    29.9250  1024.0658    23.9679    376.568    363.254  354.53060    106.216     0.3028     1.4688     0.7558      12428          9  0.000e+00
     20.300   60.51266 -168.43870     20.495     0.7998     0.7985     0.7991    29.9140    29.9250  1024.0656    23.9676    376.589    363.266  354.52717    106.223     0.3040     1.4762     0.7571      12429          9  0.000e+00
     20.284   60.51266 -168.43870     20.479     0.7998     0.7986     0.7991    29.9139    29.9249  1024.0654    23.9675    376.613    363.276  354.52758    106.229     0.3028     1.4688     0.7571      12430          9  0.000e+00
     20.246   60.51266 -168.43870     20.440     0.7998     0.7984     0.7991    29.9140    29.9252  1024.0654    23.9676    376.635    363.288  354.52720    106.236     0.3028     1.4688     0.7571      12431          9  0.000e+00
     20.284   60.51266 -168.43870     20.479     0.7996     0.7985     0.7989    29.9139    29.9248  1024.0654    23.9675    376.620    363.272  354.52911    106.231     0.3040     1.4762     0.7571      12432          9  0.000e+00
     20.300   60.51266 -168.43870     20.495     0.7996     0.7984     0.7989    29.9139    29.9253  1024.0655    23.9676    376.600    363.040  354.52902    106.225     0.3028     1.4688     0.7571      12433          9  0.000e+00
     20.284   60.51266 -168.43870     20.479     0.7996     0.7984     0.7989    29.9142    29.9253  1024.0657    23.9678    376.532    362.995  354.52834    106.206     0.3040     1.4762     0.7571      12434          9  0.000e+00
     20.284   60.51266 -168.43870     20.479     0.7998     0.7986     0.7991    29.9137    29.9249  1024.0653    23.9674    376.549    362.947  354.52801    106.211     0.3028     1.4688     0.7571      12435          9  0.000e+00
     20.300   60.51266 -168.43870     20.495     0.7998     0.7985     0.7991    29.9138    29.9250  1024.0654    23.9674    376.523    363.118  354.52793    106.204     0.3040     1.4762     0.7571      12436          9  0.000e+00
