merge_samples_with_btl/SKQ202309T/ctd/skq202309t_003.ros
* Sea-Bird SBE 9 Data File:
* FileName = D:\CTD\SKQ202309T\SKQ202309T_003.hex
* Software Version Seasave V 7.26.7.121
* Temperature SN = 6177
* Conductivity SN = 0369
* Number of Bytes Per Scan = 38
* Number of Voltage Words = 3
* Number of Scans Averaged by the Deck Unit = 1
* NMEA Latitude = 56 26.56 N
* NMEA Longitude = 166 33.22 W
* NMEA UTC (Time) = Jun 10 2023  04:39:46
* NMEA baud rate = 4800
** Ship: R/V Sikuliaq
** Station Number: 003
** Station Name: STN 004
** Bottom Depth: 101
** Operator: Julia Moriarty
# nquan = 21
# nvalues = 784                                   
# units = specified
# name 0 = depSM: Depth [salt water, m]
# name 1 = latitude: Latitude [deg]
# name 2 = longitude: Longitude [deg]
# name 3 = prDM: Pressure, Digiquartz [db]
# name 4 = t090C: Temperature [ITS-90, deg C]
# name 5 = t190C: Temperature, 2 [ITS-90, deg C]
# name 6 = potemp090C: Potential Temperature [ITS-90, deg C]
# name 7 = sal00: Salinity, Practical [PSU]
# name 8 = sal11: Salinity, Practical, 2 [PSU]
# name 9 = density00: Density [density, kg/m^3]
# name 10 = sigma-é00: Density [sigma-theta, kg/m^3]
# name 11 = sbox0Mm/Kg: Oxygen, SBE 43 [umol/kg]
# name 12 = sbox1Mm/Kg: Oxygen, SBE 43, 2 [umol/kg]
# name 13 = oxsolMm/Kg: Oxygen Saturation, Garcia & Gordon [umol/kg]
# name 14 = sbeox0PS: Oxygen, SBE 43 [% saturation]
# name 15 = v0: Voltage 0
# name 16 = flECO-AFL: Fluorescence, WET Labs ECO-AFL/FL [mg/m^3]
# name 17 = CStarAt0: Beam Attenuation, WET Labs C-Star [1/m]
# name 18 = scan: Scan Count
# name 19 = nbf: Bottles Fired
# name 20 = flag:  0.000e+00
# interval = seconds: 0.0416667
# start_time = Jun 10 2023 04:44:02 [NMEA time, first data scan]
# bad_flag = -9.990e-29
*END*
[from data line 759]
      2.108   56.44284 -166.55326      2.128     6.7842     6.7890     6.7841    31.8724    31.8822  1024.9938    24.9840    414.554    401.233  301.76848    137.375     0.3407     1.6960     0.8419      34256         16  0.000e+00
      2.054   56.44284 -166.55326      2.073     6.7843     6.7887     6.7841    31.8725    31.8826  1024.9937    24.9841    414.570    401.170  301.76784    137.380     0.3419     1.7033     0.8419      34257         16  0.000e+00
      2.054   56.44284 -166.55326      2.073     6.7841     6.7884     6.7839    31.8727    31.8831  1024.9938    24.9843    414.589    401.112  301.76883    137.386     0.3407     1.6960     0.8419      34258         16  0.000e+00
      2.108   56.44284 -166.55326      2.128     6.7844     6.7887     6.7843    31.8726    31.8824  1024.9940    24.9842    414.385    401.077  301.76657    137.320     0.3407     1.6960     0.8419      34259         16  0.000e+00
      2.054   56.44284 -166.55326      2.073     6.7843     6.7887     6.7841    31.8728    31.8823  1024.9939    24.9844    414.561    401.024  301.76717    137.378     0.3419     1.7033     0.8419      34260         16  0.000e+00
      2.054   56.44284 -166.55326      2.073     6.7842     6.7881     6.7841    31.8727    31.8829  1024.9938    24.9843    414.573    401.000  301.76775    137.381     0.3407     1.6960     0.8419      34261         16  0.000e+00
      2.054   56.44284 -166.55326      2.073     6.7841     6.7876     6.7839    31.8725    31.8825  1024.9937    24.9841    414.584    400.962  301.76925    137.384     0.3419     1.7033     0.8419      34262         16  0.000e+00
      2.054   56.44284 -166.55326      2.073     6.7841     6.7870     6.7839    31.8724    31.8825  1024.9937    24.9841    414.591    400.965  301.76933    137.387     0.3419     1.7033     0.8419      34263         16  0.000e+00
      2.055   56.44284 -166.55326      2.073     6.7839     6.7871     6.7838    31.8726    31.8824  1024.9938    24.9842    414.596    400.948  301.77015    137.388     0.3419     1.7033     0.8805      34264         16  0.000e+00
      2.055   56.44284 -166.55326      2.074     6.7839     6.7876     6.7838    31.8730    31.8820  1024.9941    24.9845    414.597    400.759  301.76923    137.389     0.3407     1.6960     0.9064      34265         16  0.000e+00
      2.055   56.44284 -166.55326      2.074     6.7839     6.7882     6.7838    31.8732    31.8815  1024.9942    24.9847    414.597    400.730  301.76881    137.389     0.3419     1.7033     0.9103      34266         16  0.000e+00
      1.993   56.44284 -166.55326      2.011     6.7839     6.7884     6.7838    31.8729    31.8816  1024.9938    24.9845    414.592    400.705  301.76934    137.387     0.3407     1.6960     0.9077      34267         16  0.000e+00
      2.055   56.44284 -166.55326      2.074     6.7841     6.7881     6.7839    31.8729    31.8821  1024.9940    24.9845    414.589    400.714  301.76824    137.387     0.3419     1.7033     0.9064      34268         16  0.000e+00
      2.055   56.44284 -166.55326      2.074     6.7843     6.7878     6.7841    31.8726    31.8823  1024.9937    24.9842    414.582    400.863  301.76768    137.384     0.3407     1.6960     0.9064      34269         16  0.000e+00
      1.993   56.44284 -166.55326      2.011     6.7841     6.7876     6.7839    31.8732    31.8824  1024.9939    24.9847    414.570    400.891  301.76776    137.380     0.3419     1.7033     0.9064      34270         16  0.000e+00
      2.055   56.44284 -166.55326      2.074     6.7841     6.7876     6.7839    31.8728    31.8821  1024.9940    24.9844    414.563    400.894  301.76849    137.378     0.3443     1.7179     0.9077      34271         16  0.000e+00
      1.993   56.44284 -166.55326      2.011     6.7838     6.7873     6.7836    31.8731    31.8826  1024.9939    24.9846    414.932    400.914  301.77008    137.499     0.3504     1.7546     0.9077      34272         16  0.000e+00
      1.993   56.44284 -166.55326      2.011     6.7836     6.7878     6.7834    31.8736    31.8822  1024.9944    24.9851    414.585    400.762  301.77022    137.384     0.3516     1.7619     0.9064      34273         16  0.000e+00
      2.055   56.44284 -166.55326      2.074     6.7838     6.7876     6.7836    31.8735    31.8819  1024.9945    24.9850    414.758    400.936  301.76905    137.442     0.3516     1.7619     0.9064      34274         16  0.000e+00
      1.993   56.44284 -166.55326      2.012     6.7843     6.7874     6.7841    31.8729    31.8824  1024.9937    24.9845    414.563    401.140  301.76686    137.379     0.3516     1.7619     0.9077      34275         16  0.000e+00
      1.993   56.44284 -166.55326      2.012     6.7848     6.7874     6.7846    31.8728    31.8824  1024.9936    24.9843    414.533    401.176  301.76397    137.370     0.3504     1.7546     0.9064      34276         16  0.000e+00
      2.055   56.44284 -166.55326      2.074     6.7849     6.7874     6.7847    31.8726    31.8823  1024.9937    24.9841    414.508    401.237  301.76338    137.362     0.3516     1.7619     0.9064      34277         16  0.000e+00
      1.993   56.44284 -166.55326      2.012     6.7849     6.7874     6.7847    31.8721    31.8820  1024.9930    24.9837    414.312    401.277  301.76449    137.297     0.3516     1.7619     0.9064      34278         16  0.000e+00
      2.032   56.44284 -166.55326      2.051     6.7851     6.7874     6.7849    31.8712    31.8823  1024.9925    24.9830    414.451    401.342  301.76538    137.342     0.3516     1.7619     0.9064      34279         16  0.000e+00
      1.993   56.44284 -166.55326      2.012     6.7848     6.7874     6.7846    31.8721    31.8821  1024.9930    24.9838    414.418    401.563  301.76548    137.331     0.3504     1.7546     0.9077      34280         16  0.000e+00
