merge_samples_with_btl/SKQ202309T/ctd/skq202309t_007.cnv
* Sea-Bird SBE 9 Data File:
* FileName = D:\CTD\SKQ202309T\SKQ202309T_007.hex
* Software Version Seasave V 7.26.7.121
* Temperature SN = 6177
* Conductivity SN = 0369
* Number of Bytes Per Scan = 38
* Number of Voltage Words = 3
* Number of Scans Averaged by the Deck Unit = 1
* NMEA Latitude = 64 14.62 N
* NMEA Longitude = 165 32.56 W
* NMEA UTC (Time) = Jun 12 2023  15:23:52
* NMEA baud rate = 4800
** Ship: R/V Sikuliaq
** Station Number: 007
** Station Name: 011
** Bottom Depth: 19
** Operator: Steve Dykstra
# nquan = 23
# nvalues = 4666                                  
# units = specified
# name 0 = depSM: Depth [salt water, m]
# name 1 = latitude: Latitude [deg]
# name 2 = longitude: Longitude [deg]
# name 3 = prDM: Pressure, Digiquartz [db]
# name 4 = t090C: Temperature [ITS-90, deg C]
# name 5 = t190C: Temperature, 2 [ITS-90, deg C]
# name 6 = potemp090C: Potential Temperature [ITS-90, deg C]
# name 7 = sal00: Salinity, Practical [PSU]
# name 8 = sal11: Salinity, Practical, 2 [PSU]
# name 9 = density00: Density [density, kg/m^3]
# name 10 = sigma-é00: Density [sigma-theta, kg/m^3]
# name 11 = sbox0Mm/Kg: Oxygen, SBE 43 [umol/kg]
# name 12 = sbox1Mm/Kg: Oxygen, SBE 43, 2 [umol/kg]
# name 13 = oxsolMm/Kg: Oxygen Saturation, Garcia & Gordon [umol/kg]
# name 14 = sbeox0PS: Oxygen, SBE 43 [% saturation]
# name 15 = sbeox1PS: Oxygen, SBE 43, 2 [% saturation]
# name 16 = v0: Voltage 0
# name 17 = flECO-AFL: Fluorescence, WET Labs ECO-AFL/FL [mg/m^3]
# name 18 = v1: Voltage 1
# name 19 = CStarAt0: Beam Attenuation, WET Labs C-Star [1/m]
# name 20 = scan: Scan Count
# name 21 = timeM: Time, Elapsed [minutes]
# name 22 = flag:  0.000e+00
# span 0 =      1.331,     13.983                 
# span 1 =   64.24362,   64.24366                 
# span 2 = -165.54258, -165.54254                 
# span 3 =      1.344,     14.121                 
# span 4 =     1.5460,     8.0700                 
# span 5 =     1.5473,     8.1328                 
# span 6 =     1.5455,     8.0699                 
# span 7 =    18.1737,    28.9193                 
# span 8 =    18.0919,    28.9311                 
# span 9 =  1014.0922,  1023.1964                 
# span 10 =    14.0853,    23.1297                
# span 11 =    337.981,    387.448                
# span 12 =    333.466,    375.242                
# span 13 =  323.78766,  352.42372                
# span 14 =    102.227,    112.749                
# span 15 =     99.383,    107.663                
# span 16 =     0.1245,     0.4322                
# span 17 =     0.3993,     2.2454                
# span 18 =     2.4554,     3.9267                
# span 19 =     0.7296,     2.6084                
# span 20 =          1,       4666                
# span 21 =     0.0000,     3.2396                
# span 22 = 0.0000e+00, 0.0000e+00                
# interval = seconds: 0.0416667
# start_time = Jun 12 2023 15:28:02 [NMEA time, first data scan]
# bad_flag = -9.990e-29
*END*
[from data line 2457]
     13.665   64.24364 -165.54256     13.800     1.5824     1.5816     1.5818    28.9115    28.9195  1023.1876    23.1218    383.390    373.337  350.13873    109.497    106.630     0.2357     1.0659     3.6569     1.0145       2458     1.7063  0.000e+00
     13.642   64.24364 -165.54256     13.777     1.5825     1.5811     1.5820    28.9114    28.9228  1023.1874    23.1217    383.320    373.318  350.13753    109.477    106.626     0.2369     1.0732     3.6569     1.0145       2459     1.7069  0.000e+00
     13.642   64.24364 -165.54256     13.777     1.5820     1.5818     1.5815    28.9115    28.9234  1023.1875    23.1218    383.060    373.295  350.14187    109.401    106.622     0.2369     1.0732     3.6569     1.0145       2460     1.7076  0.000e+00
     13.642   64.24364 -165.54256     13.777     1.5820     1.5828     1.5815    28.9112    28.9232  1023.1873    23.1216    382.992    373.270  350.14260    109.382    106.617     0.2369     1.0732     3.6569     1.0145       2461     1.7083  0.000e+00
     13.604   64.24364 -165.54256     13.738     1.5818     1.5844     1.5812    28.9109    28.9225  1023.1868    23.1214    382.965    373.237  350.14588    109.373    106.611     0.2369     1.0732     3.6569     1.0145       2462     1.7090  0.000e+00
     13.696   64.24364 -165.54256     13.832     1.5816     1.5854     1.5811    28.9112    28.9221  1023.1875    23.1216    382.945    373.214  350.14656    109.367    106.607     0.2381     1.0806     3.6569     1.0145       2463     1.7097  0.000e+00
     13.642   64.24364 -165.54256     13.777     1.5816     1.5852     1.5811    28.9114    28.9227  1023.1874    23.1218    382.916    373.193  350.14597    109.359    106.601     0.2381     1.0806     3.6569     1.0145       2464     1.7104  0.000e+00
     13.696   64.24364 -165.54256     13.832     1.5816     1.5845     1.5811    28.9115    28.9232  1023.1878    23.1219    382.895    373.183  350.14563    109.353    106.597     0.2369     1.0732     3.6520     1.0198       2465     1.7111  0.000e+00
     13.665   64.24364 -165.54256     13.800     1.5816     1.5841     1.5811    28.9116    28.9227  1023.1877    23.1219    382.872    373.166  350.14548    109.347    106.591     0.2381     1.0806     3.6471     1.0252       2466     1.7118  0.000e+00
     13.642   64.24364 -165.54256     13.777     1.5816     1.5837     1.5811    28.9114    28.9231  1023.1874    23.1218    382.852    373.147  350.14597    109.341    106.584     0.2369     1.0732     3.6459     1.0265       2467     1.7125  0.000e+00
     13.696   64.24364 -165.54256     13.832     1.5819     1.5837     1.5814    28.9111    28.9232  1023.1874    23.1215    382.792    373.337  350.14391    109.324    106.639     0.2381     1.0806     3.6459     1.0265       2468     1.7132  0.000e+00
     13.665   64.24364 -165.54256     13.800     1.5818     1.5842     1.5812    28.9116    28.9232  1023.1877    23.1219    382.772    373.331  350.14400    109.319    106.638     0.2381     1.0806     3.6459     1.0265       2469     1.7139  0.000e+00
     13.696   64.24364 -165.54256     13.832     1.5819     1.5841     1.5814    28.9113    28.9232  1023.1876    23.1217    382.756    373.359  350.14328    109.314    106.646     0.2381     1.0806     3.6459     1.0265       2470     1.7146  0.000e+00
     13.696   64.24364 -165.54256     13.832     1.5816     1.5840     1.5811    28.9114    28.9235  1023.1877    23.1218    382.745    373.357  350.14604    109.310    106.646     0.2369     1.0732     3.6459     1.0265       2471     1.7153  0.000e+00
     13.696   64.24364 -165.54256     13.832     1.5816     1.5839     1.5811    28.9114    28.9229  1023.1877    23.1218    382.732    373.383  350.14604    109.306    106.652     0.2369     1.0732     3.6459     1.0265       2472     1.7160  0.000e+00
     13.719   64.24364 -165.54256     13.855     1.5814     1.5837     1.5809    28.9109    28.9227  1023.1874    23.1214    382.725    373.172  350.14880    109.303    106.591     0.2381     1.0806     3.6459     1.0265       2473     1.7167  0.000e+00
     13.696   64.24364 -165.54256     13.832     1.5813     1.5834     1.5807    28.9112    28.9233  1023.1876    23.1216    382.714    373.140  350.14942    109.300    106.582     0.2369     1.0732     3.6459     1.0265       2474     1.7174  0.000e+00
     13.696   64.24364 -165.54256     13.832     1.5810     1.5833     1.5805    28.9110    28.9232  1023.1875    23.1215    382.433    373.108  350.15234    109.219    106.572     0.2381     1.0806     3.6459     1.0265       2475     1.7181  0.000e+00
     13.758   64.24364 -165.54256     13.894     1.5800     1.5828     1.5795    28.9106    28.9232  1023.1875    23.1213    382.637    373.109  350.16226    109.274    106.571     0.2369     1.0732     3.6459     1.0265       2476     1.7188  0.000e+00
     13.719   64.24364 -165.54256     13.855     1.5780     1.5828     1.5775    28.9118    28.9229  1023.1884    23.1223    382.649    373.100  350.17679    109.273    106.568     0.2381     1.0806     3.6459     1.0265       2477     1.7194  0.000e+00
     13.696   64.24364 -165.54256     13.832     1.5782     1.5824     1.5776    28.9122    28.9230  1023.1886    23.1226    382.490    373.096  350.17469    109.228    106.566     0.2369     1.0732     3.6459     1.0265       2478     1.7201  0.000e+00
     13.758   64.24364 -165.54256     13.894     1.5779     1.5823     1.5773    28.9124    28.9233  1023.1890    23.1228    382.459    373.091  350.17666    109.219    106.565     0.2381     1.0806     3.6459     1.0265       2479     1.7208  0.000e+00
     13.719   64.24364 -165.54256     13.855     1.5785     1.5823     1.5780    28.9117    28.9238  1023.1883    23.1222    382.378    373.290  350.17311    109.197    106.622     0.2369     1.0732     3.6459     1.0265       2480     1.7215  0.000e+00
     13.758   64.24364 -165.54256     13.894     1.5782     1.5824     1.5777    28.9115    28.9231  1023.1882    23.1220    382.352    373.074  350.17629    109.188    106.560     0.2369     1.0732     3.6459     1.0265       2481     1.7222  0.000e+00
     13.758   64.24364 -165.54256     13.894     1.5771     1.5825     1.5765    28.9120    28.9232  1023.1887    23.1225    382.335    373.036  350.18522    109.181    106.549     0.2381     1.0806     3.6459     1.0265       2482     1.7229  0.000e+00
     13.758   64.24364 -165.54256     13.894     1.5754     1.5828     1.5748    28.9122    28.9231  1023.1890    23.1228    382.329    373.022  350.19978    109.174    106.546     0.2369     1.0732     3.6459     1.0265       2483     1.7236  0.000e+00
     13.781   64.24364 -165.54256     13.917     1.5743     1.5828     1.5737    28.9120    28.9235  1023.1890    23.1227    382.556    373.012  350.21026    109.236    106.543     0.2442     1.1172     3.6459     1.0265       2484     1.7243  0.000e+00
     13.696   64.24364 -165.54256     13.832     1.5734     1.5826     1.5729    28.9115    28.9232  1023.1882    23.1223    382.818    372.999  350.21947    109.308    106.539     0.2515     1.1612     3.6459     1.0265       2485     1.7250  0.000e+00
     13.812   64.24364 -165.54256     13.948     1.5726     1.5828     1.5720    28.9113    28.9230  1023.1887    23.1222    382.424    372.993  350.22747    109.193    106.538     0.2540     1.1758     3.6459     1.0265       2486     1.7257  0.000e+00
     13.758   64.24364 -165.54256     13.894     1.5713     1.5825     1.5708    28.9130    28.9232  1023.1899    23.1237    382.413    372.983  350.23403    109.188    106.534     0.2527     1.1685     3.6459     1.0265       2487     1.7264  0.000e+00
     13.781   64.24364 -165.54256     13.917     1.5704     1.5825     1.5698    28.9147    28.9226  1023.1914    23.1251    382.407    372.975  350.23783    109.185    106.531     0.2527     1.1685     3.6459     1.0265       2488     1.7271  0.000e+00
     13.758   64.24364 -165.54256     13.894     1.5694     1.5816     1.5689    28.9148    28.9233  1023.1914    23.1252    382.365    372.971  350.24659    109.170    106.528     0.2527     1.1685     3.6459     1.0265       2489     1.7278  0.000e+00
     13.812   64.24364 -165.54256     13.948     1.5680     1.5814     1.5675    28.9148    28.9228  1023.1917    23.1252    382.375    372.966  350.25889    109.169    106.526     0.2515     1.1612     3.6447     1.0279       2490     1.7285  0.000e+00
     13.781   64.24364 -165.54256     13.917     1.5676     1.5806     1.5671    28.9152    28.9237  1023.1920    23.1256    382.372    372.959  350.26149    109.168    106.523     0.2527     1.1685     3.6459     1.0265       2491     1.7292  0.000e+00
     13.812   64.24364 -165.54256     13.948     1.5677     1.5802     1.5672    28.9149    28.9236  1023.1919    23.1254    382.372    372.956  350.26145    109.167    106.520     0.2515     1.1612     3.6459     1.0265       2492     1.7299  0.000e+00
     13.758   64.24364 -165.54256     13.894     1.5669     1.5803     1.5664    28.9148    28.9230  1023.1916    23.1253    382.379    372.942  350.26854    109.167    106.516     0.2527     1.1685     3.6459     1.0265       2493     1.7306  0.000e+00
     13.812   64.24364 -165.54256     13.948     1.5664     1.5797     1.5659    28.9147    28.9234  1023.1918    23.1253    382.587    372.939  350.27327    109.225    106.514     0.2515     1.1612     3.6459     1.0265       2494     1.7313  0.000e+00
     13.835   64.24364 -165.54256     13.972     1.5662     1.5798     1.5656    28.9151    28.9241  1023.1922    23.1256    382.399    372.927  350.27478    109.171    106.512     0.2527     1.1685     3.6459     1.0265       2495     1.7319  0.000e+00
     13.812   64.24364 -165.54256     13.948     1.5666     1.5786     1.5661    28.9149    28.9243  1023.1919    23.1254    382.402    372.928  350.27081    109.173    106.509     0.2515     1.1612     3.6459     1.0265       2496     1.7326  0.000e+00
     13.812   64.24364 -165.54256     13.948     1.5666     1.5767     1.5661    28.9152    28.9250  1023.1921    23.1256    382.412    372.726  350.27008    109.176    106.446     0.2515     1.1612     3.6459     1.0265       2497     1.7333  0.000e+00
     13.835   64.24364 -165.54256     13.972     1.5664     1.5752     1.5659    28.9153    28.9251  1023.1924    23.1258    382.431    372.917  350.27164    109.181    106.497     0.2540     1.1758     3.6447     1.0279       2498     1.7340  0.000e+00
     13.812   64.24364 -165.54256     13.948     1.5663     1.5744     1.5658    28.9149    28.9247  1023.1919    23.1254    382.920    372.943  350.27378    109.320    106.502     0.2515     1.1612     3.6447     1.0279       2499     1.7347  0.000e+00
     13.812   64.24364 -165.54256     13.948     1.5663     1.5738     1.5658    28.9149    28.9245  1023.1920    23.1255    382.548    372.968  350.27368    109.214    106.507     0.2527     1.1685     3.6447     1.0279       2500     1.7354  0.000e+00
     13.866   64.24364 -165.54256     14.003     1.5660     1.5730     1.5655    28.9147    28.9248  1023.1921    23.1253    382.577    372.998  350.27724    109.221    106.514     0.2515     1.1612     3.6447     1.0279       2501     1.7361  0.000e+00
     13.835   64.24364 -165.54256     13.972     1.5659     1.5729     1.5654    28.9149    28.9249  1023.1921    23.1255    382.600    372.809  350.27714    109.228    106.460     0.2527     1.1685     3.6459     1.0265       2502     1.7368  0.000e+00
     13.812   64.24364 -165.54256     13.948     1.5662     1.5720     1.5656    28.9148    28.9257  1023.1918    23.1253    382.390    372.785  350.27557    109.168    106.451     0.2515     1.1612     3.6459     1.0265       2503     1.7375  0.000e+00
     13.866   64.24364 -165.54256     14.003     1.5656     1.5712     1.5650    28.9150    28.9255  1023.1923    23.1256    382.586    372.768  350.28040    109.223    106.444     0.2527     1.1685     3.6447     1.0279       2504     1.7382  0.000e+00
     13.866   64.24364 -165.54256     14.003     1.5649     1.5707     1.5644    28.9149    28.9256  1023.1923    23.1256    382.587    372.744  350.28644    109.221    106.436     0.2515     1.1612     3.6447     1.0279       2505     1.7389  0.000e+00
     13.835   64.24364 -165.54256     13.972     1.5646     1.5698     1.5640    28.9148    28.9263  1023.1921    23.1255    382.626    372.724  350.28968    109.231    106.428     0.2527     1.1685     3.6410     1.0319       2506     1.7396  0.000e+00
     13.866   64.24364 -165.54256     14.003     1.5646     1.5693     1.5640    28.9148    28.9264  1023.1922    23.1254    382.667    372.705  350.28982    109.243    106.421     0.2540     1.1758     3.6386     1.0346       2507     1.7403  0.000e+00
     13.928   64.24364 -165.54256     14.065     1.5647     1.5687     1.5642    28.9153    28.9264  1023.1929    23.1258    382.710    372.690  350.28697    109.256    106.415     0.2527     1.1685     3.6398     1.0332       2508     1.7410  0.000e+00
     13.835   64.24364 -165.54256     13.972     1.5654     1.5682     1.5649    28.9150    28.9269  1023.1922    23.1256    383.174    372.665  350.28174    109.390    106.408     0.2540     1.1758     3.6398     1.0332       2509     1.7417  0.000e+00
     13.866   64.24364 -165.54256     14.003     1.5654     1.5678     1.5649    28.9154    28.9265  1023.1927    23.1259    382.787    372.651  350.28074    109.280    106.402     0.2552     1.1831     3.6398     1.0332       2510     1.7424  0.000e+00
     13.866   64.24364 -165.54256     14.003     1.5657     1.5670     1.5651    28.9147    28.9269  1023.1921    23.1253    383.026    372.636  350.28010    109.349    106.396     0.2576     1.1978     3.6398     1.0332       2511     1.7431  0.000e+00
     13.928   64.24364 -165.54256     14.065     1.5657     1.5665     1.5651    28.9149    28.9271  1023.1925    23.1255    383.074    372.414  350.27967    109.362    106.331     0.2564     1.1905     3.6398     1.0332       2512     1.7437  0.000e+00
     13.835   64.24364 -165.54256     13.972     1.5656     1.5668     1.5650    28.9151    28.9268  1023.1922    23.1256    382.644    372.572  350.28015    109.240    106.377     0.2576     1.1978     3.6386     1.0346       2513     1.7444  0.000e+00
     13.866   64.24364 -165.54256     14.003     1.5654     1.5667     1.5649    28.9149    28.9271  1023.1922    23.1255    383.087    372.557  350.28219    109.365    106.373     0.2564     1.1905     3.6386     1.0346       2514     1.7451  0.000e+00
     13.866   64.24364 -165.54256     14.003     1.5656     1.5665     1.5650    28.9148    28.9271  1023.1922    23.1254    382.898    372.543  350.28081    109.312    106.368     0.2576     1.1978     3.6398     1.0332       2515     1.7458  0.000e+00
     13.928   64.24364 -165.54256     14.065     1.5658     1.5664     1.5653    28.9148    28.9272  1023.1925    23.1254    382.908    372.532  350.27839    109.315    106.365     0.2576     1.1978     3.6386     1.0346       2516     1.7465  0.000e+00
     13.897   64.24364 -165.54256     14.034     1.5657     1.5662     1.5651    28.9145    28.9271  1023.1920    23.1251    382.921    372.336  350.28077    109.318    106.308     0.2564     1.1905     3.6398     1.0332       2517     1.7472  0.000e+00
     13.928   64.24364 -165.54256     14.065     1.5654     1.5660     1.5649    28.9148    28.9269  1023.1925    23.1254    383.173    372.330  350.28238    109.390    106.306     0.2576     1.1978     3.6398     1.0332       2518     1.7479  0.000e+00
     13.928   64.24364 -165.54256     14.065     1.5654     1.5653     1.5649    28.9148    28.9275  1023.1925    23.1254    383.226    372.330  350.28238    109.405    106.304     0.2564     1.1905     3.6398     1.0332       2519     1.7486  0.000e+00
