merge_samples_with_btl/SKQ202309T/ctd/skq202309t_003.cnv
* Sea-Bird SBE 9 Data File:
* FileName = D:\CTD\SKQ202309T\SKQ202309T_003.hex
* Software Version Seasave V 7.26.7.121
* Temperature SN = 6177
* Conductivity SN = 0369
* Number of Bytes Per Scan = 38
* Number of Voltage Words = 3
* Number of Scans Averaged by the Deck Unit = 1
* NMEA Latitude = 56 26.56 N
* NMEA Longitude = 166 33.22 W
* NMEA UTC (Time) = Jun 10 2023  04:39:46
* NMEA baud rate = 4800
** Ship: R/V Sikuliaq
** Station Number: 003
** Station Name: STN 004
** Bottom Depth: 101
** Operator: Julia Moriarty
# nquan = 23
# nvalues = 9701                                  
# units = specified
# name 0 = depSM: Depth [salt water, m]
# name 1 = latitude: Latitude [deg]
# name 2 = longitude: Longitude [deg]
# name 3 = prDM: Pressure, Digiquartz [db]
# name 4 = t090C: Temperature [ITS-90, deg C]
# name 5 = t190C: Temperature, 2 [ITS-90, deg C]
# name 6 = potemp090C: Potential Temperature [ITS-90, deg C]
# name 7 = sal00: Salinity, Practical [PSU]
# name 8 = sal11: Salinity, Practical, 2 [PSU]
# name 9 = density00: Density [density, kg/m^3]
# name 10 = sigma-é00: Density [sigma-theta, kg/m^3]
# name 11 = sbox0Mm/Kg: Oxygen, SBE 43 [umol/kg]
# name 12 = sbox1Mm/Kg: Oxygen, SBE 43, 2 [umol/kg]
# name 13 = oxsolMm/Kg: Oxygen Saturation, Garcia & Gordon [umol/kg]
# name 14 = sbeox0PS: Oxygen, SBE 43 [% saturation]
# name 15 = sbeox1PS: Oxygen, SBE 43, 2 [% saturation]
# name 16 = v0: Voltage 0
# name 17 = flECO-AFL: Fluorescence, WET Labs ECO-AFL/FL [mg/m^3]
# name 18 = v1: Voltage 1
# name 19 = CStarAt0: Beam Attenuation, WET Labs C-Star [1/m]
# name 20 = scan: Scan Count
# name 21 = timeM: Time, Elapsed [minutes]
# name 22 = flag:  0.000e+00
# span 0 =      1.756,     95.786                 
# span 1 =   56.44268,   56.44276                 
# span 2 = -166.55362, -166.55346                 
# span 3 =      1.772,     96.692                 
# span 4 =     3.6067,     6.8002                 
# span 5 =     3.6070,     6.8034                 
# span 6 =     3.6028,     6.8001                 
# span 7 =    31.7989,    32.3667                 
# span 8 =    31.8191,    32.3776                 
# span 9 =  1024.9856,  1026.1435                 
# span 10 =    24.9741,    25.6932                
# span 11 =    250.129,    423.188                
# span 12 =    242.122,    410.900                
# span 13 =  301.66348,  325.03991                
# span 14 =     77.877,    136.898                
# span 15 =     75.391,    133.522                
# span 16 =     0.0842,     4.1087                
# span 17 =     0.1575,    24.3040                
# span 18 =     2.7827,     4.4591                
# span 19 =     0.2209,     2.1077                
# span 20 =          1,       9701                
# span 21 =     0.0000,     6.7361                
# span 22 = 0.0000e+00, 0.0000e+00                
# interval = seconds: 0.0416667
# start_time = Jun 10 2023 04:44:02 [NMEA time, first data scan]
# bad_flag = -9.990e-29
*END*
[from data line 2079]
      9.119   56.44268 -166.55360      9.203     5.4876     5.5068     5.4869    31.8451    31.8578  1025.1632    25.1206    385.006    370.577  311.09210    123.760    119.187     0.4359     2.2674     4.0427     0.6131       2080     1.4438  0.000e+00
      9.204   56.44268 -166.55360      9.289     5.4917     5.5188     5.4910    31.8457    31.8615  1025.1636    25.1205    385.284    370.568  311.06019    123.861    119.221     0.4347     2.2601     4.0427     0.6131       2081     1.4444  0.000e+00
      9.150   56.44268 -166.55360      9.234     5.4941     5.5239     5.4934    31.8454    31.8615  1025.1628    25.1200    385.606    370.958  311.04351    123.972    119.361     0.4359     2.2674     4.0427     0.6131       2082     1.4451  0.000e+00
      9.150   56.44268 -166.55360      9.234     5.4952     5.5289     5.4945    31.8438    31.8557  1025.1615    25.1187    385.918    371.193  311.03919    124.074    119.445     0.4347     2.2601     4.0427     0.6131       2083     1.4458  0.000e+00
      9.150   56.44268 -166.55360      9.234     5.4954     5.5322     5.4947    31.8423    31.8537  1025.1603    25.1175    386.468    371.617  311.04115    124.250    119.589     0.4359     2.2674     4.0415     0.6144       2084     1.4465  0.000e+00
      9.173   56.44268 -166.55360      9.257     5.4952     5.5377     5.4945    31.8417    31.8502  1025.1599    25.1170    386.816    371.868  311.04374    124.361    119.682     0.4347     2.2601     4.0415     0.6144       2085     1.4472  0.000e+00
      9.204   56.44268 -166.55360      9.289     5.4960     5.5322     5.4953    31.8414    31.8516  1025.1597    25.1167    387.150    372.192  311.03909    124.470    119.772     0.4359     2.2674     4.0427     0.6131       2086     1.4479  0.000e+00
      9.204   56.44268 -166.55360      9.289     5.4968     5.5291     5.4961    31.8421    31.8482  1025.1602    25.1171    387.672    372.507  311.03113    124.641    119.862     0.4347     2.2601     4.0464     0.6095       2087     1.4486  0.000e+00
      9.150   56.44268 -166.55360      9.234     5.4983     5.5356     5.4976    31.8411    31.8422  1025.1590    25.1162    388.011    372.915  311.02268    124.753    120.006     0.4359     2.2674     4.0488     0.6071       2088     1.4493  0.000e+00
      9.204   56.44268 -166.55360      9.289     5.4993     5.5536     5.4986    31.8395    31.8366  1025.1579    25.1148    388.352    373.395  311.01922    124.864    120.207     0.4347     2.2601     4.0501     0.6059       2089     1.4500  0.000e+00
      9.173   56.44268 -166.55360      9.257     5.4979     5.5633     5.4972    31.8398    31.8382  1025.1581    25.1152    388.896    373.602  311.02873    125.036    120.302     0.4359     2.2674     4.0488     0.6071       2090     1.4507  0.000e+00
      9.204   56.44268 -166.55360      9.289     5.4971     5.5711     5.4964    31.8396    31.8304  1025.1582    25.1152    389.254    373.851  311.03442    125.148    120.397     0.4347     2.2601     4.0488     0.6071       2091     1.4514  0.000e+00
      9.204   56.44268 -166.55360      9.289     5.4970     5.5620     5.4963    31.8389    31.8329  1025.1577    25.1146    389.792    374.385  311.03725    125.320    120.546     0.4359     2.2674     4.0488     0.6071       2092     1.4521  0.000e+00
      9.204   56.44268 -166.55360      9.289     5.4963     5.5409     5.4956    31.8381    31.8443  1025.1571    25.1141    390.148    374.840  311.04442    125.432    120.643     0.4359     2.2674     4.0488     0.6071       2093     1.4528  0.000e+00
      9.150   56.44268 -166.55360      9.234     5.4943     5.5223     5.4936    31.8379    31.8521  1025.1569    25.1141    390.724    375.451  311.05921    125.611    120.793     0.4347     2.2601     4.0488     0.6071       2094     1.4535  0.000e+00
      9.234   56.44268 -166.55360      9.320     5.4917     5.5201     5.4910    31.8383    31.8479  1025.1579    25.1147    391.091    375.952  311.07725    125.722    120.944     0.4359     2.2674     4.0488     0.6071       2095     1.4542  0.000e+00
      9.204   56.44268 -166.55360      9.289     5.4895     5.5231     5.4888    31.8393    31.8459  1025.1589    25.1158    391.426    376.218  311.09144    125.823    121.036     0.4347     2.2601     4.0488     0.6071       2096     1.4549  0.000e+00
      9.265   56.44268 -166.55360      9.351     5.4880     5.5203     5.4873    31.8402    31.8479  1025.1600    25.1167    391.935    376.518  311.09990    125.984    121.127     0.4444     2.3187     4.0501     0.6059       2097     1.4556  0.000e+00
      9.150   56.44268 -166.55360      9.234     5.4870     5.5179     5.4863    31.8408    31.8480  1025.1601    25.1173    392.265    376.959  311.10649    126.087    121.262     0.4689     2.4652     4.0501     0.6059       2098     1.4563  0.000e+00
      9.265   56.44268 -166.55360      9.351     5.4861     5.5171     5.4854    31.8411    31.8485  1025.1609    25.1176    392.781    377.596  311.11192    126.251    121.465     0.4786     2.5238     4.0501     0.6059       2099     1.4569  0.000e+00
      9.234   56.44268 -166.55360      9.320     5.4854     5.5171     5.4847    31.8414    31.8481  1025.1611    25.1179    393.119    377.880  311.11684    126.357    121.556     0.4774     2.5165     4.0488     0.6071       2100     1.4576  0.000e+00
      9.265   56.44268 -166.55360      9.351     5.4847     5.5160     5.4840    31.8415    31.8483  1025.1614    25.1181    393.633    378.338  311.12147    126.521    121.701     0.4762     2.5091     4.0488     0.6071       2101     1.4583  0.000e+00
      9.265   56.44268 -166.55360      9.351     5.4842     5.5143     5.4835    31.8412    31.8489  1025.1612    25.1179    393.943    378.817  311.12563    126.618    121.850     0.4762     2.5091     4.0488     0.6071       2102     1.4590  0.000e+00
      9.265   56.44268 -166.55360      9.351     5.4842     5.5112     5.4835    31.8408    31.8498  1025.1609    25.1176    394.416    379.307  311.12660    126.770    122.000     0.4762     2.5091     4.0488     0.6071       2103     1.4597  0.000e+00
      9.204   56.44268 -166.55360      9.289     5.4842     5.5071     5.4835    31.8407    31.8501  1025.1606    25.1175    394.711    379.782  311.12671    126.865    122.141     0.4762     2.5091     4.0488     0.6071       2104     1.4604  0.000e+00
      9.288   56.44268 -166.55360      9.374     5.4833     5.5010     5.4825    31.8408    31.8519  1025.1611    25.1177    395.190    380.113  311.13379    127.016    122.232     0.4762     2.5091     4.0501     0.6059       2105     1.4611  0.000e+00
      9.265   56.44268 -166.55360      9.351     5.4817     5.4944     5.4810    31.8409    31.8530  1025.1613    25.1180    395.692    380.620  311.14482    127.173    122.377     0.4774     2.5165     4.0488     0.6071       2106     1.4618  0.000e+00
      9.265   56.44268 -166.55360      9.351     5.4812     5.4909     5.4805    31.8415    31.8534  1025.1618    25.1185    396.175    381.275  311.14729    127.327    122.577     0.4762     2.5091     4.0464     0.6095       2107     1.4625  0.000e+00
      9.265   56.44268 -166.55360      9.351     5.4801     5.4892     5.4794    31.8419    31.8539  1025.1622    25.1189    396.453    381.559  311.15472    127.414    122.664     0.4774     2.5165     4.0440     0.6119       2108     1.4632  0.000e+00
      9.319   56.44268 -166.55360      9.405     5.4791     5.4876     5.4784    31.8416    31.8551  1025.1624    25.1188    396.724    381.994  311.16213    127.497    122.800     0.4762     2.5091     4.0440     0.6119       2109     1.4639  0.000e+00
      9.288   56.44268 -166.55360      9.374     5.4782     5.4874     5.4775    31.8434    31.8552  1025.1637    25.1203    397.143    382.221  311.16491    127.631    122.873     0.4762     2.5091     4.0452     0.6107       2110     1.4646  0.000e+00
      9.319   56.44268 -166.55360      9.405     5.4788     5.4882     5.4781    31.8437    31.8548  1025.1641    25.1205    397.369    382.613  311.15990    127.706    123.001     0.4762     2.5091     4.0440     0.6119       2111     1.4653  0.000e+00
      9.265   56.44268 -166.55360      9.351     5.4799     5.4876     5.4792    31.8437    31.8554  1025.1637    25.1204    397.742    382.997  311.15161    127.829    123.123     0.4774     2.5165     4.0452     0.6107       2112     1.4660  0.000e+00
      9.319   56.44268 -166.55360      9.406     5.4809     5.4868     5.4802    31.8439    31.8550  1025.1640    25.1204    398.135    383.577  311.14407    127.958    123.307     0.4762     2.5091     4.0440     0.6119       2113     1.4667  0.000e+00
      9.373   56.44268 -166.55360      9.460     5.4817     5.4854     5.4810    31.8437    31.8554  1025.1640    25.1202    398.343    383.803  311.13829    128.028    123.376     0.4762     2.5091     4.0440     0.6119       2114     1.4674  0.000e+00
      9.343   56.44268 -166.55360      9.429     5.4823     5.4838     5.4816    31.8431    31.8559  1025.1633    25.1196    398.733    384.190  311.13525    128.154    123.496     0.4750     2.5018     4.0440     0.6119       2115     1.4681  0.000e+00
      9.319   56.44268 -166.55360      9.406     5.4831     5.4830     5.4824    31.8421    31.8564  1025.1623    25.1187    398.903    384.551  311.13187    128.210    123.610     0.4762     2.5091     4.0452     0.6107       2116     1.4688  0.000e+00
      9.319   56.44268 -166.55360      9.406     5.4839     5.4818     5.4832    31.8404    31.8573  1025.1609    25.1173    399.257    385.097  311.12967    128.325    123.783     0.4762     2.5091     4.0452     0.6107       2117     1.4694  0.000e+00
      9.373   56.44268 -166.55360      9.460     5.4838     5.4808     5.4831    31.8409    31.8575  1025.1615    25.1177    399.426    385.302  311.12982    128.379    123.846     0.4762     2.5091     4.0440     0.6119       2118     1.4701  0.000e+00
      9.373   56.44268 -166.55360      9.460     5.4833     5.4799     5.4825    31.8407    31.8569  1025.1615    25.1176    399.777    385.646  311.13389    128.490    123.953     0.4762     2.5091     4.0440     0.6119       2119     1.4708  0.000e+00
      9.343   56.44268 -166.55360      9.429     5.4813     5.4795     5.4806    31.8412    31.8571  1025.1619    25.1182    400.148    385.816  311.14676    128.604    124.007     0.4762     2.5091     4.0440     0.6119       2120     1.4715  0.000e+00
      9.435   56.44268 -166.55360      9.522     5.4788     5.4788     5.4781    31.8423    31.8566  1025.1635    25.1194    400.306    386.158  311.16314    128.648    124.115     0.4762     2.5091     4.0452     0.6107       2121     1.4722  0.000e+00
      9.373   56.44268 -166.55360      9.460     5.4774     5.4777     5.4767    31.8422    31.8562  1025.1633    25.1195    400.653    386.472  311.17360    128.755    124.212     0.4762     2.5091     4.0452     0.6107       2122     1.4729  0.000e+00
      9.435   56.44268 -166.55360      9.522     5.4756     5.4763     5.4749    31.8424    31.8570  1025.1640    25.1198    400.814    386.788  311.18596    128.802    124.310     0.4322     2.2454     4.0440     0.6119       2123     1.4736  0.000e+00
      9.373   56.44268 -166.55360      9.460     5.4747     5.4750     5.4739    31.8422    31.8575  1025.1636    25.1198    401.107    387.092  311.19359    128.893    124.405     0.3968     2.0330     4.0440     0.6119       2124     1.4743  0.000e+00
      9.404   56.44268 -166.55360      9.491     5.4731     5.4738     5.4723    31.8422    31.8574  1025.1639    25.1199    401.243    387.395  311.20548    128.932    124.498     0.3919     2.0036     4.0440     0.6119       2125     1.4750  0.000e+00
      9.489   56.44268 -166.55360      9.577     5.4718     5.4733     5.4711    31.8427    31.8570  1025.1649    25.1205    401.522    387.688  311.21363    129.018    124.591     0.3932     2.0110     4.0452     0.6107       2126     1.4757  0.000e+00
      9.435   56.44268 -166.55360      9.522     5.4708     5.4727     5.4701    31.8432    31.8575  1025.1651    25.1210    401.592    387.964  311.21976    129.038    124.678     0.3956     2.0256     4.0476     0.6083       2127     1.4764  0.000e+00
      9.435   56.44268 -166.55360      9.522     5.4706     5.4722     5.4699    31.8428    31.8572  1025.1649    25.1207    401.891    388.236  311.22206    129.133    124.763     0.3944     2.0183     4.0549     0.6011       2128     1.4771  0.000e+00
      9.551   56.44268 -166.55360      9.639     5.4697     5.4714     5.4690    31.8433    31.8576  1025.1659    25.1212    401.973    388.343  311.22750    129.157    124.796     0.3956     2.0256     4.0574     0.5987       2129     1.4778  0.000e+00
      9.458   56.44268 -166.55360      9.546     5.4692     5.4706     5.4685    31.8431    31.8580  1025.1653    25.1211    402.215    388.755  311.23173    129.233    124.926     0.3944     2.0183     4.0574     0.5987       2130     1.4785  0.000e+00
      9.489   56.44268 -166.55360      9.577     5.4684     5.4701     5.4677    31.8430    31.8575  1025.1655    25.1211    402.466    388.838  311.23761    129.311    124.951     0.3944     2.0183     4.0574     0.5987       2131     1.4792  0.000e+00
      9.489   56.44268 -166.55360      9.577     5.4676     5.4697     5.4669    31.8429    31.8577  1025.1655    25.1211    402.714    389.069  311.24381    129.389    125.024     0.3944     2.0183     4.0574     0.5987       2132     1.4799  0.000e+00
      9.551   56.44268 -166.55360      9.639     5.4671     5.4692     5.4664    31.8427    31.8579  1025.1657    25.1211    402.590    389.312  311.24804    129.347    125.101     0.3956     2.0256     4.0562     0.5999       2133     1.4806  0.000e+00
      9.489   56.44268 -166.55360      9.577     5.4667     5.4690     5.4660    31.8428    31.8575  1025.1656    25.1212    402.799    389.536  311.25089    129.413    125.172     0.3944     2.0183     4.0562     0.5999       2134     1.4813  0.000e+00
      9.574   56.44268 -166.55360      9.663     5.4659     5.4685     5.4651    31.8424    31.8576  1025.1658    25.1210    402.821    389.759  311.25780    129.417    125.242     0.3944     2.0183     4.0562     0.5999       2135     1.4819  0.000e+00
      9.551   56.44268 -166.55360      9.639     5.4648     5.4677     5.4640    31.8421    31.8577  1025.1655    25.1208    403.041    389.785  311.26654    129.484    125.249     0.3956     2.0256     4.0562     0.5999       2136     1.4826  0.000e+00
      9.551   56.44268 -166.55360      9.639     5.4635     5.4674     5.4628    31.8430    31.8574  1025.1663    25.1216    403.058    389.977  311.27397    129.487    125.309     0.3944     2.0183     4.0574     0.5987       2137     1.4833  0.000e+00
      9.605   56.44268 -166.55360      9.694     5.4627     5.4672     5.4619    31.8431    31.8574  1025.1668    25.1218    403.246    390.197  311.27979    129.545    125.379     0.3956     2.0256     4.0574     0.5987       2138     1.4840  0.000e+00
      9.605   56.44268 -166.55360      9.694     5.4620     5.4662     5.4613    31.8426    31.8570  1025.1665    25.1215    403.258    390.232  311.28537    129.546    125.387     0.3944     2.0183     4.0574     0.5987       2139     1.4847  0.000e+00
      9.636   56.44268 -166.55360      9.725     5.4612     5.4638     5.4605    31.8423    31.8570  1025.1664    25.1214    403.243    390.431  311.29222    129.538    125.444     0.3956     2.0256     4.0574     0.5987       2140     1.4854  0.000e+00
      9.605   56.44268 -166.55360      9.694     5.4606     5.4609     5.4599    31.8415    31.8572  1025.1658    25.1208    403.424    390.639  311.29848    129.594    125.502     0.3944     2.0183     4.0562     0.5999       2141     1.4861  0.000e+00
