merge_samples_with_btl/SKQ202309T/ctd/skq202309t_005.ros
* Sea-Bird SBE 9 Data File:
* FileName = D:\CTD\SKQ202309T\SKQ202309T_005.hex
* Software Version Seasave V 7.26.7.121
* Temperature SN = 6177
* Conductivity SN = 0369
* Number of Bytes Per Scan = 38
* Number of Voltage Words = 3
* Number of Scans Averaged by the Deck Unit = 1
* NMEA Latitude = 62 38.25 N
* NMEA Longitude = 165 42.28 W
* NMEA UTC (Time) = Jun 12 2023  01:37:43
* NMEA baud rate = 4800
** Ship: R/V Sikuliaq
** Station Number: 005
** Station Name: STN 008
** Bottom Depth: 12
** Operator: Kay McMonigal
# nquan = 21
# nvalues = 588                                   
# units = specified
# name 0 = depSM: Depth [salt water, m]
# name 1 = latitude: Latitude [deg]
# name 2 = longitude: Longitude [deg]
# name 3 = prDM: Pressure, Digiquartz [db]
# name 4 = t090C: Temperature [ITS-90, deg C]
# name 5 = t190C: Temperature, 2 [ITS-90, deg C]
# name 6 = potemp090C: Potential Temperature [ITS-90, deg C]
# name 7 = sal00: Salinity, Practical [PSU]
# name 8 = sal11: Salinity, Practical, 2 [PSU]
# name 9 = density00: Density [density, kg/m^3]
# name 10 = sigma-é00: Density [sigma-theta, kg/m^3]
# name 11 = sbox0Mm/Kg: Oxygen, SBE 43 [umol/kg]
# name 12 = sbox1Mm/Kg: Oxygen, SBE 43, 2 [umol/kg]
# name 13 = oxsolMm/Kg: Oxygen Saturation, Garcia & Gordon [umol/kg]
# name 14 = sbeox0PS: Oxygen, SBE 43 [% saturation]
# name 15 = v0: Voltage 0
# name 16 = flECO-AFL: Fluorescence, WET Labs ECO-AFL/FL [mg/m^3]
# name 17 = CStarAt0: Beam Attenuation, WET Labs C-Star [1/m]
# name 18 = scan: Scan Count
# name 19 = nbf: Bottles Fired
# name 20 = flag:  0.000e+00
# interval = seconds: 0.0416667
# start_time = Jun 12 2023 01:40:04 [NMEA time, first data scan]
# bad_flag = -9.990e-29
*END*
[from data line 276]
      3.184   62.63750 -165.70492      3.215     6.4031     5.1331     6.4029    23.5259    25.4313  1018.4750    18.4599    320.431    320.038  323.77333     98.968     0.1941     0.8168     5.9396       6729          6  0.000e+00
      3.183   62.63750 -165.70492      3.214     6.2261     4.9529     6.2259    23.8012    25.6021  1018.7098    18.6947    320.639    320.493  324.47581     98.817     0.1929     0.8095     5.9350       6730          6  0.000e+00
      3.183   62.63750 -165.70492      3.214     6.0973     5.0138     6.0971    23.9744    25.4696  1018.8592    18.8442    320.876    319.701  325.05543     98.714     0.1941     0.8168     5.9671       6731          6  0.000e+00
      3.129   62.63750 -165.70492      3.160     6.1498     5.2801     6.1495    23.8828    25.1007  1018.7815    18.7667    320.044    317.672  324.86968     98.515     0.1929     0.8095     6.0042       6732          6  0.000e+00
      3.183   62.63750 -165.70492      3.214     6.2431     5.4265     6.2428    23.7313    24.8655  1018.6530    18.6379    319.224    316.355  324.51289     98.370     0.1929     0.8095     6.0088       6733          6  0.000e+00
      3.160   62.63750 -165.70492      3.191     6.3089     5.6747     6.3087    23.6346    24.4844  1018.5701    18.5551    318.329    314.528  324.23691     98.178     0.1929     0.8095     6.0088       6734          6  0.000e+00
      3.183   62.63750 -165.70492      3.214     6.3258     6.0845     6.3255    23.6111    23.8377  1018.5499    18.5349    317.679    311.806  324.16381     98.000     0.1929     0.8095     6.0042       6735          6  0.000e+00
      3.183   62.63750 -165.70492      3.214     6.3189     6.2675     6.3187    23.6323    23.4648  1018.5674    18.5523    317.363    310.496  324.16567     97.901     0.1893     0.7875     6.0042       6736          6  0.000e+00
      3.129   62.63750 -165.70492      3.160     6.2864     6.3133     6.2862    23.6974    23.4026  1018.6216    18.6068    316.775    309.591  324.25993     97.692     0.1807     0.7362     6.0042       6737          6  0.000e+00
      3.183   62.63750 -165.70492      3.214     6.2451     6.3045     6.2449    23.7742    23.4838  1018.6866    18.6715    316.395    308.784  324.39387     97.534     0.1783     0.7216     6.0042       6738          6  0.000e+00
      3.183   62.63750 -165.70492      3.214     6.2162     6.2556     6.2160    23.8080    23.6324  1018.7162    18.7011    316.021    308.138  324.53600     97.376     0.1783     0.7216     6.0042       6739          6  0.000e+00
      3.129   62.63750 -165.70492      3.160     6.2048     6.2006     6.2046    23.8256    23.7644  1018.7309    18.7161    315.108    307.763  324.58140     97.081     0.1783     0.7216     6.0042       6740          6  0.000e+00
      3.183   62.63750 -165.70492      3.214     6.1841     6.1577     6.1839    23.8518    23.8226  1018.7539    18.7388    314.805    307.294  324.67851     96.959     0.1795     0.7289     6.0042       6741          6  0.000e+00
      3.129   62.63750 -165.70492      3.160     6.2021     6.1395     6.2019    23.8289    23.8255  1018.7338    18.7190    313.900    306.753  324.59470     96.705     0.1795     0.7289     6.0042       6742          6  0.000e+00
      3.183   62.63750 -165.70492      3.214     6.2231     6.0944     6.2228    23.7909    23.8602  1018.7020    18.6869    313.179    306.546  324.52405     96.504     0.1783     0.7216     6.0042       6743          6  0.000e+00
      3.129   62.63750 -165.70492      3.160     6.2301     6.0849     6.2299    23.7661    23.8866  1018.6814    18.6667    312.973    306.116  324.52951     96.439     0.1795     0.7289     6.0042       6744          6  0.000e+00
      3.129   62.63750 -165.70492      3.160     6.2111     6.0605     6.2109    23.8436    23.9291  1018.7444    18.7296    312.169    305.815  324.49002     96.203     0.1783     0.7216     6.0042       6745          6  0.000e+00
      3.183   62.63750 -165.70492      3.214     6.0537     6.0353     6.0535    24.0848    23.9787  1018.9506    18.9355    312.298    305.532  325.12721     96.054     0.1795     0.7289     6.0042       6746          6  0.000e+00
      3.182   62.63750 -165.70492      3.213     4.8673     5.1791     4.8671    25.8596    25.4261  1020.4651    20.4500    299.599    314.698  330.14841     90.747     0.1673     0.6557     5.5186       6876          7  0.000e+00
      3.182   62.63750 -165.70492      3.213     4.8518     5.1155     4.8516    25.8736    25.5363  1020.4775    20.4624    299.918    314.827  330.23755     90.819     0.1673     0.6557     5.5227       6877          7  0.000e+00
      3.236   62.63750 -165.70492      3.267     4.8444     5.0378     4.8442    25.8748    25.6566  1020.4794    20.4641    300.440    315.022  330.29451     90.961     0.1661     0.6483     5.5227       6878          7  0.000e+00
      3.159   62.63750 -165.70492      3.189     4.8471     4.9662     4.8469    25.8678    25.7518  1020.4733    20.4583    300.979    315.379  330.28979     91.126     0.1673     0.6557     5.5227       6879          7  0.000e+00
      3.236   62.63750 -165.70492      3.267     4.8518     4.9198     4.8516    25.8601    25.8097  1020.4671    20.4518    301.524    315.436  330.27080     91.296     0.1661     0.6483     5.5227       6880          7  0.000e+00
      3.182   62.63750 -165.70492      3.213     4.8616     4.8804     4.8614    25.8477    25.8568  1020.4562    20.4411    301.868    315.421  330.22358     91.413     0.1673     0.6557     5.5227       6881          7  0.000e+00
      3.182   62.63750 -165.70492      3.213     4.8832     4.8532     4.8830    25.8237    25.8912  1020.4352    20.4201    302.375    315.495  330.10935     91.598     0.1661     0.6483     5.5227       6882          7  0.000e+00
      3.236   62.63750 -165.70492      3.267     4.8909     4.8342     4.8907    25.8128    25.9140  1020.4262    20.4108    302.787    315.301  330.07493     91.733     0.1673     0.6557     5.5227       6883          7  0.000e+00
      3.182   62.63750 -165.70492      3.213     4.8848     4.8159     4.8846    25.8171    25.9372  1020.4298    20.4147    303.455    315.254  330.11269     91.925     0.1661     0.6483     5.5227       6884          7  0.000e+00
      3.236   62.63750 -165.70492      3.267     4.8818     4.8230     4.8816    25.8140    25.9335  1020.4279    20.4126    304.374    314.854  330.14441     92.194     0.1673     0.6557     5.5227       6885          7  0.000e+00
      3.182   62.63750 -165.70492      3.213     4.8784     4.8330     4.8783    25.8048    25.9203  1020.4207    20.4056    305.129    314.413  330.19422     92.409     0.1661     0.6483     5.5186       6886          7  0.000e+00
      3.236   62.63750 -165.70492      3.267     4.8783     4.8162     4.8781    25.8042    25.9315  1020.4205    20.4052    305.631    314.299  330.19676     92.560     0.1673     0.6557     5.5227       6887          7  0.000e+00
      3.182   62.63750 -165.70492      3.213     4.8763     4.8147     4.8761    25.8060    25.9295  1020.4218    20.4067    306.320    313.877  330.20872     92.766     0.1661     0.6483     5.5227       6888          7  0.000e+00
      3.182   62.63750 -165.70492      3.213     4.8717     4.8091     4.8715    25.8116    25.9325  1020.4267    20.4116    307.020    313.465  330.23098     92.971     0.1648     0.6410     5.5227       6889          7  0.000e+00
      3.236   62.63750 -165.70492      3.267     4.8606     4.8302     4.8604    25.8380    25.8984  1020.4488    20.4335    307.688    312.906  330.25498     93.167     0.1429     0.5091     5.5227       6890          7  0.000e+00
      3.182   62.63750 -165.70492      3.213     4.8356     4.9214     4.8354    25.8704    25.7670  1020.4765    20.4614    308.441    312.169  330.37551     93.361     0.1331     0.4505     5.5227       6891          7  0.000e+00
      3.182   62.63750 -165.70492      3.213     4.8354     4.9906     4.8352    25.8518    25.6528  1020.4618    20.4467    308.858    311.396  330.42341     93.473     0.1319     0.4432     5.5022       6892          7  0.000e+00
      3.236   62.63750 -165.70492      3.267     4.8603     5.0274     4.8601    25.8024    25.6005  1020.4207    20.4054    309.527    310.740  330.34525     93.698     0.1331     0.4505     5.2827       6893          7  0.000e+00
      3.128   62.63750 -165.70492      3.158     4.8906     5.0198     4.8904    25.7581    25.6183  1020.3824    20.3676    309.719    310.288  330.21226     93.794     0.1331     0.4505     5.1754       6894          7  0.000e+00
      3.274   62.63750 -165.70492      3.306     4.9196     5.0127     4.9194    25.7134    25.6341  1020.3451    20.3296    310.092    310.028  330.08976     93.942     0.1331     0.4505     5.1678       6895          7  0.000e+00
      3.182   62.63750 -165.70492      3.213     4.9564     5.0185     4.9562    25.6636    25.6120  1020.3019    20.2868    310.168    309.562  329.91850     94.014     0.1319     0.4432     5.1754       6896          7  0.000e+00
      3.182   62.63750 -165.70492      3.213     4.9680     5.0304     4.9678    25.6497    25.5739  1020.2899    20.2748    310.526    309.121  329.86029     94.139     0.1331     0.4505     5.1829       6897          7  0.000e+00
      3.182   62.63750 -165.70492      3.213     5.0016     5.0456     5.0014    25.5858    25.5409  1020.2363    20.2212    310.825    308.636  329.74909     94.261     0.1343     0.4579     5.1829       6898          7  0.000e+00
      3.182   62.63750 -165.70492      3.213     5.0999     5.0604     5.0997    25.4638    25.5203  1020.1308    20.1157    310.701    308.142  329.26502     94.362     0.1331     0.4505     5.1829       6899          7  0.000e+00
      3.182   62.63750 -165.70492      3.213     5.1364     5.0724     5.1362    25.4297    25.5092  1020.1004    20.0854    310.847    307.668  329.05836     94.465     0.1343     0.4579     5.1829       6900          7  0.000e+00
      3.182   62.63750 -165.70492      3.213     5.1356     5.0697     5.1354    25.4304    25.5217  1020.1011    20.0860    311.216    307.467  329.06314     94.576     0.1331     0.4505     5.1829       6901          7  0.000e+00
      3.182   62.63750 -165.70492      3.213     5.1490     5.0537     5.1488    25.3756    25.5487  1020.0565    20.0414    311.563    307.189  329.09116     94.674     0.1343     0.4579     5.1829       6902          7  0.000e+00
      3.182   62.63750 -165.70492      3.213     5.2411     5.0567     5.2409    25.2065    25.5443  1019.9143    19.8993    311.491    307.023  328.77386     94.743     0.1331     0.4505     5.1829       6903          7  0.000e+00
      3.182   62.63750 -165.70492      3.213     5.3387     5.0648     5.3385    25.0339    25.5218  1019.7688    19.7537    311.585    306.689  328.42374     94.873     0.1331     0.4505     5.1792       6904          7  0.000e+00
      3.128   62.63750 -165.70492      3.158     5.4250     5.0820     5.4248    24.9067    25.4972  1019.6600    19.6452    311.441    306.116  328.05182     94.936     0.1331     0.4505     5.1829       6905          7  0.000e+00
      3.182   62.63750 -165.70492      3.213     5.4782     5.0844     5.4780    24.8370    25.4956  1019.6001    19.5850    311.396    305.980  327.80233     94.995     0.1331     0.4505     5.1829       6906          7  0.000e+00
      3.128   62.63750 -165.70492      3.158     5.5456     5.0858     5.5454    24.7537    25.4961  1019.5277    19.5129    311.246    305.696  327.47459     95.044     0.1319     0.4432     5.1829       6907          7  0.000e+00
      3.182   62.63750 -165.70492      3.212     5.6266     5.0809     5.6264    24.6935    25.5101  1019.4726    19.4575    310.920    305.421  326.98460     95.087     0.1331     0.4505     5.1792       6908          7  0.000e+00
      3.128   62.63750 -165.70492      3.158     5.5698     5.0906     5.5696    24.8703    25.4971  1019.6173    19.6025    311.157    305.094  327.00158     95.155     0.1331     0.4505     5.1829       6909          7  0.000e+00
      3.066   62.63750 -165.70494      3.096     5.5050     5.1590     5.5048    24.9645    25.3926  1019.6976    19.6831    311.844    304.711  327.28106     95.283     0.1331     0.4505     5.1829       6910          7  0.000e+00
      3.212   62.63750 -165.70494      3.244     5.4975     5.1774     5.4973    24.9296    25.3420  1019.6715    19.6563    312.409    304.444  327.42493     95.414     0.1319     0.4432     5.1829       6911          7  0.000e+00
      3.127   62.63750 -165.70494      3.158     5.4636     5.1366     5.4634    24.9273    25.3869  1019.6725    19.6577    312.875    304.421  327.69723     95.477     0.1331     0.4505     5.1829       6912          7  0.000e+00
      3.181   62.63750 -165.70494      3.212     5.5234     5.1043     5.5232    24.7763    25.4420  1019.5479    19.5328    312.922    304.323  327.59432     95.521     0.1319     0.4432     5.1079       6913          7  0.000e+00
      3.127   62.63750 -165.70494      3.158     5.6096     5.0738     5.6094    24.6272    25.4815  1019.4217    19.4069    312.958    304.230  327.27933     95.624     0.1331     0.4505     5.0489       6914          7  0.000e+00
      3.127   62.63750 -165.70494      3.158     5.6603     5.0975     5.6601    24.5986    25.4489  1019.3942    19.3794    312.805    303.887  326.95134     95.673     0.1416     0.5018     5.0415       6915          7  0.000e+00
      3.127   62.63750 -165.70494      3.158     5.6324     5.2175     5.6322    24.7420    25.2876  1019.5100    19.4952    313.089    303.096  326.82198     95.798     0.1575     0.5971     5.0452       6916          7  0.000e+00
      3.127   62.63750 -165.70494      3.158     5.4984     5.4622     5.4982    24.9975    24.9235  1019.7246    19.7098    314.032    301.817  327.25249     95.960     0.1624     0.6264     5.0489       6917          7  0.000e+00
      3.127   62.63750 -165.70494      3.158     5.4159     5.6356     5.4157    25.1129    24.6146  1019.8236    19.8087    314.877    300.963  327.62084     96.110     0.1612     0.6190     5.0489       6918          7  0.000e+00
      3.066   62.63750 -165.70494      3.096     5.3702     5.6269     5.3700    25.1455    24.6243  1019.8534    19.8389    315.637    300.969  327.90209     96.259     0.1612     0.6190     5.0489       6919          7  0.000e+00
      3.127   62.63750 -165.70494      3.158     5.3396     5.5992     5.3394    25.1806    24.7106  1019.8843    19.8695    316.086    300.985  328.05757     96.351     0.1600     0.6117     5.0489       6920          7  0.000e+00
      3.127   62.63750 -165.70494      3.158     5.3140     5.5787     5.3138    25.1993    24.6701  1019.9015    19.8867    316.739    301.047  328.21466     96.504     0.1612     0.6190     5.0489       6921          7  0.000e+00
      3.127   62.63750 -165.70494      3.158     5.3368     5.5928     5.3366    25.1326    24.5563  1019.8467    19.8319    317.207    301.208  328.19765     96.651     0.1612     0.6190     5.0489       6922          7  0.000e+00
      3.127   62.63750 -165.70494      3.158     5.3587     5.5100     5.3585    25.1073    24.6731  1019.8246    19.8098    317.609    301.416  328.08591     96.807     0.1612     0.6190     5.0489       6923          7  0.000e+00
      3.127   62.63750 -165.70494      3.158     5.3812     5.4351     5.3810    25.1101    24.8834  1019.8247    19.8098    317.931    301.535  327.90155     96.959     0.1600     0.6117     5.0489       6924          7  0.000e+00
      3.126   62.63750 -165.70494      3.156     6.0497     5.8091     6.0495    24.1926    24.4143  1019.0356    19.0208    344.350    331.409  324.89893    105.987     0.2344     1.0586     7.1798       7059          8  0.000e+00
