merge_samples_with_btl/SKQ202309T/ctd/skq202309t_007.ros
* Sea-Bird SBE 9 Data File:
* FileName = D:\CTD\SKQ202309T\SKQ202309T_007.hex
* Software Version Seasave V 7.26.7.121
* Temperature SN = 6177
* Conductivity SN = 0369
* Number of Bytes Per Scan = 38
* Number of Voltage Words = 3
* Number of Scans Averaged by the Deck Unit = 1
* NMEA Latitude = 64 14.62 N
* NMEA Longitude = 165 32.56 W
* NMEA UTC (Time) = Jun 12 2023  15:23:52
* NMEA baud rate = 4800
** Ship: R/V Sikuliaq
** Station Number: 007
** Station Name: 011
** Bottom Depth: 19
** Operator: Steve Dykstra
# nquan = 21
# nvalues = 784                                   
# units = specified
# name 0 = depSM: Depth [salt water, m]
# name 1 = latitude: Latitude [deg]
# name 2 = longitude: Longitude [deg]
# name 3 = prDM: Pressure, Digiquartz [db]
# name 4 = t090C: Temperature [ITS-90, deg C]
# name 5 = t190C: Temperature, 2 [ITS-90, deg C]
# name 6 = potemp090C: Potential Temperature [ITS-90, deg C]
# name 7 = sal00: Salinity, Practical [PSU]
# name 8 = sal11: Salinity, Practical, 2 [PSU]
# name 9 = density00: Density [density, kg/m^3]
# name 10 = sigma-é00: Density [sigma-theta, kg/m^3]
# name 11 = sbox0Mm/Kg: Oxygen, SBE 43 [umol/kg]
# name 12 = sbox1Mm/Kg: Oxygen, SBE 43, 2 [umol/kg]
# name 13 = oxsolMm/Kg: Oxygen Saturation, Garcia & Gordon [umol/kg]
# name 14 = sbeox0PS: Oxygen, SBE 43 [% saturation]
# name 15 = v0: Voltage 0
# name 16 = flECO-AFL: Fluorescence, WET Labs ECO-AFL/FL [mg/m^3]
# name 17 = CStarAt0: Beam Attenuation, WET Labs C-Star [1/m]
# name 18 = scan: Scan Count
# name 19 = nbf: Bottles Fired
# name 20 = flag:  0.000e+00
# interval = seconds: 0.0416667
# start_time = Jun 12 2023 15:28:02 [NMEA time, first data scan]
# bad_flag = -9.990e-29
*END*
[from data line 483]
      9.918   64.24362 -165.54252     10.016     1.6670     1.6843     1.6666    28.8916    28.9008  1023.1488    23.1011    376.857    366.508  349.43375    107.848     0.1966     0.8315     0.8715       8439         10  0.000e+00
      9.949   64.24362 -165.54252     10.047     1.6674     1.6842     1.6670    28.8924    28.9005  1023.1495    23.1017    377.260    366.521  349.42867    107.965     0.1954     0.8242     0.8715       8440         10  0.000e+00
      9.949   64.24362 -165.54252     10.047     1.6692     1.6842     1.6688    28.8936    28.9003  1023.1504    23.1025    377.018    366.527  349.40877    107.902     0.1966     0.8315     0.8715       8441         10  0.000e+00
      9.949   64.24362 -165.54252     10.047     1.6714     1.6845     1.6710    28.8916    28.9002  1023.1487    23.1008    377.018    366.525  349.39516    107.906     0.1954     0.8242     0.8715       8442         10  0.000e+00
      9.949   64.24362 -165.54252     10.047     1.6702     1.6855     1.6698    28.8896    28.8997  1023.1471    23.0993    376.823    366.513  349.41122    107.845     0.1954     0.8242     0.8715       8443         10  0.000e+00
      9.918   64.24362 -165.54252     10.016     1.6659     1.6869     1.6656    28.8913    28.9001  1023.1486    23.1009    377.233    366.461  349.44434    107.952     0.1954     0.8242     0.8715       8444         10  0.000e+00
     10.003   64.24362 -165.54252     10.102     1.6648     1.6878     1.6645    28.8947    28.9004  1023.1517    23.1036    377.492    366.442  349.44514    108.026     0.1954     0.8242     0.8715       8445         10  0.000e+00
      9.897   64.24362 -165.54252      9.994     1.6984     1.7029     1.6980    28.8861    28.8955  1023.1424    23.0948    377.402    365.315  349.16862    108.086     0.2002     0.8535     0.8663       8596         11  0.000e+00
     10.005   64.24362 -165.54252     10.104     1.6983     1.7003     1.6979    28.8864    28.8960  1023.1432    23.0951    376.792    365.544  349.16875    107.911     0.2002     0.8535     0.8663       8597         11  0.000e+00
     10.005   64.24362 -165.54252     10.104     1.6985     1.6986     1.6981    28.8861    28.8962  1023.1429    23.0948    376.761    365.341  349.16764    107.902     0.2002     0.8535     0.8663       8598         11  0.000e+00
      9.982   64.24362 -165.54252     10.080     1.6981     1.6969     1.6977    28.8863    28.8971  1023.1430    23.0950    376.737    365.528  349.17060    107.895     0.2002     0.8535     0.8663       8599         11  0.000e+00
      9.951   64.24362 -165.54252     10.049     1.6983     1.6964     1.6979    28.8865    28.8973  1023.1431    23.0952    376.710    365.338  349.16837    107.888     0.2002     0.8535     0.8663       8600         11  0.000e+00
     10.005   64.24362 -165.54252     10.104     1.6986     1.6983     1.6982    28.8866    28.8970  1023.1434    23.0952    376.922    365.288  349.16473    107.950     0.2002     0.8535     0.8663       8601         11  0.000e+00
      9.951   64.24362 -165.54252     10.049     1.6987     1.7006     1.6983    28.8871    28.8965  1023.1434    23.0956    376.705    365.256  349.16306    107.888     0.2002     0.8535     0.8663       8602         11  0.000e+00
     10.005   64.24362 -165.54252     10.104     1.6995     1.7017     1.6991    28.8868    28.8965  1023.1434    23.0953    376.919    365.242  349.15695    107.951     0.2002     0.8535     0.8663       8603         11  0.000e+00
      9.920   64.24362 -165.54252     10.018     1.7003     1.7017     1.6999    28.8870    28.8972  1023.1432    23.0954    376.698    365.208  349.14905    107.890     0.2002     0.8535     0.8663       8604         11  0.000e+00
     10.005   64.24362 -165.54252     10.104     1.7020     1.7017     1.7016    28.8860    28.8973  1023.1427    23.0946    376.717    365.184  349.13655    107.900     0.2002     0.8535     0.8663       8605         11  0.000e+00
      9.951   64.24362 -165.54252     10.049     1.7021     1.7022     1.7017    28.8851    28.8969  1023.1417    23.0938    376.945    365.151  349.13794    107.964     0.2002     0.8535     0.8663       8606         11  0.000e+00
     10.005   64.24362 -165.54252     10.104     1.7007     1.7026     1.7003    28.8857    28.8970  1023.1425    23.0944    376.763    365.123  349.14860    107.909     0.2002     0.8535     0.8663       8607         11  0.000e+00
      9.951   64.24362 -165.54252     10.049     1.6998     1.7026     1.6994    28.8860    28.8971  1023.1425    23.0947    377.004    365.096  349.15609    107.976     0.2015     0.8608     0.8663       8608         11  0.000e+00
      9.982   64.24362 -165.54252     10.080     1.6986     1.7028     1.6982    28.8864    28.8962  1023.1430    23.0950    376.590    365.074  349.16542    107.854     0.2002     0.8535     0.8650       8609         11  0.000e+00
     10.005   64.24362 -165.54252     10.104     1.6987     1.7024     1.6983    28.8861    28.8959  1023.1429    23.0948    377.026    365.058  349.16571    107.979     0.2002     0.8535     0.8612       8610         11  0.000e+00
      9.951   64.24362 -165.54252     10.049     1.6986     1.7013     1.6982    28.8868    28.8968  1023.1432    23.0953    376.602    365.252  349.16434    107.858     0.2002     0.8535     0.8612       8611         11  0.000e+00
     10.005   64.24362 -165.54252     10.104     1.6992     1.7003     1.6988    28.8863    28.8969  1023.1430    23.0949    376.340    365.060  349.16078    107.784     0.2002     0.8535     0.8612       8612         11  0.000e+00
      9.951   64.24362 -165.54252     10.049     1.6992     1.6999     1.6988    28.8865    28.8969  1023.1430    23.0951    376.745    365.068  349.16009    107.900     0.1917     0.8022     0.8624       8613         11  0.000e+00
     10.005   64.24362 -165.54252     10.104     1.6997     1.6998     1.6993    28.8868    28.8970  1023.1434    23.0953    376.531    365.081  349.15456    107.841     0.1868     0.7729     0.8612       8614         11  0.000e+00
      9.982   64.24362 -165.54252     10.080     1.7004     1.7005     1.7000    28.8861    28.8967  1023.1427    23.0947    377.021    365.083  349.15003    107.982     0.1844     0.7582     0.8612       8615         11  0.000e+00
      9.951   64.24362 -165.54252     10.049     1.7003     1.7007     1.6999    28.8862    28.8971  1023.1427    23.0948    376.583    365.064  349.15116    107.857     0.1856     0.7656     0.8612       8616         11  0.000e+00
     10.005   64.24362 -165.54252     10.104     1.7001     1.7010     1.6997    28.8862    28.8973  1023.1430    23.0948    376.775    365.077  349.15306    107.911     0.1856     0.7656     0.8612       8617         11  0.000e+00
      9.951   64.24362 -165.54252     10.049     1.7004     1.7015     1.7000    28.8858    28.8969  1023.1423    23.0944    376.765    365.086  349.15092    107.909     0.1856     0.7656     0.8612       8618         11  0.000e+00
      9.951   64.24362 -165.54252     10.049     1.7004     1.7018     1.7000    28.8860    28.8969  1023.1425    23.0947    376.569    365.101  349.15065    107.853     0.1856     0.7656     0.8612       8619         11  0.000e+00
      9.982   64.24362 -165.54252     10.080     1.7004     1.7018     1.7000    28.8862    28.8967  1023.1428    23.0948    377.040    365.124  349.14972    107.988     0.1856     0.7656     0.8612       8620         11  0.000e+00
     10.005   64.24362 -165.54252     10.104     1.7001     1.7021     1.6997    28.8860    28.8965  1023.1428    23.0947    376.661    365.145  349.15311    107.879     0.1856     0.7656     0.8612       8621         11  0.000e+00
     10.005   64.24362 -165.54252     10.104     1.6997     1.7024     1.6993    28.8860    28.8966  1023.1428    23.0947    376.868    365.166  349.15662    107.937     0.1856     0.7656     0.8612       8622         11  0.000e+00
      9.951   64.24362 -165.54252     10.049     1.6987     1.7026     1.6983    28.8867    28.8965  1023.1431    23.0953    376.885    365.188  349.16409    107.939     0.1856     0.7656     0.8612       8623         11  0.000e+00
     10.005   64.24362 -165.54252     10.104     1.6986     1.7026     1.6982    28.8866    28.8965  1023.1433    23.0952    376.667    365.219  349.16539    107.876     0.1856     0.7656     0.8612       8624         11  0.000e+00
      9.982   64.24362 -165.54252     10.080     1.6993     1.7027     1.6989    28.8866    28.8964  1023.1432    23.0951    376.633    365.222  349.15901    107.869     0.1856     0.7656     0.8612       8625         11  0.000e+00
      9.951   64.24362 -165.54252     10.049     1.7004     1.7027     1.7000    28.8866    28.8966  1023.1430    23.0951    377.147    365.224  349.14875    108.019     0.1868     0.7729     0.8612       8626         11  0.000e+00
      9.951   64.24362 -165.54252     10.049     1.7008     1.7030     1.7004    28.8858    28.8962  1023.1423    23.0944    376.739    365.228  349.14752    107.902     0.1856     0.7656     0.8612       8627         11  0.000e+00
     10.005   64.24362 -165.54252     10.104     1.7003     1.7027     1.6999    28.8849    28.8962  1023.1419    23.0938    376.735    365.242  349.15463    107.899     0.1856     0.7656     0.8612       8628         11  0.000e+00
      9.951   64.24362 -165.54252     10.049     1.6981     1.7027     1.6977    28.8852    28.8959  1023.1420    23.0941    377.212    365.275  349.17355    108.030     0.1856     0.7656     0.8612       8629         11  0.000e+00
      9.982   64.24362 -165.54252     10.081     1.6961     1.7027     1.6957    28.8864    28.8960  1023.1432    23.0952    377.024    365.287  349.18788    107.972     0.1868     0.7729     0.8637       8630         11  0.000e+00
     10.005   64.24362 -165.54252     10.104     1.6956     1.7027     1.6952    28.8869    28.8959  1023.1437    23.0956    376.823    365.301  349.19089    107.913     0.1856     0.7656     0.8650       8631         11  0.000e+00
      9.951   64.24362 -165.54252     10.049     1.6952     1.7024     1.6948    28.8868    28.8967  1023.1434    23.0955    377.285    365.311  349.19509    108.044     0.1856     0.7656     0.8650       8632         11  0.000e+00
     10.005   64.24362 -165.54252     10.104     1.6950     1.7021     1.6946    28.8870    28.8965  1023.1439    23.0958    376.893    365.332  349.19637    107.931     0.1868     0.7729     0.8650       8633         11  0.000e+00
      9.951   64.24362 -165.54252     10.049     1.6955     1.7011     1.6951    28.8870    28.8968  1023.1436    23.0957    376.880    365.353  349.19208    107.929     0.1856     0.7656     0.8650       8634         11  0.000e+00
      9.982   64.24362 -165.54252     10.081     1.6952     1.6997     1.6948    28.8869    28.8973  1023.1436    23.0956    377.310    365.594  349.19482    108.051     0.1868     0.7729     0.8650       8635         11  0.000e+00
     10.005   64.24362 -165.54252     10.104     1.6955     1.6990     1.6951    28.8871    28.8970  1023.1439    23.0958    377.108    365.435  349.19185    107.994     0.1856     0.7656     0.8650       8636         11  0.000e+00
      9.951   64.24362 -165.54252     10.049     1.6968     1.7003     1.6964    28.8868    28.8962  1023.1433    23.0954    376.852    365.438  349.18045    107.925     0.1868     0.7729     0.8650       8637         11  0.000e+00
     10.005   64.24362 -165.54252     10.104     1.6984     1.7012     1.6980    28.8868    28.8963  1023.1435    23.0954    376.602    365.450  349.16670    107.857     0.1856     0.7656     0.8650       8638         11  0.000e+00
      9.951   64.24362 -165.54252     10.049     1.6989     1.7009     1.6985    28.8868    28.8973  1023.1432    23.0954    376.517    365.675  349.16231    107.834     0.1844     0.7582     0.8650       8639         11  0.000e+00
      9.982   64.24362 -165.54252     10.081     1.6990     1.7008     1.6986    28.8866    28.8966  1023.1432    23.0952    376.953    365.724  349.16185    107.959     0.1832     0.7509     0.8650       8640         11  0.000e+00
      9.951   64.24362 -165.54252     10.049     1.6990     1.7004     1.6986    28.8866    28.8967  1023.1431    23.0952    376.957    365.562  349.16135    107.961     0.1832     0.7509     0.8650       8641         11  0.000e+00
      9.951   64.24362 -165.54252     10.049     1.6995     1.7004     1.6991    28.8863    28.8971  1023.1428    23.0949    376.766    365.555  349.15776    107.907     0.1844     0.7582     0.8650       8642         11  0.000e+00
     10.005   64.24362 -165.54252     10.104     1.7001     1.7005     1.6997    28.8865    28.8972  1023.1432    23.0950    376.540    365.759  349.15244    107.844     0.1832     0.7509     0.8650       8643         11  0.000e+00
     10.005   64.24362 -165.54252     10.104     1.6999     1.7006     1.6996    28.8860    28.8973  1023.1428    23.0946    376.479    365.776  349.15469    107.826     0.1844     0.7582     0.8650       8644         11  0.000e+00
      9.922   64.24362 -165.54252     10.020     1.7363     1.7243     1.7359    28.8777    28.8911  1023.1336    23.0859    375.256    365.663  348.85217    107.569     0.1807     0.7362     0.8535       8837         12  0.000e+00
      9.953   64.24362 -165.54252     10.051     1.7371     1.7246     1.7367    28.8774    28.8917  1023.1334    23.0856    376.223    365.462  348.84624    107.848     0.1819     0.7436     0.8535       8838         12  0.000e+00
      9.953   64.24362 -165.54252     10.052     1.7366     1.7257     1.7362    28.8774    28.8920  1023.1335    23.0856    376.466    365.435  348.85111    107.916     0.1807     0.7362     0.8535       8839         12  0.000e+00
     10.007   64.24362 -165.54252     10.106     1.7362     1.7268     1.7358    28.8767    28.8919  1023.1332    23.0851    376.476    365.411  348.85633    107.917     0.1819     0.7436     0.8535       8840         12  0.000e+00
      9.953   64.24362 -165.54252     10.052     1.7351     1.7280     1.7347    28.8769    28.8911  1023.1332    23.0853    376.526    365.380  348.86558    107.929     0.1807     0.7362     0.8535       8841         12  0.000e+00
      9.922   64.24362 -165.54252     10.020     1.7337     1.7290     1.7333    28.8770    28.8903  1023.1332    23.0855    376.540    365.353  348.87781    107.929     0.1807     0.7362     0.8535       8842         12  0.000e+00
     10.007   64.24362 -165.54252     10.106     1.7322     1.7305     1.7318    28.8776    28.8898  1023.1342    23.0861    375.856    365.296  348.88941    107.729     0.1770     0.7143     0.8535       8843         12  0.000e+00
      9.953   64.24362 -165.54252     10.052     1.7315     1.7319     1.7311    28.8776    28.8895  1023.1339    23.0861    376.486    365.232  348.89543    107.908     0.1758     0.7069     0.8535       8844         12  0.000e+00
      9.953   64.24362 -165.54252     10.052     1.7315     1.7319     1.7311    28.8782    28.8893  1023.1344    23.0865    377.076    365.209  348.89379    108.078     0.1734     0.6923     0.8522       8845         12  0.000e+00
      9.953   64.24362 -165.54252     10.052     1.7314     1.7314     1.7310    28.8782    28.8896  1023.1344    23.0866    376.498    364.981  348.89526    107.912     0.1746     0.6996     0.8535       8846         12  0.000e+00
      9.984   64.24362 -165.54252     10.083     1.7308     1.7314     1.7304    28.8782    28.8892  1023.1346    23.0866    376.003    364.934  348.90052    107.768     0.1758     0.7069     0.8535       8847         12  0.000e+00
      9.953   64.24362 -165.54252     10.052     1.7287     1.7312     1.7283    28.8779    28.8893  1023.1343    23.0865    376.148    365.092  348.91997    107.803     0.1746     0.6996     0.8535       8848         12  0.000e+00
