merge_samples_with_btl/SKQ202309T/ctd/skq202309t_001.cnv
* Sea-Bird SBE 9 Data File:
* FileName = D:\CTD\SKQ202309T\SKQ202309T_001.hex
* Software Version Seasave V 7.26.7.121
* Temperature SN = 6177
* Conductivity SN = 0369
* Number of Bytes Per Scan = 38
* Number of Voltage Words = 3
* Number of Scans Averaged by the Deck Unit = 1
* NMEA Latitude = 59 50.67 N
* NMEA Longitude = 149 28.05 W
* NMEA UTC (Time) = Jun 06 2023  18:49:21
* NMEA baud rate = 4800
** Ship: R/V Sikuliaq
** Station Number: 001
** Station Name: GAK1
** Bottom Depth: 272
** Operator: AP
# nquan = 24
# nvalues = 15748                                 
# units = specified
# name 0 = depSM: Depth [salt water, m]
# name 1 = latitude: Latitude [deg]
# name 2 = longitude: Longitude [deg]
# name 3 = prDM: Pressure, Digiquartz [db]
# name 4 = t090C: Temperature [ITS-90, deg C]
# name 5 = t190C: Temperature, 2 [ITS-90, deg C]
# name 6 = potemp090C: Potential Temperature [ITS-90, deg C]
# name 7 = sal00: Salinity, Practical [PSU]
# name 8 = sal11: Salinity, Practical, 2 [PSU]
# name 9 = density00: Density [density, kg/m^3]
# name 10 = sigma-é00: Density [sigma-theta, kg/m^3]
# name 11 = sbox0Mm/Kg: Oxygen, SBE 43 [umol/kg]
# name 12 = sbox1Mm/Kg: Oxygen, SBE 43, 2 [umol/kg]
# name 13 = oxsolMm/Kg: Oxygen Saturation, Garcia & Gordon [umol/kg]
# name 14 = sbeox0PS: Oxygen, SBE 43 [% saturation]
# name 15 = sbeox1PS: Oxygen, SBE 43, 2 [% saturation]
# name 16 = v0: Voltage 0
# name 17 = flECO-AFL: Fluorescence, WET Labs ECO-AFL/FL [mg/m^3]
# name 18 = v1: Voltage 1
# name 19 = CStarAt0: Beam Attenuation, WET Labs C-Star [1/m]
# name 20 = par: PAR/Irradiance, Biospherical/Licor
# name 21 = scan: Scan Count
# name 22 = timeM: Time, Elapsed [minutes]
# name 23 = flag:  0.000e+00
# span 0 =      0.794,    259.781                 
# span 1 =   59.84412,   59.84444                 
# span 2 = -149.46844, -149.46794                 
# span 3 =      0.802,    262.417                 
# span 4 =     4.8622,     8.6935                 
# span 5 =     4.8621,     8.6922                 
# span 6 =     4.8564,     8.6934                 
# span 7 =    29.9272,    33.1993                 
# span 8 =    29.9446,    33.2094                 
# span 9 =  1023.1990,  1027.3487                 
# span 10 =    23.1943,    26.1420                
# span 11 =    132.179,    352.719                
# span 12 =    126.548,    344.122                
# span 13 =  293.10583,  316.39090                
# span 14 =     43.352,    120.096                
# span 15 =     41.507,    117.149                
# span 16 =     0.0574,     0.6947                
# span 17 =    -0.0037,     3.8205                
# span 18 =     3.4371,     4.6569                
# span 19 =     0.0473,     1.2625                
# span 20 = 1.0000e-12, 5.1887e+02                
# span 21 =          1,      15748                
# span 22 =     0.0000,    10.9354                
# span 23 = 0.0000e+00, 0.0000e+00                
# interval = seconds: 0.0416667
# start_time = Jun 06 2023 18:55:03 [NMEA time, first data scan]
# bad_flag = -9.990e-29
*END*
[from data line 11653]
    226.281   59.84434 -149.46808    228.559     5.7795     5.7781     5.7610    32.9918    33.0031  1027.0482    25.9951    177.517    172.507  306.34395     57.947     56.314     0.0623     0.0256     4.5214     0.1654 8.4714e-06      11654     8.0924  0.000e+00
    226.281   59.84434 -149.46808    228.559     5.7792     5.7782     5.7607    32.9924    33.0027  1027.0487    25.9956    177.091    172.658  306.34494     57.808     56.364     0.0611     0.0183     4.5214     0.1654 8.4714e-06      11655     8.0931  0.000e+00
    226.281   59.84434 -149.46808    228.559     5.7788     5.7781     5.7602    32.9925    33.0023  1027.0488    25.9957    177.254    172.463  306.34802     57.860     56.300     0.0623     0.0256     4.5214     0.1654 8.4714e-06      11656     8.0938  0.000e+00
    226.297   59.84434 -149.46808    228.574     5.7784     5.7779     5.7598    32.9928    33.0020  1027.0492    25.9960    177.216    172.434  306.34990     57.848     56.290     0.0611     0.0183     4.5214     0.1654 8.4714e-06      11657     8.0944  0.000e+00
    226.281   59.84434 -149.46808    228.559     5.7782     5.7780     5.7596    32.9927    33.0017  1027.0491    25.9960    177.214    172.405  306.35185     57.846     56.280     0.0623     0.0256     4.5214     0.1654 8.4714e-06      11658     8.0951  0.000e+00
    226.281   59.84434 -149.46808    228.559     5.7778     5.7781     5.7592    32.9931    33.0014  1027.0495    25.9963    177.184    172.378  306.35354     57.837     56.272     0.0611     0.0183     4.5214     0.1654 8.4714e-06      11659     8.0958  0.000e+00
    226.281   59.84434 -149.46808    228.559     5.7784     5.7775     5.7598    32.9931    33.0021  1027.0494    25.9962    177.155    172.375  306.34917     57.828     56.270     0.0623     0.0256     4.5226     0.1644 8.4714e-06      11660     8.0965  0.000e+00
    226.281   59.84434 -149.46808    228.559     5.7786     5.7776     5.7600    32.9925    33.0016  1027.0489    25.9958    177.132    172.373  306.34929     57.820     56.269     0.0611     0.0183     4.5214     0.1654 8.4714e-06      11661     8.0972  0.000e+00
    226.297   59.84434 -149.46808    228.574     5.7791     5.7775     5.7605    32.9924    33.0013  1027.0488    25.9956    177.112    172.374  306.34589     57.814     56.269     0.0623     0.0256     4.5214     0.1654 8.4714e-06      11662     8.0979  0.000e+00
    226.281   59.84434 -149.46808    228.559     5.7795     5.7773     5.7610    32.9917    33.0009  1027.0482    25.9950    176.656    172.378  306.34421     57.666     56.270     0.0611     0.0183     4.5214     0.1654 8.4714e-06      11663     8.0986  0.000e+00
    226.335   59.84434 -149.46808    228.613     5.7794     5.7776     5.7609    32.9920    33.0005  1027.0486    25.9952    176.790    172.362  306.34434     57.710     56.265     0.0623     0.0256     4.5214     0.1654 8.4714e-06      11664     8.0993  0.000e+00
    226.281   59.84434 -149.46808    228.559     5.7794     5.7774     5.7608    32.9925    33.0005  1027.0488    25.9956    176.785    172.165  306.34356     57.708     56.201     0.0611     0.0183     4.5214     0.1654 1.0000e-12      11665     8.1000  0.000e+00
    226.351   59.84434 -149.46808    228.629     5.7795     5.7770     5.7610    32.9925    33.0006  1027.0491    25.9956    176.788    172.137  306.34243     57.709     56.191     0.0611     0.0183     4.5214     0.1654 8.4714e-06      11666     8.1007  0.000e+00
    226.281   59.84434 -149.46808    228.559     5.7797     5.7767     5.7611    32.9928    33.0012  1027.0490    25.9958    176.763    172.107  306.34071     57.701     56.181     0.0611     0.0183     4.5214     0.1654 8.4714e-06      11667     8.1014  0.000e+00
    226.335   59.84434 -149.46808    228.613     5.7797     5.7768     5.7611    32.9926    33.0014  1027.0491    25.9957    176.747    172.081  306.34104     57.696     56.173     0.0611     0.0183     4.5214     0.1654 8.4714e-06      11668     8.1021  0.000e+00
    226.281   59.84434 -149.46808    228.559     5.7798     5.7774     5.7612    32.9922    33.0015  1027.0485    25.9953    176.733    172.054  306.34169     57.691     56.165     0.0611     0.0183     4.5226     0.1644 1.0000e-12      11669     8.1028  0.000e+00
    226.351   59.84434 -149.46808    228.629     5.7797     5.7777     5.7611    32.9916    33.0018  1027.0483    25.9949    176.728    172.053  306.34344     57.690     56.165     0.0611     0.0183     4.5263     0.1611 8.4714e-06      11670     8.1035  0.000e+00
    226.335   59.84434 -149.46808    228.613     5.7786     5.7781     5.7600    32.9917    33.0013  1027.0485    25.9951    176.526    172.054  306.35121     57.622     56.166     0.0611     0.0183     4.5275     0.1600 8.4714e-06      11671     8.1042  0.000e+00
    226.281   59.84434 -149.46808    228.559     5.7771     5.7777     5.7586    32.9920    33.0009  1027.0487    25.9955    176.505    171.857  306.36090     57.613     56.101     0.0611     0.0183     4.5275     0.1600 8.4714e-06      11672     8.1049  0.000e+00
    226.336   59.84434 -149.46808    228.613     5.7747     5.7770     5.7562    32.9916    32.9999  1027.0489    25.9955    176.498    171.831  306.37908     57.608     56.091     0.0611     0.0183     4.5275     0.1600 8.4714e-06      11673     8.1056  0.000e+00
    226.351   59.84434 -149.46810    228.629     5.7735     5.7760     5.7549    32.9894    32.9984  1027.0475    25.9939    176.492    171.810  306.39270     57.603     56.082     0.0611     0.0183     4.5275     0.1600 8.4714e-06      11674     8.1062  0.000e+00
    226.336   59.84434 -149.46810    228.613     5.7742     5.7755     5.7557    32.9859    32.9971  1027.0445    25.9911    176.893    171.789  306.39558     57.734     56.074     0.0623     0.0256     4.5275     0.1600 8.4714e-06      11675     8.1069  0.000e+00
    226.336   59.84434 -149.46810    228.613     5.7743     5.7744     5.7557    32.9835    32.9967  1027.0426    25.9892    176.342    171.773  306.40063     57.553     56.067     0.0611     0.0183     4.5275     0.1600 1.0000e-12      11676     8.1076  0.000e+00
    226.397   59.84434 -149.46810    228.676     5.7738     5.7734     5.7552    32.9818    32.9957  1027.0416    25.9879    176.321    171.762  306.40784     57.545     56.062     0.0623     0.0256     4.5275     0.1600 8.4714e-06      11677     8.1083  0.000e+00
    226.281   59.84434 -149.46810    228.559     5.7728     5.7723     5.7543    32.9815    32.9961  1027.0409    25.9877    176.304    171.749  306.41554     57.538     56.056     0.0611     0.0183     4.5275     0.1600 1.0000e-12      11678     8.1090  0.000e+00
    226.413   59.84434 -149.46810    228.692     5.7714     5.7725     5.7528    32.9831    32.9949  1027.0430    25.9892    176.300    171.741  306.42209     57.535     56.053     0.0623     0.0256     4.5275     0.1600 1.0000e-12      11679     8.1097  0.000e+00
    226.336   59.84434 -149.46810    228.613     5.7711     5.7723     5.7525    32.9848    32.9944  1027.0440    25.9906    176.294    171.549  306.42052     57.533     55.990     0.0611     0.0183     4.5275     0.1600 8.4714e-06      11680     8.1104  0.000e+00
    226.397   59.84434 -149.46810    228.676     5.7709     5.7717     5.7524    32.9857    32.9941  1027.0450    25.9913    176.299    171.530  306.41967     57.535     55.983     0.0623     0.0256     4.5275     0.1600 8.4714e-06      11681     8.1111  0.000e+00
    226.336   59.84434 -149.46810    228.613     5.7707     5.7711     5.7521    32.9861    32.9943  1027.0451    25.9917    176.309    171.511  306.42043     57.538     55.976     0.0611     0.0183     4.5275     0.1600 8.4714e-06      11682     8.1118  0.000e+00
    226.413   59.84434 -149.46810    228.692     5.7707     5.7712     5.7522    32.9873    32.9939  1027.0464    25.9926    176.297    171.314  306.41743     57.535     55.912     0.0623     0.0256     4.5275     0.1600 8.4714e-06      11683     8.1125  0.000e+00
    226.397   59.84434 -149.46810    228.676     5.7720     5.7701     5.7534    32.9874    32.9935  1027.0463    25.9925    176.316    171.288  306.40797     57.543     55.902     0.0611     0.0183     4.5275     0.1600 8.4714e-06      11684     8.1132  0.000e+00
    226.397   59.84434 -149.46810    228.676     5.7724     5.7690     5.7538    32.9877    32.9932  1027.0465    25.9927    176.315    171.268  306.40470     57.543     55.894     0.0611     0.0183     4.5275     0.1600 8.4714e-06      11685     8.1139  0.000e+00
    226.397   59.84434 -149.46810    228.676     5.7722     5.7687     5.7537    32.9882    32.9930  1027.0469    25.9931    176.323    171.249  306.40466     57.546     55.887     0.0611     0.0183     4.5275     0.1600 8.4714e-06      11686     8.1146  0.000e+00
    226.413   59.84434 -149.46810    228.692     5.7727     5.7690     5.7541    32.9883    32.9930  1027.0470    25.9932    176.303    171.233  306.40107     57.540     55.882     0.0611     0.0183     4.5275     0.1600 1.0000e-12      11687     8.1153  0.000e+00
    226.452   59.84434 -149.46810    228.731     5.7727     5.7690     5.7541    32.9882    32.9949  1027.0471    25.9931    176.119    171.200  306.40138     57.480     55.872     0.0611     0.0183     4.5275     0.1600 1.0000e-12      11688     8.1160  0.000e+00
    226.397   59.84434 -149.46810    228.676     5.7731     5.7700     5.7545    32.9885    32.9969  1027.0469    25.9932    176.112    171.186  306.39787     57.478     55.870     0.0623     0.0256     4.5275     0.1600 8.4714e-06      11689     8.1167  0.000e+00
    226.397   59.84434 -149.46810    228.676     5.7724     5.7712     5.7538    32.9902    32.9984  1027.0484    25.9946    176.022    170.993  306.39913     57.449     55.809     0.0611     0.0183     4.5263     0.1611 8.4714e-06      11690     8.1174  0.000e+00
    226.467   59.84434 -149.46810    228.746     5.7722     5.7725     5.7536    32.9920    33.0005  1027.0501    25.9961    175.998    171.154  306.39616     57.441     55.864     0.0611     0.0183     4.5263     0.1611 8.4714e-06      11691     8.1181  0.000e+00
    226.452   59.84434 -149.46810    228.731     5.7724     5.7736     5.7538    32.9942    33.0020  1027.0518    25.9978    176.008    171.156  306.39008     57.446     55.867     0.0598     0.0110     4.5263     0.1611 8.4714e-06      11692     8.1188  0.000e+00
    226.452   59.84434 -149.46810    228.731     5.7741     5.7750     5.7555    32.9942    33.0007  1027.0516    25.9977    175.786    170.962  306.37739     57.376     55.805     0.0611     0.0183     4.5263     0.1611 8.4714e-06      11693     8.1194  0.000e+00
    226.452   59.84434 -149.46810    228.731     5.7767     5.7755     5.7581    32.9938    32.9987  1027.0509    25.9970    175.742    170.941  306.36011     57.365     55.798     0.0598     0.0110     4.5263     0.1611 8.4714e-06      11694     8.1201  0.000e+00
    226.514   59.84434 -149.46810    228.793     5.7777     5.7744     5.7591    32.9941    32.9977  1027.0513    25.9971    175.949    170.932  306.35201     57.433     55.793     0.0598     0.0110     4.5263     0.1611 8.4714e-06      11695     8.1208  0.000e+00
    226.521   59.84434 -149.46810    228.801     5.7786     5.7736     5.7600    32.9943    32.9973  1027.0514    25.9972    175.957    170.924  306.34532     57.438     55.789     0.0611     0.0183     4.5263     0.1611 8.4714e-06      11696     8.1215  0.000e+00
    226.514   59.84434 -149.46810    228.793     5.7792     5.7729     5.7606    32.9943    32.9977  1027.0513    25.9971    175.769    170.920  306.34060     57.377     55.787     0.0598     0.0110     4.5263     0.1611 8.4714e-06      11697     8.1222  0.000e+00
    226.514   59.84434 -149.46810    228.793     5.7795     5.7723     5.7610    32.9948    32.9977  1027.0517    25.9974    175.763    170.921  306.33722     57.376     55.787     0.0611     0.0183     4.5263     0.1611 8.4714e-06      11698     8.1229  0.000e+00
    226.514   59.84434 -149.46810    228.793     5.7799     5.7720     5.7613    32.9951    32.9966  1027.0519    25.9977    175.765    170.927  306.33429     57.377     55.788     0.0611     0.0183     4.5263     0.1611 8.4714e-06      11699     8.1236  0.000e+00
    226.521   59.84434 -149.46810    228.801     5.7801     5.7714     5.7615    32.9952    32.9961  1027.0520    25.9977    175.776    170.756  306.33257     57.381     55.731     0.0611     0.0183     4.5263     0.1611 1.0000e-12      11700     8.1243  0.000e+00
    226.568   59.84434 -149.46810    228.848     5.7802     5.7714     5.7616    32.9954    32.9959  1027.0523    25.9979    175.560    170.751  306.33098     57.310     55.729     0.0598     0.0110     4.5263     0.1611 8.4714e-06      11701     8.1250  0.000e+00
    226.568   59.84434 -149.46810    228.848     5.7804     5.7718     5.7618    32.9953    32.9962  1027.0522    25.9977    175.555    170.728  306.33022     57.309     55.723     0.0611     0.0183     4.5263     0.1611 8.4714e-06      11702     8.1257  0.000e+00
    226.568   59.84434 -149.46810    228.848     5.7804     5.7723     5.7618    32.9955    32.9971  1027.0524    25.9979    175.968    170.710  306.32978     57.444     55.718     0.0598     0.0110     4.5263     0.1611 1.0000e-12      11703     8.1264  0.000e+00
    226.583   59.84434 -149.46810    228.864     5.7804     5.7728     5.7618    32.9959    32.9981  1027.0527    25.9982    175.773    170.533  306.32891     57.380     55.661     0.0611     0.0183     4.5263     0.1611 8.4714e-06      11704     8.1271  0.000e+00
    226.630   59.84434 -149.46810    228.911     5.7805     5.7734     5.7619    32.9959    32.9992  1027.0530    25.9982    175.381    170.506  306.32767     57.253     55.653     0.0598     0.0110     4.5263     0.1611 8.4714e-06      11705     8.1278  0.000e+00
    226.568   59.84434 -149.46810    228.848     5.7805     5.7744     5.7619    32.9961    33.0000  1027.0528    25.9983    175.546    170.665  306.32734     57.307     55.707     0.0611     0.0183     4.5263     0.1611 8.4714e-06      11706     8.1285  0.000e+00
    226.684   59.84434 -149.46810    228.965     5.7807     5.7755     5.7621    32.9957    33.0011  1027.0530    25.9980    175.753    170.485  306.32663     57.374     55.650     0.0598     0.0110     4.5263     0.1611 8.4714e-06      11707     8.1292  0.000e+00
    226.630   59.84434 -149.46810    228.911     5.7807     5.7768     5.7621    32.9960    33.0019  1027.0530    25.9983    175.179    170.469  306.32638     57.187     55.647     0.0598     0.0110     4.5263     0.1611 8.4714e-06      11708     8.1299  0.000e+00
    226.637   59.84434 -149.46810    228.919     5.7805     5.7780     5.7619    32.9959    33.0029  1027.0530    25.9982    175.544    170.461  306.32777     57.306     55.646     0.0598     0.0110     4.5263     0.1611 8.4714e-06      11709     8.1306  0.000e+00
    226.684   59.84434 -149.46810    228.965     5.7808     5.7789     5.7622    32.9958    33.0036  1027.0531    25.9981    175.365    170.462  306.32577     57.248     55.648     0.0611     0.0183     4.5189     0.1676 1.0000e-12      11710     8.1312  0.000e+00
    226.746   59.84434 -149.46810    229.028     5.7808     5.7796     5.7622    32.9958    33.0040  1027.0533    25.9980    175.574    170.469  306.32584     57.316     55.651     0.0598     0.0110     4.5140     0.1719 8.4714e-06      11711     8.1319  0.000e+00
    226.684   59.84434 -149.46810    228.965     5.7807     5.7798     5.7621    32.9960    33.0048  1027.0532    25.9982    175.348    170.482  306.32610     57.242     55.656     0.0598     0.0110     4.5140     0.1719 8.4714e-06      11712     8.1326  0.000e+00
    226.699   59.84434 -149.46810    228.981     5.7810     5.7798     5.7624    32.9959    33.0058  1027.0533    25.9982    175.537    170.502  306.32432     57.304     55.663     0.0598     0.0110     4.5140     0.1719 8.4714e-06      11713     8.1333  0.000e+00
