merge_samples_with_btl/SKQ202309T/ctd/skq202309t_007.ros
* Sea-Bird SBE 9 Data File:
* FileName = D:\CTD\SKQ202309T\SKQ202309T_007.hex
* Software Version Seasave V 7.26.7.121
* Temperature SN = 6177
* Conductivity SN = 0369
* Number of Bytes Per Scan = 38
* Number of Voltage Words = 3
* Number of Scans Averaged by the Deck Unit = 1
* NMEA Latitude = 64 14.62 N
* NMEA Longitude = 165 32.56 W
* NMEA UTC (Time) = Jun 12 2023  15:23:52
* NMEA baud rate = 4800
** Ship: R/V Sikuliaq
** Station Number: 007
** Station Name: 011
** Bottom Depth: 19
** Operator: Steve Dykstra
# nquan = 21
# nvalues = 784                                   
# units = specified
# name 0 = depSM: Depth [salt water, m]
# name 1 = latitude: Latitude [deg]
# name 2 = longitude: Longitude [deg]
# name 3 = prDM: Pressure, Digiquartz [db]
# name 4 = t090C: Temperature [ITS-90, deg C]
# name 5 = t190C: Temperature, 2 [ITS-90, deg C]
# name 6 = potemp090C: Potential Temperature [ITS-90, deg C]
# name 7 = sal00: Salinity, Practical [PSU]
# name 8 = sal11: Salinity, Practical, 2 [PSU]
# name 9 = density00: Density [density, kg/m^3]
# name 10 = sigma-é00: Density [sigma-theta, kg/m^3]
# name 11 = sbox0Mm/Kg: Oxygen, SBE 43 [umol/kg]
# name 12 = sbox1Mm/Kg: Oxygen, SBE 43, 2 [umol/kg]
# name 13 = oxsolMm/Kg: Oxygen Saturation, Garcia & Gordon [umol/kg]
# name 14 = sbeox0PS: Oxygen, SBE 43 [% saturation]
# name 15 = v0: Voltage 0
# name 16 = flECO-AFL: Fluorescence, WET Labs ECO-AFL/FL [mg/m^3]
# name 17 = CStarAt0: Beam Attenuation, WET Labs C-Star [1/m]
# name 18 = scan: Scan Count
# name 19 = nbf: Bottles Fired
# name 20 = flag:  0.000e+00
# interval = seconds: 0.0416667
# start_time = Jun 12 2023 15:28:02 [NMEA time, first data scan]
# bad_flag = -9.990e-29
*END*
     13.764   64.24364 -165.54254     13.900     1.5934     1.5945     1.5928    28.9078    28.9188  1023.1845    23.1182    382.371    372.183  350.05003    109.233     0.2466     1.1319     1.0065       4121          1  0.000e+00
     13.841   64.24364 -165.54254     13.978     1.5928     1.5945     1.5923    28.9080    28.9188  1023.1850    23.1184    382.379    372.232  350.05441    109.234     0.2454     1.1245     0.9985       4122          1  0.000e+00
     13.872   64.24364 -165.54254     14.009     1.5933     1.5945     1.5928    28.9084    28.9187  1023.1855    23.1187    382.336    372.252  350.04887    109.224     0.2466     1.1319     0.9812       4123          1  0.000e+00
     13.818   64.24364 -165.54254     13.955     1.5938     1.5945     1.5933    28.9081    28.9187  1023.1849    23.1184    382.335    372.297  350.04539    109.224     0.2454     1.1245     0.9773       4124          1  0.000e+00
     13.903   64.24364 -165.54254     14.040     1.5939     1.5942     1.5934    28.9079    28.9192  1023.1852    23.1183    382.585    372.326  350.04479    109.296     0.2466     1.1319     0.9773       4125          1  0.000e+00
     13.818   64.24364 -165.54254     13.955     1.5941     1.5939     1.5936    28.9078    28.9191  1023.1847    23.1182    382.399    372.349  350.04371    109.243     0.2454     1.1245     0.9786       4126          1  0.000e+00
     13.818   64.24364 -165.54254     13.955     1.5943     1.5936     1.5938    28.9078    28.9187  1023.1847    23.1181    381.671    372.377  350.04177    109.036     0.2466     1.1319     0.9786       4127          1  0.000e+00
     13.872   64.24364 -165.54254     14.009     1.5943     1.5934     1.5937    28.9080    28.9188  1023.1851    23.1183    382.245    372.381  350.04158    109.200     0.2466     1.1319     0.9786       4128          1  0.000e+00
     13.841   64.24364 -165.54254     13.978     1.5943     1.5933     1.5937    28.9083    28.9191  1023.1852    23.1186    382.233    372.379  350.04071    109.197     0.2466     1.1319     0.9786       4129          1  0.000e+00
     13.818   64.24364 -165.54254     13.955     1.5945     1.5931     1.5940    28.9083    28.9194  1023.1851    23.1186    382.222    372.378  350.03827    109.194     0.2466     1.1319     0.9786       4130          1  0.000e+00
     13.818   64.24364 -165.54254     13.955     1.5946     1.5931     1.5941    28.9081    28.9194  1023.1849    23.1184    382.218    372.403  350.03798    109.193     0.2454     1.1245     0.9786       4131          1  0.000e+00
     13.872   64.24364 -165.54254     14.009     1.5947     1.5931     1.5942    28.9078    28.9194  1023.1849    23.1182    382.221    372.433  350.03821    109.194     0.2466     1.1319     0.9773       4132          1  0.000e+00
     13.841   64.24364 -165.54254     13.978     1.5950     1.5933     1.5945    28.9076    28.9190  1023.1846    23.1180    382.220    372.459  350.03583    109.194     0.2454     1.1245     0.9786       4133          1  0.000e+00
     13.818   64.24364 -165.54254     13.955     1.5951     1.5935     1.5945    28.9076    28.9192  1023.1845    23.1180    382.225    372.457  350.03524    109.196     0.2466     1.1319     0.9786       4134          1  0.000e+00
     13.872   64.24364 -165.54254     14.009     1.5950     1.5935     1.5945    28.9074    28.9193  1023.1846    23.1178    382.197    372.489  350.03629    109.188     0.2454     1.1245     0.9786       4135          1  0.000e+00
     13.841   64.24364 -165.54254     13.978     1.5947     1.5937     1.5942    28.9074    28.9193  1023.1844    23.1178    382.211    372.305  350.03942    109.191     0.2466     1.1319     0.9786       4136          1  0.000e+00
     13.818   64.24364 -165.54254     13.955     1.5941     1.5939     1.5936    28.9075    28.9195  1023.1845    23.1180    382.230    372.490  350.04387    109.195     0.2466     1.1319     0.9786       4137          1  0.000e+00
     13.872   64.24364 -165.54254     14.009     1.5938     1.5942     1.5932    28.9072    28.9191  1023.1845    23.1177    382.257    372.287  350.04820    109.201     0.2454     1.1245     0.9786       4138          1  0.000e+00
     13.818   64.24364 -165.54254     13.955     1.5927     1.5945     1.5921    28.9077    28.9190  1023.1847    23.1182    382.286    372.262  350.05669    109.207     0.2466     1.1319     0.9786       4139          1  0.000e+00
     13.841   64.24364 -165.54254     13.978     1.5920     1.5944     1.5914    28.9076    28.9189  1023.1848    23.1181    382.320    372.246  350.06332    109.215     0.2466     1.1319     0.9786       4140          1  0.000e+00
     13.872   64.24364 -165.54254     14.009     1.5910     1.5944     1.5904    28.9086    28.9192  1023.1858    23.1190    382.123    372.230  350.06935    109.156     0.2454     1.1245     0.9786       4141          1  0.000e+00
     13.818   64.24364 -165.54254     13.955     1.5903     1.5948     1.5898    28.9086    28.9188  1023.1856    23.1191    382.591    372.207  350.07531    109.288     0.2454     1.1245     0.9812       4142          1  0.000e+00
     13.841   64.24364 -165.54254     13.978     1.5903     1.5950     1.5898    28.9090    28.9186  1023.1860    23.1194    382.431    372.192  350.07420    109.243     0.2466     1.1319     0.9918       4143          1  0.000e+00
     13.872   64.24364 -165.54254     14.009     1.5913     1.5950     1.5908    28.9084    28.9188  1023.1856    23.1188    382.184    372.179  350.06655    109.175     0.2405     1.0952     0.9972       4144          1  0.000e+00
     13.872   64.24364 -165.54254     14.009     1.5903     1.5949     1.5898    28.9086    28.9194  1023.1858    23.1190    382.391    371.956  350.07538    109.231     0.2381     1.0806     0.9972       4145          1  0.000e+00
     13.818   64.24364 -165.54254     13.955     1.5891     1.5950     1.5886    28.9086    28.9191  1023.1856    23.1191    382.168    372.127  350.08625    109.164     0.2369     1.0732     0.9958       4146          1  0.000e+00
     13.841   64.24364 -165.54254     13.978     1.5884     1.5951     1.5879    28.9093    28.9185  1023.1863    23.1197    382.182    371.908  350.09080    109.167     0.2369     1.0732     0.9958       4147          1  0.000e+00
     13.818   64.24364 -165.54254     13.955     1.5893     1.5948     1.5887    28.9092    28.9189  1023.1861    23.1195    382.141    371.876  350.08321    109.157     0.2381     1.0806     0.9958       4148          1  0.000e+00
     13.872   64.24364 -165.54254     14.009     1.5900     1.5951     1.5895    28.9086    28.9185  1023.1858    23.1191    382.152    371.845  350.07778    109.162     0.2369     1.0732     0.9958       4149          1  0.000e+00
     13.818   64.24364 -165.54254     13.955     1.5903     1.5951     1.5898    28.9086    28.9187  1023.1856    23.1191    382.125    371.814  350.07531    109.155     0.2381     1.0806     0.9958       4150          1  0.000e+00
     13.903   64.24364 -165.54254     14.040     1.5906     1.5949     1.5900    28.9084    28.9190  1023.1858    23.1188    382.108    371.793  350.07354    109.151     0.2369     1.0732     0.9958       4151          1  0.000e+00
     13.818   64.24364 -165.54254     13.955     1.5905     1.5950     1.5899    28.9085    28.9189  1023.1855    23.1190    382.090    371.763  350.07414    109.145     0.2369     1.0732     0.9958       4152          1  0.000e+00
     13.818   64.24364 -165.54254     13.955     1.5902     1.5949     1.5897    28.9088    28.9190  1023.1857    23.1192    382.081    371.741  350.07592    109.142     0.2369     1.0732     0.9958       4153          1  0.000e+00
     13.903   64.24364 -165.54254     14.041     1.5903     1.5950     1.5897    28.9089    28.9191  1023.1862    23.1193    382.076    371.514  350.07505    109.141     0.2369     1.0732     0.9958       4154          1  0.000e+00
     13.818   64.24364 -165.54254     13.955     1.5902     1.5947     1.5897    28.9086    28.9192  1023.1856    23.1191    382.109    371.443  350.07623    109.150     0.2393     1.0879     0.9972       4155          1  0.000e+00
     13.872   64.24364 -165.54254     14.009     1.5902     1.5948     1.5897    28.9087    28.9191  1023.1859    23.1191    382.112    371.404  350.07620    109.151     0.2369     1.0732     0.9958       4156          1  0.000e+00
     13.818   64.24364 -165.54254     13.955     1.5904     1.5949     1.5899    28.9088    28.9192  1023.1857    23.1192    382.110    371.545  350.07387    109.151     0.2381     1.0806     0.9958       4157          1  0.000e+00
     13.841   64.24364 -165.54254     13.978     1.5906     1.5951     1.5901    28.9086    28.9188  1023.1857    23.1190    382.116    371.297  350.07238    109.153     0.2369     1.0732     0.9958       4158          1  0.000e+00
     13.872   64.24364 -165.54254     14.009     1.5910     1.5952     1.5904    28.9084    28.9187  1023.1857    23.1189    382.124    371.264  350.06987    109.156     0.2381     1.0806     0.9972       4159          1  0.000e+00
     13.818   64.24364 -165.54254     13.955     1.5913     1.5950     1.5908    28.9086    28.9191  1023.1855    23.1190    382.130    371.232  350.06642    109.159     0.2369     1.0732     0.9958       4160          1  0.000e+00
     13.818   64.24364 -165.54254     13.955     1.5913     1.5950     1.5908    28.9086    28.9190  1023.1855    23.1190    382.146    371.204  350.06606    109.164     0.2381     1.0806     0.9958       4161          1  0.000e+00
     13.903   64.24364 -165.54254     14.041     1.5914     1.5949     1.5909    28.9088    28.9189  1023.1861    23.1191    382.169    371.184  350.06499    109.171     0.2369     1.0732     0.9972       4162          1  0.000e+00
     13.818   64.24364 -165.54254     13.955     1.5916     1.5947     1.5910    28.9086    28.9194  1023.1855    23.1190    382.187    371.133  350.06412    109.176     0.2381     1.0806     1.0012       4163          1  0.000e+00
     13.872   64.24364 -165.54254     14.009     1.5918     1.5947     1.5913    28.9085    28.9192  1023.1856    23.1189    382.213    371.117  350.06190    109.185     0.2381     1.0806     1.0025       4164          1  0.000e+00
     13.787   64.24364 -165.54254     13.924     1.5919     1.5947     1.5914    28.9087    28.9190  1023.1854    23.1190    382.238    371.098  350.06080    109.192     0.2369     1.0732     1.0025       4165          1  0.000e+00
     13.872   64.24364 -165.54254     14.009     1.5921     1.5950     1.5915    28.9084    28.9186  1023.1855    23.1188    382.274    371.087  350.06027    109.202     0.2381     1.0806     1.0025       4166          1  0.000e+00
     13.872   64.24364 -165.54254     14.009     1.5924     1.5947     1.5919    28.9081    28.9189  1023.1853    23.1185    382.307    371.080  350.05746    109.213     0.2369     1.0732     1.0025       4167          1  0.000e+00
     13.818   64.24364 -165.54254     13.955     1.5925     1.5944     1.5920    28.9082    28.9191  1023.1851    23.1186    382.343    371.073  350.05672    109.223     0.2369     1.0732     1.0025       4168          1  0.000e+00
     13.842   64.24364 -165.54254     13.978     1.5928     1.5939     1.5923    28.9077    28.9194  1023.1848    23.1182    382.385    371.075  350.05514    109.236     0.2369     1.0732     1.0025       4169          1  0.000e+00
     13.873   64.24364 -165.54254     14.010     1.5774     1.5730     1.5769    28.9118    28.9241  1023.1892    23.1224    383.970    371.795  350.18262    109.649     0.2540     1.1758     1.0279       4384          2  0.000e+00
     13.819   64.24364 -165.54254     13.956     1.5771     1.5739     1.5765    28.9117    28.9238  1023.1888    23.1223    383.910    371.748  350.18592    109.630     0.2540     1.1758     1.0279       4385          2  0.000e+00
     13.904   64.24364 -165.54254     14.041     1.5782     1.5769     1.5776    28.9124    28.9228  1023.1897    23.1228    383.877    371.689  350.17415    109.625     0.2527     1.1685     1.0279       4386          2  0.000e+00
     13.819   64.24364 -165.54254     13.956     1.5808     1.5778     1.5803    28.9114    28.9231  1023.1884    23.1218    383.820    371.640  350.15275    109.615     0.2540     1.1758     1.0279       4387          2  0.000e+00
     13.873   64.24364 -165.54254     14.010     1.5824     1.5763     1.5818    28.9107    28.9235  1023.1880    23.1212    384.016    371.625  350.14088    109.675     0.2527     1.1685     1.0279       4388          2  0.000e+00
     13.819   64.24364 -165.54254     13.956     1.5830     1.5756     1.5825    28.9100    28.9232  1023.1871    23.1206    384.018    371.600  350.13685    109.676     0.2540     1.1758     1.0265       4389          2  0.000e+00
     13.842   64.24364 -165.54254     13.979     1.5831     1.5763     1.5826    28.9098    28.9228  1023.1871    23.1204    383.790    371.565  350.13638    109.612     0.2527     1.1685     1.0279       4390          2  0.000e+00
     13.819   64.24364 -165.54254     13.956     1.5831     1.5765     1.5826    28.9094    28.9228  1023.1866    23.1201    383.755    371.560  350.13749    109.601     0.2540     1.1758     1.0279       4391          2  0.000e+00
     13.873   64.24364 -165.54254     14.010     1.5816     1.5764     1.5811    28.9092    28.9230  1023.1868    23.1200    383.739    371.562  350.15178    109.592     0.2527     1.1685     1.0265       4392          2  0.000e+00
     13.873   64.24364 -165.54254     14.010     1.5803     1.5760     1.5798    28.9087    28.9229  1023.1864    23.1197    383.717    371.570  350.16464    109.582     0.2540     1.1758     1.0279       4393          2  0.000e+00
     13.788   64.24364 -165.54254     13.924     1.5782     1.5756     1.5777    28.9095    28.9230  1023.1868    23.1204    383.695    371.547  350.18162    109.570     0.2540     1.1758     1.0279       4394          2  0.000e+00
     13.873   64.24364 -165.54254     14.010     1.5771     1.5752     1.5765    28.9103    28.9233  1023.1879    23.1211    383.668    371.532  350.18984    109.560     0.2540     1.1758     1.0279       4395          2  0.000e+00
     13.873   64.24364 -165.54254     14.010     1.5761     1.5750     1.5756    28.9114    28.9237  1023.1889    23.1221    383.715    371.513  350.19516    109.572     0.2540     1.1758     1.0265       4396          2  0.000e+00
     13.842   64.24364 -165.54254     13.979     1.5772     1.5741     1.5767    28.9117    28.9244  1023.1889    23.1223    383.659    371.290  350.18437    109.559     0.2540     1.1758     1.0279       4397          2  0.000e+00
     13.819   64.24364 -165.54254     13.956     1.5794     1.5730     1.5789    28.9119    28.9247  1023.1888    23.1223    383.631    371.494  350.16429    109.557     0.2540     1.1758     1.0265       4398          2  0.000e+00
     13.873   64.24364 -165.54254     14.010     1.5825     1.5738     1.5820    28.9111    28.9244  1023.1883    23.1215    383.599    371.264  350.13836    109.556     0.2540     1.1758     1.0279       4399          2  0.000e+00
     13.819   64.24364 -165.54254     13.956     1.5836     1.5756     1.5831    28.9098    28.9236  1023.1869    23.1203    383.586    371.232  350.13221    109.555     0.2564     1.1905     1.0265       4400          2  0.000e+00
     13.842   64.24364 -165.54254     13.979     1.5813     1.5760     1.5807    28.9096    28.9234  1023.1870    23.1204    383.613    371.432  350.15367    109.556     0.2564     1.1905     1.0279       4401          2  0.000e+00
     13.873   64.24364 -165.54254     14.010     1.5784     1.5748     1.5778    28.9099    28.9236  1023.1875    23.1207    383.645    371.464  350.17911    109.557     0.2564     1.1905     1.0279       4402          2  0.000e+00
