merge_samples_with_btl/SKQ202309T/ctd/skq202309t_004.cnv
* Sea-Bird SBE 9 Data File:
* FileName = D:\CTD\SKQ202309T\SKQ202309T_004.hex
* Software Version Seasave V 7.26.7.121
* Temperature SN = 6177
* Conductivity SN = 0369
* Number of Bytes Per Scan = 38
* Number of Voltage Words = 3
* Number of Scans Averaged by the Deck Unit = 1
* NMEA Latitude = 60 30.69 N
* NMEA Longitude = 168 26.21 W
* NMEA UTC (Time) = Jun 11 2023  07:16:30
* NMEA baud rate = 4800
** Ship: R/V Sikuliaq
** Station Number: 004
** Station Name: STN 006
** Bottom Depth: 35
** Operator: Emelia Chamberlain
# nquan = 23
# nvalues = 7467                                  
# units = specified
# name 0 = depSM: Depth [salt water, m]
# name 1 = latitude: Latitude [deg]
# name 2 = longitude: Longitude [deg]
# name 3 = prDM: Pressure, Digiquartz [db]
# name 4 = t090C: Temperature [ITS-90, deg C]
# name 5 = t190C: Temperature, 2 [ITS-90, deg C]
# name 6 = potemp090C: Potential Temperature [ITS-90, deg C]
# name 7 = sal00: Salinity, Practical [PSU]
# name 8 = sal11: Salinity, Practical, 2 [PSU]
# name 9 = density00: Density [density, kg/m^3]
# name 10 = sigma-é00: Density [sigma-theta, kg/m^3]
# name 11 = sbox0Mm/Kg: Oxygen, SBE 43 [umol/kg]
# name 12 = sbox1Mm/Kg: Oxygen, SBE 43, 2 [umol/kg]
# name 13 = oxsolMm/Kg: Oxygen Saturation, Garcia & Gordon [umol/kg]
# name 14 = sbeox0PS: Oxygen, SBE 43 [% saturation]
# name 15 = sbeox1PS: Oxygen, SBE 43, 2 [% saturation]
# name 16 = v0: Voltage 0
# name 17 = flECO-AFL: Fluorescence, WET Labs ECO-AFL/FL [mg/m^3]
# name 18 = v1: Voltage 1
# name 19 = CStarAt0: Beam Attenuation, WET Labs C-Star [1/m]
# name 20 = scan: Scan Count
# name 21 = timeM: Time, Elapsed [minutes]
# name 22 = flag:  0.000e+00
# span 0 =      1.697,     27.865                 
# span 1 =   60.51190,   60.51230                 
# span 2 = -168.43808, -168.43738                 
# span 3 =      1.713,     28.133                 
# span 4 =     0.7847,     1.8996                 
# span 5 =     0.7856,     1.8793                 
# span 6 =     0.7838,     1.8995                 
# span 7 =    29.8035,    29.9954                 
# span 8 =    29.7444,    30.0394                 
# span 9 =  1023.8536,  1024.1028                 
# span 10 =    23.8394,    24.0078                
# span 11 =    369.158,    383.801                
# span 12 =    359.803,    371.166                
# span 13 =  344.78664,  354.66799                
# span 14 =    105.378,    109.656                
# span 15 =    102.155,    105.800                
# span 16 =     0.1490,     0.3785                
# span 17 =     0.5458,     1.9231                
# span 18 =     3.6569,     4.2711                
# span 19 =     0.3933,     1.0145                
# span 20 =          1,       7467                
# span 21 =     0.0000,     5.1847                
# span 22 = 0.0000e+00, 0.0000e+00                
# interval = seconds: 0.0416667
# start_time = Jun 11 2023 07:21:43 [NMEA time, first data scan]
# bad_flag = -9.990e-29
*END*
[from data line 2079]
     10.941   60.51198 -168.43754     11.046     0.8249     0.8208     0.8245    29.9148    29.9253  1024.0198    23.9670    377.143    365.525  354.29415    106.449    103.168     0.2430     1.1099     3.9805     0.6753       2080     1.4438  0.000e+00
     10.972   60.51198 -168.43754     11.077     0.8247     0.8185     0.8243    29.9150    29.9253  1024.0201    23.9671    376.946    365.570  354.29518    106.393    103.174     0.2418     1.1025     3.9817     0.6740       2081     1.4444  0.000e+00
     10.972   60.51198 -168.43754     11.077     0.8246     0.8174     0.8242    29.9148    29.9254  1024.0199    23.9670    377.188    365.597  354.29725    106.461    103.179     0.2430     1.1099     3.9805     0.6753       2082     1.4451  0.000e+00
     10.972   60.51198 -168.43754     11.077     0.8241     0.8177     0.8237    29.9150    29.9259  1024.0202    23.9672    377.190    365.606  354.30059    106.461    103.183     0.2418     1.1025     3.9805     0.6753       2083     1.4458  0.000e+00
     11.002   60.51198 -168.43754     11.108     0.8244     0.8189     0.8240    29.9141    29.9265  1024.0196    23.9665    377.188    365.604  354.30045    106.460    103.186     0.2418     1.1025     3.9817     0.6740       2084     1.4465  0.000e+00
     10.972   60.51198 -168.43754     11.077     0.8244     0.8211     0.8240    29.9146    29.9261  1024.0198    23.9668    377.180    365.589  354.29932    106.458    103.187     0.2418     1.1025     3.9805     0.6753       2085     1.4472  0.000e+00
     10.972   60.51198 -168.43754     11.077     0.8247     0.8225     0.8243    29.9148    29.9267  1024.0200    23.9670    376.929    365.579  354.29551    106.388    103.188     0.2430     1.1099     3.9805     0.6753       2086     1.4479  0.000e+00
     11.033   60.51198 -168.43754     11.139     0.8252     0.8233     0.8248    29.9149    29.9268  1024.0203    23.9671    377.118    365.792  354.29128    106.443    103.250     0.2430     1.1099     3.9805     0.6753       2087     1.4486  0.000e+00
     11.002   60.51198 -168.43754     11.108     0.8253     0.8236     0.8250    29.9149    29.9264  1024.0201    23.9670    377.149    365.602  354.28982    106.452    103.197     0.2430     1.1099     3.9805     0.6753       2088     1.4493  0.000e+00
     11.033   60.51198 -168.43754     11.139     0.8255     0.8234     0.8251    29.9145    29.9262  1024.0200    23.9668    377.185    365.605  354.28921    106.462    103.198     0.2430     1.1099     3.9805     0.6753       2089     1.4500  0.000e+00
     11.033   60.51198 -168.43754     11.139     0.8255     0.8234     0.8251    29.9145    29.9261  1024.0199    23.9667    377.176    365.815  354.28943    106.460    103.257     0.2418     1.1025     3.9817     0.6740       2090     1.4507  0.000e+00
     11.033   60.51198 -168.43754     11.139     0.8251     0.8228     0.8247    29.9145    29.9252  1024.0200    23.9667    377.214    365.845  354.29342    106.469    103.263     0.2430     1.1099     3.9805     0.6753       2091     1.4514  0.000e+00
     11.033   60.51198 -168.43754     11.139     0.8244     0.8219     0.8240    29.9136    29.9247  1024.0193    23.9660    377.214    365.873  354.30202    106.467    103.268     0.2418     1.1025     3.9805     0.6753       2092     1.4521  0.000e+00
     11.056   60.51198 -168.43754     11.162     0.8233     0.8204     0.8230    29.9129    29.9252  1024.0189    23.9656    377.217    365.931  354.31352    106.464    103.281     0.2430     1.1099     3.9805     0.6753       2093     1.4528  0.000e+00
     11.087   60.51198 -168.43754     11.194     0.8221     0.8200     0.8217    29.9131    29.9255  1024.0193    23.9658    377.022    365.947  354.32464    106.406    103.285     0.2418     1.1025     3.9805     0.6753       2094     1.4535  0.000e+00
     11.033   60.51198 -168.43754     11.139     0.8212     0.8200     0.8208    29.9142    29.9260  1024.0200    23.9667    376.972    365.951  354.32982    106.390    103.286     0.2430     1.1099     3.9890     0.6667       2095     1.4542  0.000e+00
     11.087   60.51198 -168.43754     11.194     0.8213     0.8194     0.8209    29.9156    29.9265  1024.0214    23.9678    376.959    365.963  354.32493    106.388    103.288     0.2418     1.1025     3.9951     0.6606       2096     1.4549  0.000e+00
     11.118   60.51198 -168.43754     11.225     0.8216     0.8197     0.8212    29.9164    29.9262  1024.0221    23.9684    376.902    365.992  354.31986    106.373    103.297     0.2430     1.1099     3.9976     0.6581       2097     1.4556  0.000e+00
     11.087   60.51198 -168.43754     11.194     0.8221     0.8200     0.8217    29.9162    29.9263  1024.0217    23.9682    376.844    365.985  354.31636    106.358    103.296     0.2430     1.1099     3.9963     0.6593       2098     1.4563  0.000e+00
     11.087   60.51198 -168.43754     11.194     0.8224     0.8199     0.8220    29.9166    29.9269  1024.0221    23.9686    377.027    365.981  354.31212    106.411    103.295     0.2418     1.1025     3.9963     0.6593       2099     1.4569  0.000e+00
     11.087   60.51198 -168.43754     11.194     0.8224     0.8204     0.8220    29.9167    29.9265  1024.0222    23.9687    377.014    365.783  354.31179    106.407    103.240     0.2430     1.1099     3.9963     0.6593       2100     1.4576  0.000e+00
     11.118   60.51198 -168.43754     11.225     0.8226     0.8210     0.8222    29.9162    29.9262  1024.0219    23.9683    377.045    365.985  354.31151    106.416    103.298     0.2418     1.1025     3.9963     0.6593       2101     1.4583  0.000e+00
     11.149   60.51198 -168.43754     11.256     0.8227     0.8222     0.8223    29.9162    29.9260  1024.0221    23.9683    377.074    365.963  354.31003    106.425    103.295     0.2430     1.1099     3.9963     0.6593       2102     1.4590  0.000e+00
     11.149   60.51198 -168.43754     11.256     0.8230     0.8219     0.8226    29.9168    29.9266  1024.0225    23.9687    376.816    365.949  354.30604    106.353    103.291     0.2418     1.1025     3.9963     0.6593       2103     1.4597  0.000e+00
     11.149   60.51198 -168.43754     11.256     0.8236     0.8219     0.8232    29.9161    29.9261  1024.0219    23.9681    376.798    365.932  354.30226    106.349    103.286     0.2430     1.1099     3.9963     0.6593       2104     1.4604  0.000e+00
     11.118   60.51198 -168.43754     11.225     0.8236     0.8214     0.8232    29.9159    29.9257  1024.0216    23.9680    376.787    365.702  354.30265    106.346    103.219     0.2418     1.1025     3.9963     0.6593       2105     1.4611  0.000e+00
     11.203   60.51198 -168.43754     11.311     0.8241     0.8210     0.8237    29.9146    29.9258  1024.0210    23.9669    376.781    365.901  354.30169    106.345    103.275     0.2430     1.1099     3.9963     0.6593       2106     1.4618  0.000e+00
     11.149   60.51198 -168.43754     11.256     0.8236     0.8204     0.8232    29.9141    29.9255  1024.0203    23.9665    376.778    365.695  354.30781    106.342    103.214     0.2430     1.1099     3.9963     0.6593       2107     1.4625  0.000e+00
     11.203   60.51198 -168.43754     11.311     0.8226     0.8194     0.8222    29.9132    29.9254  1024.0199    23.9658    376.986    365.896  354.31991    106.397    103.269     0.2418     1.1025     3.9963     0.6593       2108     1.4632  0.000e+00
     11.172   60.51198 -168.43754     11.279     0.8208     0.8183     0.8205    29.9123    29.9252  1024.0191    23.9652    376.758    365.906  354.33808    106.327    103.268     0.2430     1.1099     3.9963     0.6593       2109     1.4639  0.000e+00
     11.203   60.51198 -168.43754     11.311     0.8190     0.8174     0.8186    29.9120    29.9251  1024.0191    23.9650    376.731    365.915  354.35577    106.314    103.268     0.2418     1.1025     3.9963     0.6593       2110     1.4646  0.000e+00
     11.149   60.51198 -168.43754     11.256     0.8173     0.8162     0.8169    29.9127    29.9254  1024.0195    23.9657    376.695    365.705  354.36978    106.300    103.206     0.2430     1.1099     3.9963     0.6593       2111     1.4653  0.000e+00
     11.203   60.51198 -168.43754     11.311     0.8163     0.8154     0.8160    29.9131    29.9254  1024.0201    23.9661    376.700    365.683  354.37723    106.299    103.197     0.2418     1.1025     3.9963     0.6593       2112     1.4660  0.000e+00
     11.203   60.51198 -168.43754     11.311     0.8156     0.8150     0.8152    29.9130    29.9257  1024.0201    23.9660    376.704    365.865  354.38461    106.298    103.248     0.2430     1.1099     3.9963     0.6593       2113     1.4667  0.000e+00
     11.226   60.51198 -168.43754     11.334     0.8148     0.8146     0.8144    29.9133    29.9262  1024.0205    23.9663    376.710    365.858  354.39103    106.298    103.246     0.2418     1.1025     3.9963     0.6593       2114     1.4674  0.000e+00
     11.203   60.51198 -168.43754     11.311     0.8140     0.8144     0.8136    29.9138    29.9264  1024.0208    23.9667    376.954    365.847  354.39684    106.365    103.242     0.2430     1.1099     3.9988     0.6569       2115     1.4681  0.000e+00
     11.265   60.51198 -168.43754     11.373     0.8142     0.8139     0.8138    29.9137    29.9270  1024.0210    23.9667    376.712    365.839  354.39541    106.297    103.239     0.2418     1.1025     4.0024     0.6532       2116     1.4688  0.000e+00
     11.203   60.51198 -168.43754     11.311     0.8142     0.8142     0.8138    29.9138    29.9268  1024.0208    23.9668    376.663    365.574  354.39510    106.283    103.165     0.2418     1.1025     4.0037     0.6520       2117     1.4694  0.000e+00
     11.288   60.51198 -168.43754     11.396     0.8137     0.8140     0.8134    29.9142    29.9273  1024.0216    23.9671    376.626    365.533  354.39813    106.272    103.153     0.2430     1.1099     4.0037     0.6520       2118     1.4701  0.000e+00
     11.265   60.51198 -168.43754     11.373     0.8132     0.8146     0.8129    29.9139    29.9271  1024.0212    23.9668    376.630    365.478  354.40365    106.271    103.139     0.2418     1.1025     4.0037     0.6520       2119     1.4708  0.000e+00
     11.265   60.51198 -168.43754     11.373     0.8131     0.8165     0.8127    29.9140    29.9258  1024.0213    23.9669    376.631    365.413  354.40485    106.271    103.125     0.2430     1.1099     4.0037     0.6520       2120     1.4715  0.000e+00
     11.265   60.51198 -168.43754     11.373     0.8130     0.8182     0.8126    29.9156    29.9258  1024.0226    23.9682    376.630    365.345  354.40155    106.272    103.110     0.2418     1.1025     4.0037     0.6520       2121     1.4722  0.000e+00
     11.288   60.51198 -168.43754     11.396     0.8130     0.8195     0.8126    29.9170    29.9250  1024.0238    23.9694    376.630    365.311  354.39766    106.273    103.103     0.2430     1.1099     4.0037     0.6520       2122     1.4729  0.000e+00
     11.265   60.51198 -168.43754     11.373     0.8137     0.8204     0.8134    29.9174    29.9259  1024.0240    23.9696    376.341    365.489  354.38938    106.194    103.157     0.2418     1.1025     4.0037     0.6520       2123     1.4736  0.000e+00
     11.265   60.51198 -168.43754     11.373     0.8146     0.8205     0.8142    29.9174    29.9266  1024.0240    23.9696    376.536    365.462  354.38118    106.252    103.150     0.2418     1.1025     4.0037     0.6520       2124     1.4743  0.000e+00
     11.319   60.51198 -168.43754     11.427     0.8154     0.8208     0.8150    29.9172    29.9265  1024.0241    23.9694    376.539    365.434  354.37454    106.255    103.143     0.2369     1.0732     4.0037     0.6520       2125     1.4750  0.000e+00
     11.288   60.51198 -168.43754     11.396     0.8162     0.8204     0.8158    29.9170    29.9263  1024.0237    23.9692    376.496    365.408  354.36799    106.244    103.134     0.2320     1.0439     4.0037     0.6520       2126     1.4757  0.000e+00
     11.319   60.51198 -168.43754     11.427     0.8167     0.8197     0.8163    29.9170    29.9252  1024.0238    23.9692    376.502    365.203  354.36335    106.248    103.073     0.2308     1.0366     4.0037     0.6520       2127     1.4764  0.000e+00
     11.319   60.51198 -168.43754     11.427     0.8176     0.8180     0.8172    29.9158    29.9262  1024.0228    23.9681    376.748    365.188  354.35874    106.318    103.066     0.2320     1.0439     4.0037     0.6520       2128     1.4771  0.000e+00
     11.319   60.51198 -168.43754     11.427     0.8181     0.8168     0.8177    29.9153    29.9264  1024.0223    23.9677    376.558    365.170  354.35547    106.266    103.057     0.2320     1.0439     4.0037     0.6520       2129     1.4778  0.000e+00
     11.288   60.51198 -168.43754     11.396     0.8182     0.8165     0.8179    29.9154    29.9256  1024.0223    23.9678    376.525    365.144  354.35358    106.257    103.049     0.2320     1.0439     4.0037     0.6520       2130     1.4785  0.000e+00
     11.373   60.51198 -168.43754     11.482     0.8182     0.8168     0.8178    29.9154    29.9246  1024.0227    23.9678    376.543    365.117  354.35359    106.262    103.041     0.2320     1.0439     4.0024     0.6532       2131     1.4792  0.000e+00
     11.319   60.51198 -168.43754     11.427     0.8182     0.8161     0.8178    29.9146    29.9250  1024.0218    23.9672    376.558    364.877  354.35569    106.266    102.972     0.2308     1.0366     4.0037     0.6520       2132     1.4799  0.000e+00
     11.373   60.51198 -168.43754     11.482     0.8181     0.8156     0.8177    29.9151    29.9253  1024.0225    23.9676    376.339    364.828  354.35588    106.204    102.957     0.2320     1.0439     4.0037     0.6520       2133     1.4806  0.000e+00
     11.342   60.51198 -168.43754     11.451     0.8183     0.8146     0.8180    29.9157    29.9260  1024.0228    23.9680    376.552    364.993  354.35184    106.265    103.001     0.2308     1.0366     4.0037     0.6520       2134     1.4813  0.000e+00
     11.319   60.51200 -168.43754     11.427     0.8185     0.8139     0.8181    29.9151    29.9260  1024.0222    23.9676    376.529    364.758  354.35181    106.259    102.933     0.2320     1.0439     4.0037     0.6520       2135     1.4819  0.000e+00
     11.373   60.51200 -168.43754     11.482     0.8181     0.8136     0.8177    29.9145    29.9260  1024.0220    23.9671    376.562    364.738  354.35762    106.266    102.926     0.2308     1.0366     4.0061     0.6496       2136     1.4826  0.000e+00
     11.373   60.51200 -168.43754     11.482     0.8175     0.8134     0.8171    29.9136    29.9256  1024.0213    23.9664    376.355    364.688  354.36564    106.205    102.912     0.2320     1.0439     4.0073     0.6483       2137     1.4833  0.000e+00
     11.319   60.51200 -168.43754     11.427     0.8171     0.8133     0.8167    29.9136    29.9249  1024.0210    23.9664    376.582    364.639  354.36872    106.269    102.897     0.2320     1.0439     4.0073     0.6483       2138     1.4840  0.000e+00
     11.458   60.51200 -168.43754     11.568     0.8173     0.8119     0.8169    29.9128    29.9255  1024.0210    23.9657    376.620    364.637  354.36947    106.279    102.893     0.2320     1.0439     4.0073     0.6483       2139     1.4847  0.000e+00
     11.373   60.51200 -168.43754     11.482     0.8175     0.8107     0.8171    29.9125    29.9261  1024.0204    23.9655    376.646    364.626  354.36880    106.286    102.887     0.2320     1.0439     4.0073     0.6483       2140     1.4854  0.000e+00
     11.435   60.51200 -168.43754     11.544     0.8171     0.8102     0.8167    29.9133    29.9261  1024.0214    23.9662    376.683    364.617  354.36944    106.297    102.883     0.2320     1.0439     4.0073     0.6483       2141     1.4861  0.000e+00
