merge_samples_with_btl/SKQ202309T/ctd/skq202309t_006.ros
* Sea-Bird SBE 9 Data File:
* FileName = D:\CTD\SKQ202309T\SKQ202309T_006.hex
* Software Version Seasave V 7.26.7.121
* Temperature SN = 6177
* Conductivity SN = 0369
* Number of Bytes Per Scan = 38
* Number of Voltage Words = 3
* Number of Scans Averaged by the Deck Unit = 1
* NMEA Latitude = 63 13.86 N
* NMEA Longitude = 165 38.62 W
* NMEA UTC (Time) = Jun 12 2023  07:50:19
* NMEA baud rate = 4800
** Ship: R/V Sikuliaq
** Station Number: 006
** Station Name: STN 009
** Bottom Depth: 23
** Operator: Seth Zippel
# nquan = 21
# nvalues = 784                                   
# units = specified
# name 0 = depSM: Depth [salt water, m]
# name 1 = latitude: Latitude [deg]
# name 2 = longitude: Longitude [deg]
# name 3 = prDM: Pressure, Digiquartz [db]
# name 4 = t090C: Temperature [ITS-90, deg C]
# name 5 = t190C: Temperature, 2 [ITS-90, deg C]
# name 6 = potemp090C: Potential Temperature [ITS-90, deg C]
# name 7 = sal00: Salinity, Practical [PSU]
# name 8 = sal11: Salinity, Practical, 2 [PSU]
# name 9 = density00: Density [density, kg/m^3]
# name 10 = sigma-é00: Density [sigma-theta, kg/m^3]
# name 11 = sbox0Mm/Kg: Oxygen, SBE 43 [umol/kg]
# name 12 = sbox1Mm/Kg: Oxygen, SBE 43, 2 [umol/kg]
# name 13 = oxsolMm/Kg: Oxygen Saturation, Garcia & Gordon [umol/kg]
# name 14 = sbeox0PS: Oxygen, SBE 43 [% saturation]
# name 15 = v0: Voltage 0
# name 16 = flECO-AFL: Fluorescence, WET Labs ECO-AFL/FL [mg/m^3]
# name 17 = CStarAt0: Beam Attenuation, WET Labs C-Star [1/m]
# name 18 = scan: Scan Count
# name 19 = nbf: Bottles Fired
# name 20 = flag:  0.000e+00
# interval = seconds: 0.0416667
# start_time = Jun 12 2023 07:55:11 [NMEA time, first data scan]
# bad_flag = -9.990e-29
*END*
[from data line 483]
     10.312   63.23142 -165.64228     10.413    -1.0136    -1.0130    -1.0138    30.5780    30.5883  1024.6211    24.5708    387.877    375.759  369.98849    104.835     0.2662     1.2491     0.9221      10865         10  0.000e+00
     10.397   63.23142 -165.64228     10.499    -1.0137    -1.0133    -1.0139    30.5780    30.5888  1024.6215    24.5708    387.881    375.778  369.98954    104.836     0.2650     1.2417     0.9221      10866         10  0.000e+00
     10.343   63.23142 -165.64228     10.444    -1.0138    -1.0133    -1.0140    30.5776    30.5890  1024.6209    24.5705    387.878    375.787  369.99130    104.834     0.2662     1.2491     0.9234      10867         10  0.000e+00
     10.343   63.23142 -165.64228     10.444    -1.0138    -1.0133    -1.0140    30.5778    30.5893  1024.6211    24.5706    387.876    375.800  369.99081    104.834     0.2650     1.2417     0.9364      10868         10  0.000e+00
     10.366   63.23142 -165.64228     10.468    -1.0134    -1.0133    -1.0136    30.5771    30.5892  1024.6206    24.5701    387.873    375.818  369.98931    104.834     0.2662     1.2491     0.9430      10869         10  0.000e+00
     10.343   63.23142 -165.64228     10.444    -1.0138    -1.0134    -1.0140    30.5771    30.5892  1024.6205    24.5701    387.874    375.834  369.99274    104.833     0.2650     1.2417     0.9430      10870         10  0.000e+00
     10.343   63.23142 -165.64228     10.444    -1.0134    -1.0136    -1.0136    30.5767    30.5889  1024.6202    24.5697    387.869    375.823  369.99047    104.832     0.2650     1.2417     0.9430      10871         10  0.000e+00
     10.347   63.23144 -165.64226     10.448    -1.0148    -1.0141    -1.0150    30.5828    30.5944  1024.6252    24.5747    388.483    375.019  369.98632    104.999     0.2711     1.2784     0.8934      11075         11  0.000e+00
     10.370   63.23144 -165.64226     10.472    -1.0148    -1.0141    -1.0150    30.5825    30.5942  1024.6251    24.5745    388.505    374.993  369.98720    105.005     0.2698     1.2710     0.8934      11076         11  0.000e+00
     10.401   63.23144 -165.64226     10.503    -1.0150    -1.0141    -1.0152    30.5828    30.5941  1024.6255    24.5747    388.526    375.000  369.98796    105.010     0.2711     1.2784     0.8934      11077         11  0.000e+00
     10.347   63.23144 -165.64226     10.448    -1.0148    -1.0142    -1.0150    30.5828    30.5947  1024.6252    24.5747    388.537    374.778  369.98632    105.014     0.2698     1.2710     0.8934      11078         11  0.000e+00
     10.347   63.23144 -165.64226     10.448    -1.0148    -1.0142    -1.0150    30.5830    30.5949  1024.6253    24.5749    388.294    374.985  369.98583    104.948     0.2711     1.2784     0.8934      11079         11  0.000e+00
     10.347   63.23144 -165.64226     10.449    -1.0148    -1.0141    -1.0150    30.5830    30.5940  1024.6254    24.5749    388.260    374.968  369.98571    104.939     0.2698     1.2710     0.8921      11080         11  0.000e+00
     10.370   63.23144 -165.64226     10.472    -1.0148    -1.0142    -1.0150    30.5828    30.5946  1024.6253    24.5747    388.228    374.952  369.98635    104.930     0.2698     1.2710     0.8934      11081         11  0.000e+00
     10.401   63.23144 -165.64226     10.503    -1.0147    -1.0137    -1.0149    30.5826    30.5944  1024.6253    24.5746    388.451    374.933  369.98573    104.991     0.2711     1.2784     0.8934      11082         11  0.000e+00
     10.347   63.23144 -165.64226     10.449    -1.0147    -1.0141    -1.0149    30.5827    30.5943  1024.6251    24.5746    388.460    374.920  369.98552    104.993     0.2698     1.2710     0.8921      11083         11  0.000e+00
     10.347   63.23144 -165.64226     10.449    -1.0148    -1.0142    -1.0150    30.5830    30.5945  1024.6253    24.5749    388.164    374.681  369.98583    104.913     0.2711     1.2784     0.8934      11084         11  0.000e+00
     10.347   63.23144 -165.64226     10.449    -1.0148    -1.0141    -1.0150    30.5832    30.5944  1024.6255    24.5751    388.123    374.898  369.98511    104.902     0.2698     1.2710     0.8934      11085         11  0.000e+00
     10.370   63.23144 -165.64226     10.472    -1.0148    -1.0144    -1.0150    30.5831    30.5950  1024.6255    24.5749    388.342    374.699  369.98563    104.961     0.2711     1.2784     0.8934      11086         11  0.000e+00
     10.347   63.23144 -165.64226     10.449    -1.0148    -1.0142    -1.0150    30.5828    30.5944  1024.6252    24.5747    388.091    374.694  369.98632    104.893     0.2759     1.3077     0.8934      11087         11  0.000e+00
     10.347   63.23144 -165.64226     10.449    -1.0148    -1.0141    -1.0150    30.5829    30.5938  1024.6253    24.5748    388.305    374.923  369.98595    104.951     0.2869     1.3736     0.8934      11088         11  0.000e+00
     10.401   63.23144 -165.64226     10.503    -1.0147    -1.0141    -1.0149    30.5830    30.5942  1024.6256    24.5748    388.054    374.959  369.98477    104.884     0.2894     1.3883     0.8934      11089         11  0.000e+00
     10.316   63.23144 -165.64226     10.418    -1.0150    -1.0141    -1.0152    30.5832    30.5944  1024.6254    24.5750    388.008    374.732  369.98686    104.871     0.2894     1.3883     0.9051      11090         11  0.000e+00
     10.347   63.23144 -165.64226     10.449    -1.0147    -1.0141    -1.0149    30.5827    30.5939  1024.6251    24.5746    388.220    374.939  369.98552    104.928     0.2894     1.3883     0.9168      11091         11  0.000e+00
     10.401   63.23144 -165.64226     10.503    -1.0151    -1.0142    -1.0153    30.5831    30.5939  1024.6257    24.5749    388.229    374.758  369.98891    104.930     0.2882     1.3809     0.9194      11092         11  0.000e+00
     10.347   63.23144 -165.64226     10.449    -1.0148    -1.0142    -1.0150    30.5828    30.5941  1024.6252    24.5747    388.223    374.769  369.98644    104.929     0.2894     1.3883     0.9181      11093         11  0.000e+00
     10.347   63.23144 -165.64226     10.449    -1.0148    -1.0142    -1.0150    30.5827    30.5945  1024.6251    24.5746    387.453    374.981  369.98680    104.721     0.2882     1.3809     0.9181      11094         11  0.000e+00
     10.317   63.23144 -165.64226     10.418    -1.0150    -1.0141    -1.0152    30.5831    30.5942  1024.6253    24.5749    388.079    374.996  369.98722    104.890     0.2894     1.3883     0.9181      11095         11  0.000e+00
     10.347   63.23144 -165.64226     10.449    -1.0147    -1.0141    -1.0149    30.5831    30.5941  1024.6254    24.5750    388.077    375.018  369.98432    104.890     0.2882     1.3809     0.9181      11096         11  0.000e+00
     10.347   63.23144 -165.64226     10.449    -1.0148    -1.0141    -1.0150    30.5829    30.5943  1024.6253    24.5748    388.077    375.038  369.98608    104.890     0.2894     1.3883     0.9181      11097         11  0.000e+00
     10.401   63.23144 -165.64226     10.503    -1.0148    -1.0142    -1.0150    30.5831    30.5943  1024.6257    24.5750    388.075    375.032  369.98544    104.889     0.2882     1.3809     0.9181      11098         11  0.000e+00
     10.347   63.23144 -165.64226     10.449    -1.0150    -1.0142    -1.0152    30.5831    30.5940  1024.6254    24.5750    388.119    375.052  369.98715    104.901     0.2894     1.3883     0.9181      11099         11  0.000e+00
     10.317   63.23144 -165.64226     10.418    -1.0150    -1.0141    -1.0152    30.5834    30.5940  1024.6255    24.5752    388.110    375.072  369.98638    104.899     0.2882     1.3809     0.9181      11100         11  0.000e+00
     10.348   63.23144 -165.64226     10.449    -1.0150    -1.0141    -1.0152    30.5831    30.5938  1024.6254    24.5749    388.105    375.099  369.98727    104.897     0.2882     1.3809     0.9181      11101         11  0.000e+00
     10.348   63.23144 -165.64226     10.449    -1.0150    -1.0141    -1.0152    30.5833    30.5940  1024.6256    24.5751    388.144    375.124  369.98655    104.908     0.2894     1.3883     0.9181      11102         11  0.000e+00
     10.348   63.23144 -165.64226     10.449    -1.0150    -1.0141    -1.0152    30.5829    30.5938  1024.6252    24.5748    388.135    375.152  369.98787    104.905     0.2894     1.3883     0.9181      11103         11  0.000e+00
     10.371   63.23144 -165.64226     10.472    -1.0150    -1.0139    -1.0152    30.5835    30.5933  1024.6259    24.5753    387.916    375.181  369.98610    104.846     0.2894     1.3883     0.9181      11104         11  0.000e+00
     10.348   63.23144 -165.64226     10.449    -1.0151    -1.0142    -1.0153    30.5834    30.5941  1024.6257    24.5752    388.116    375.438  369.98810    104.900     0.2882     1.3809     0.9181      11105         11  0.000e+00
     10.348   63.23144 -165.64226     10.449    -1.0150    -1.0142    -1.0152    30.5832    30.5940  1024.6255    24.5750    388.103    375.499  369.98703    104.896     0.2894     1.3883     0.9181      11106         11  0.000e+00
     10.348   63.23144 -165.64226     10.449    -1.0148    -1.0142    -1.0150    30.5830    30.5937  1024.6254    24.5749    388.087    375.334  369.98571    104.892     0.2882     1.3809     0.9181      11107         11  0.000e+00
     10.348   63.23144 -165.64226     10.449    -1.0148    -1.0144    -1.0150    30.5834    30.5940  1024.6257    24.5752    388.070    375.593  369.98451    104.888     0.2882     1.3809     0.9181      11108         11  0.000e+00
     10.371   63.23144 -165.64226     10.472    -1.0150    -1.0142    -1.0152    30.5833    30.5939  1024.6257    24.5751    388.105    375.427  369.98659    104.897     0.2882     1.3809     0.9181      11109         11  0.000e+00
     10.348   63.23144 -165.64226     10.449    -1.0150    -1.0142    -1.0152    30.5833    30.5941  1024.6256    24.5751    388.086    375.458  369.98667    104.892     0.2882     1.3809     0.9090      11110         11  0.000e+00
     10.348   63.23144 -165.64226     10.449    -1.0147    -1.0142    -1.0149    30.5834    30.5938  1024.6256    24.5752    388.112    375.492  369.98359    104.900     0.2894     1.3883     0.8921      11111         11  0.000e+00
     10.348   63.23144 -165.64226     10.449    -1.0148    -1.0143    -1.0150    30.5834    30.5940  1024.6256    24.5752    388.144    375.528  369.98475    104.908     0.2882     1.3809     0.8883      11112         11  0.000e+00
     10.348   63.23144 -165.64226     10.449    -1.0148    -1.0141    -1.0150    30.5833    30.5935  1024.6256    24.5751    388.174    375.562  369.98487    104.916     0.2882     1.3809     0.8883      11113         11  0.000e+00
     10.371   63.23144 -165.64226     10.472    -1.0147    -1.0144    -1.0149    30.5834    30.5938  1024.6258    24.5752    388.203    375.799  369.98351    104.925     0.2857     1.3663     0.8895      11114         11  0.000e+00
     10.348   63.23144 -165.64226     10.449    -1.0148    -1.0143    -1.0150    30.5832    30.5935  1024.6255    24.5751    388.234    375.833  369.98511    104.932     0.2869     1.3736     0.8895      11115         11  0.000e+00
     10.348   63.23144 -165.64226     10.449    -1.0145    -1.0142    -1.0147    30.5827    30.5933  1024.6251    24.5746    388.212    375.866  369.98372    104.927     0.2857     1.3663     0.8883      11116         11  0.000e+00
     10.348   63.23144 -165.64226     10.449    -1.0148    -1.0141    -1.0150    30.5832    30.5936  1024.6255    24.5751    388.192    375.668  369.98511    104.921     0.2857     1.3663     0.8895      11117         11  0.000e+00
     10.402   63.23144 -165.64226     10.504    -1.0148    -1.0142    -1.0150    30.5833    30.5939  1024.6258    24.5751    388.221    375.900  369.98496    104.929     0.2857     1.3663     0.8895      11118         11  0.000e+00
     10.317   63.23144 -165.64226     10.418    -1.0148    -1.0144    -1.0150    30.5831    30.5941  1024.6253    24.5749    388.243    375.928  369.98554    104.935     0.2869     1.3736     0.8883      11119         11  0.000e+00
     10.348   63.23144 -165.64226     10.449    -1.0148    -1.0142    -1.0150    30.5833    30.5935  1024.6256    24.5751    388.270    375.960  369.98487    104.942     0.2869     1.3736     0.8883      11120         11  0.000e+00
     10.348   63.23144 -165.64226     10.449    -1.0148    -1.0142    -1.0150    30.5831    30.5938  1024.6254    24.5750    388.296    375.987  369.98547    104.949     0.2857     1.3663     0.8895      11121         11  0.000e+00
     10.348   63.23144 -165.64226     10.449    -1.0148    -1.0141    -1.0150    30.5832    30.5937  1024.6255    24.5751    388.272    376.012  369.98511    104.943     0.2869     1.3736     0.8895      11122         11  0.000e+00
     10.371   63.23144 -165.64226     10.473    -1.0146    -1.0143    -1.0148    30.5829    30.5938  1024.6254    24.5748    388.296    376.042  369.98444    104.949     0.2857     1.3663     0.8883      11123         11  0.000e+00
     10.289   63.23144 -165.64226     10.389    -1.0151    -1.0143    -1.0153    30.5826    30.5936  1024.6248    24.5746    387.966    375.981  369.99029    104.858     0.2650     1.2417     0.9012      11256         12  0.000e+00
     10.350   63.23144 -165.64226     10.452    -1.0151    -1.0145    -1.0153    30.5823    30.5937  1024.6248    24.5743    387.723    376.192  369.99112    104.793     0.2637     1.2344     0.9012      11257         12  0.000e+00
     10.289   63.23144 -165.64226     10.389    -1.0151    -1.0143    -1.0153    30.5821    30.5932  1024.6243    24.5741    387.941    376.199  369.99185    104.851     0.2650     1.2417     0.9012      11258         12  0.000e+00
     10.289   63.23144 -165.64226     10.389    -1.0150    -1.0143    -1.0152    30.5821    30.5931  1024.6243    24.5741    387.951    375.982  369.99018    104.854     0.2637     1.2344     0.9025      11259         12  0.000e+00
     10.373   63.23144 -165.64226     10.475    -1.0151    -1.0142    -1.0153    30.5819    30.5930  1024.6246    24.5740    387.714    376.193  369.99236    104.790     0.2637     1.2344     0.9025      11260         12  0.000e+00
     10.289   63.23144 -165.64226     10.389    -1.0151    -1.0145    -1.0153    30.5822    30.5931  1024.6244    24.5742    387.625    376.204  369.99149    104.766     0.2650     1.2417     0.9012      11261         12  0.000e+00
     10.350   63.23144 -165.64226     10.452    -1.0148    -1.0143    -1.0150    30.5819    30.5932  1024.6245    24.5740    387.847    376.184  369.98885    104.827     0.2637     1.2344     0.9012      11262         12  0.000e+00
     10.289   63.23144 -165.64226     10.389    -1.0148    -1.0145    -1.0150    30.5817    30.5928  1024.6240    24.5738    387.602    376.194  369.98947    104.760     0.2650     1.2417     0.9025      11263         12  0.000e+00
     10.289   63.23144 -165.64226     10.389    -1.0151    -1.0145    -1.0153    30.5820    30.5931  1024.6243    24.5741    387.623    376.171  369.99197    104.765     0.2637     1.2344     0.9012      11264         12  0.000e+00
     10.319   63.23144 -165.64226     10.421    -1.0150    -1.0143    -1.0152    30.5819    30.5935  1024.6244    24.5740    387.595    376.146  369.99059    104.758     0.2637     1.2344     0.9012      11265         12  0.000e+00
     10.350   63.23144 -165.64226     10.452    -1.0150    -1.0144    -1.0152    30.5818    30.5936  1024.6244    24.5739    387.621    376.156  369.99088    104.765     0.2674     1.2564     0.9025      11266         12  0.000e+00
     10.289   63.23144 -165.64226     10.389    -1.0150    -1.0142    -1.0152    30.5819    30.5934  1024.6241    24.5740    387.596    376.160  369.99078    104.758     0.2735     1.2930     0.9025      11267         12  0.000e+00
