merge_samples_with_btl/SKQ202309T/ctd/skq202309t_004.cnv
* Sea-Bird SBE 9 Data File:
* FileName = D:\CTD\SKQ202309T\SKQ202309T_004.hex
* Software Version Seasave V 7.26.7.121
* Temperature SN = 6177
* Conductivity SN = 0369
* Number of Bytes Per Scan = 38
* Number of Voltage Words = 3
* Number of Scans Averaged by the Deck Unit = 1
* NMEA Latitude = 60 30.69 N
* NMEA Longitude = 168 26.21 W
* NMEA UTC (Time) = Jun 11 2023  07:16:30
* NMEA baud rate = 4800
** Ship: R/V Sikuliaq
** Station Number: 004
** Station Name: STN 006
** Bottom Depth: 35
** Operator: Emelia Chamberlain
# nquan = 23
# nvalues = 7467                                  
# units = specified
# name 0 = depSM: Depth [salt water, m]
# name 1 = latitude: Latitude [deg]
# name 2 = longitude: Longitude [deg]
# name 3 = prDM: Pressure, Digiquartz [db]
# name 4 = t090C: Temperature [ITS-90, deg C]
# name 5 = t190C: Temperature, 2 [ITS-90, deg C]
# name 6 = potemp090C: Potential Temperature [ITS-90, deg C]
# name 7 = sal00: Salinity, Practical [PSU]
# name 8 = sal11: Salinity, Practical, 2 [PSU]
# name 9 = density00: Density [density, kg/m^3]
# name 10 = sigma-é00: Density [sigma-theta, kg/m^3]
# name 11 = sbox0Mm/Kg: Oxygen, SBE 43 [umol/kg]
# name 12 = sbox1Mm/Kg: Oxygen, SBE 43, 2 [umol/kg]
# name 13 = oxsolMm/Kg: Oxygen Saturation, Garcia & Gordon [umol/kg]
# name 14 = sbeox0PS: Oxygen, SBE 43 [% saturation]
# name 15 = sbeox1PS: Oxygen, SBE 43, 2 [% saturation]
# name 16 = v0: Voltage 0
# name 17 = flECO-AFL: Fluorescence, WET Labs ECO-AFL/FL [mg/m^3]
# name 18 = v1: Voltage 1
# name 19 = CStarAt0: Beam Attenuation, WET Labs C-Star [1/m]
# name 20 = scan: Scan Count
# name 21 = timeM: Time, Elapsed [minutes]
# name 22 = flag:  0.000e+00
# span 0 =      1.697,     27.865                 
# span 1 =   60.51190,   60.51230                 
# span 2 = -168.43808, -168.43738                 
# span 3 =      1.713,     28.133                 
# span 4 =     0.7847,     1.8996                 
# span 5 =     0.7856,     1.8793                 
# span 6 =     0.7838,     1.8995                 
# span 7 =    29.8035,    29.9954                 
# span 8 =    29.7444,    30.0394                 
# span 9 =  1023.8536,  1024.1028                 
# span 10 =    23.8394,    24.0078                
# span 11 =    369.158,    383.801                
# span 12 =    359.803,    371.166                
# span 13 =  344.78664,  354.66799                
# span 14 =    105.378,    109.656                
# span 15 =    102.155,    105.800                
# span 16 =     0.1490,     0.3785                
# span 17 =     0.5458,     1.9231                
# span 18 =     3.6569,     4.2711                
# span 19 =     0.3933,     1.0145                
# span 20 =          1,       7467                
# span 21 =     0.0000,     5.1847                
# span 22 = 0.0000e+00, 0.0000e+00                
# interval = seconds: 0.0416667
# start_time = Jun 11 2023 07:21:43 [NMEA time, first data scan]
# bad_flag = -9.990e-29
*END*
[from data line 3402]
     21.773   60.51204 -168.43764     21.982     0.8058     0.8063     0.8051    29.9145    29.9255  1024.0728    23.9677    377.028    364.235  354.47041    106.364    102.765     0.3028     1.4688     3.9866     0.6691       3403     2.3625  0.000e+00
     21.812   60.51204 -168.43764     22.021     0.8058     0.8062     0.8051    29.9146    29.9257  1024.0731    23.9678    377.043    364.272  354.47003    106.368    102.775     0.3053     1.4835     3.9866     0.6691       3404     2.3632  0.000e+00
     21.773   60.51204 -168.43764     21.982     0.8058     0.8063     0.8051    29.9147    29.9258  1024.0730    23.9679    377.053    364.542  354.46976    106.371    102.852     0.3028     1.4688     3.9866     0.6691       3405     2.3639  0.000e+00
     21.812   60.51204 -168.43764     22.021     0.8056     0.8062     0.8049    29.9150    29.9255  1024.0734    23.9681    377.067    364.389  354.47047    106.375    102.808     0.3040     1.4762     3.9866     0.6691       3406     2.3646  0.000e+00
     21.835   60.51204 -168.43764     22.045     0.8058     0.8061     0.8051    29.9145    29.9254  1024.0731    23.9677    377.076    364.419  354.47028    106.377    102.816     0.3028     1.4688     3.9866     0.6691       3407     2.3653  0.000e+00
     21.812   60.51204 -168.43764     22.021     0.8058     0.8061     0.8051    29.9146    29.9254  1024.0731    23.9678    377.082    364.471  354.47003    106.379    102.831     0.3040     1.4762     3.9853     0.6703       3408     2.3660  0.000e+00
     21.773   60.51204 -168.43764     21.982     0.8056     0.8062     0.8049    29.9146    29.9256  1024.0729    23.9678    377.568    364.491  354.47150    106.516    102.837     0.3028     1.4688     3.9585     0.6974       3409     2.3667  0.000e+00
     21.812   60.51204 -168.43764     22.021     0.8060     0.8061     0.8052    29.9140    29.9260  1024.0726    23.9673    377.171    365.186  354.47014    106.404    103.033     0.3028     1.4688     3.9414     0.7147       3410     2.3674  0.000e+00
     21.835   60.51204 -168.43764     22.045     0.8061     0.8062     0.8054    29.9138    29.9257  1024.0725    23.9671    376.929    365.071  354.46919    106.336    103.000     0.3040     1.4762     3.9389     0.7172       3411     2.3681  0.000e+00
     21.812   60.51204 -168.43764     22.021     0.8061     0.8061     0.8054    29.9138    29.9258  1024.0724    23.9671    376.884    364.709  354.46916    106.323    102.898     0.3040     1.4762     3.9402     0.7160       3412     2.3687  0.000e+00
     21.812   60.51204 -168.43764     22.021     0.8060     0.8062     0.8052    29.9144    29.9257  1024.0729    23.9676    377.321    364.719  354.46916    106.447    102.901     0.3040     1.4762     3.9402     0.7160       3413     2.3694  0.000e+00
     21.773   60.51204 -168.43764     21.983     0.8060     0.8061     0.8052    29.9143    29.9258  1024.0726    23.9675    377.203    364.725  354.46932    106.413    102.903     0.3040     1.4762     3.9414     0.7147       3414     2.3701  0.000e+00
     21.812   60.51204 -168.43764     22.021     0.8060     0.8062     0.8052    29.9142    29.9254  1024.0728    23.9675    377.202    364.947  354.46949    106.413    102.965     0.3040     1.4762     3.9414     0.7147       3415     2.3708  0.000e+00
     21.835   60.51204 -168.43764     22.045     0.8058     0.8062     0.8051    29.9144    29.9257  1024.0730    23.9676    376.959    365.405  354.47061    106.344    103.095     0.3028     1.4688     3.9414     0.7147       3416     2.3715  0.000e+00
     21.812   60.51204 -168.43764     22.022     0.8058     0.8061     0.8051    29.9144    29.9261  1024.0729    23.9676    377.194    365.054  354.47058    106.411    102.996     0.3040     1.4762     3.9414     0.7147       3417     2.3722  0.000e+00
     21.773   60.51204 -168.43764     21.983     0.8058     0.8061     0.8051    29.9144    29.9259  1024.0727    23.9676    376.947    365.101  354.47052    106.341    103.009     0.3028     1.4688     3.9414     0.7147       3418     2.3729  0.000e+00
     21.874   60.51204 -168.43764     22.084     0.8056     0.8062     0.8049    29.9149    29.9257  1024.0736    23.9680    376.905    365.552  354.47078    106.329    103.136     0.3040     1.4762     3.9414     0.7147       3419     2.3736  0.000e+00
     21.773   60.51204 -168.43764     21.983     0.8056     0.8061     0.8049    29.9147    29.9258  1024.0730    23.9679    376.853    365.158  354.47128    106.314    103.025     0.3040     1.4762     3.9414     0.7147       3420     2.3743  0.000e+00
     21.812   60.51204 -168.43764     22.022     0.8058     0.8062     0.8051    29.9144    29.9257  1024.0729    23.9676    377.047    365.167  354.47058    106.369    103.028     0.3028     1.4688     3.9414     0.7147       3421     2.3750  0.000e+00
     21.835   60.51204 -168.43764     22.045     0.8058     0.8061     0.8051    29.9141    29.9255  1024.0728    23.9674    377.042    365.603  354.47127    106.368    103.150     0.3040     1.4762     3.9414     0.7147       3422     2.3757  0.000e+00
     21.812   60.51204 -168.43764     22.022     0.8060     0.8061     0.8052    29.9144    29.9257  1024.0729    23.9676    376.790    365.441  354.46916    106.297    103.104     0.3028     1.4688     3.9414     0.7147       3423     2.3764  0.000e+00
     21.773   60.51204 -168.43764     21.983     0.8058     0.8063     0.8051    29.9145    29.9253  1024.0728    23.9677    376.738    365.644  354.47041    106.282    103.162     0.3040     1.4762     3.9414     0.7147       3424     2.3771  0.000e+00
     21.812   60.51204 -168.43764     22.022     0.8058     0.8061     0.8051    29.9144    29.9257  1024.0729    23.9676    376.690    365.233  354.47058    106.268    103.046     0.3028     1.4688     3.9414     0.7147       3425     2.3778  0.000e+00
     21.812   60.51204 -168.43764     22.022     0.8060     0.8062     0.8052    29.9144    29.9257  1024.0729    23.9677    376.877    365.643  354.46894    106.322    103.162     0.3040     1.4762     3.9414     0.7147       3426     2.3785  0.000e+00
     21.835   60.51204 -168.43764     22.045     0.8060     0.8061     0.8052    29.9143    29.9255  1024.0729    23.9675    376.869    365.250  354.46941    106.319    103.050     0.3028     1.4688     3.9414     0.7147       3427     2.3792  0.000e+00
     21.812   60.51204 -168.43764     22.022     0.8058     0.8061     0.8051    29.9144    29.9252  1024.0729    23.9676    376.616    365.651  354.47058    106.248    103.164     0.3065     1.4908     3.9414     0.7147       3428     2.3799  0.000e+00
     21.835   60.51204 -168.43764     22.045     0.8056     0.8061     0.8049    29.9145    29.9254  1024.0731    23.9678    376.805    365.247  354.47170    106.300    103.049     0.3065     1.4908     3.9414     0.7147       3429     2.3806  0.000e+00
     21.812   60.51204 -168.43764     22.022     0.8058     0.8061     0.8051    29.9144    29.9257  1024.0729    23.9676    376.548    365.424  354.47058    106.228    103.100     0.3077     1.4982     3.9426     0.7135       3430     2.3813  0.000e+00
     21.773   60.51204 -168.43764     21.983     0.8056     0.8061     0.8049    29.9148    29.9260  1024.0730    23.9679    376.535    365.380  354.47107    106.224    103.088     0.3077     1.4982     3.9414     0.7147       3431     2.3819  0.000e+00
     21.812   60.51204 -168.43764     22.022     0.8058     0.8062     0.8051    29.9144    29.9258  1024.0729    23.9677    376.481    365.363  354.47047    106.210    103.083     0.3065     1.4908     3.9426     0.7135       3432     2.3826  0.000e+00
     21.835   60.51204 -168.43764     22.045     0.8056     0.8062     0.8049    29.9147    29.9257  1024.0733    23.9679    376.429    365.556  354.47116    106.195    103.137     0.3077     1.4982     3.9426     0.7135       3433     2.3833  0.000e+00
     21.812   60.51204 -168.43764     22.022     0.8058     0.8061     0.8051    29.9144    29.9255  1024.0729    23.9677    376.613    365.555  354.47047    106.247    103.137     0.3065     1.4908     3.9426     0.7135       3434     2.3840  0.000e+00
     21.835   60.51204 -168.43764     22.045     0.8058     0.8062     0.8051    29.9144    29.9253  1024.0730    23.9676    376.601    365.121  354.47061    106.243    103.014     0.3077     1.4982     3.9426     0.7135       3435     2.3847  0.000e+00
     21.812   60.51204 -168.43764     22.022     0.8060     0.8061     0.8052    29.9144    29.9257  1024.0729    23.9677    376.625    365.298  354.46894    106.251    103.064     0.3065     1.4908     3.9426     0.7135       3436     2.3854  0.000e+00
     21.773   60.51204 -168.43764     21.983     0.8060     0.8061     0.8052    29.9141    29.9256  1024.0725    23.9674    376.172    365.255  354.46987    106.122    103.052     0.3065     1.4908     3.9426     0.7135       3437     2.3861  0.000e+00
     21.874   60.51204 -168.43764     22.084     0.8058     0.8061     0.8051    29.9143    29.9252  1024.0731    23.9675    376.366    365.244  354.47089    106.177    103.049     0.3065     1.4908     3.9426     0.7135       3438     2.3868  0.000e+00
     21.812   60.51204 -168.43764     22.022     0.8058     0.8059     0.8051    29.9144    29.9253  1024.0729    23.9676    376.354    365.194  354.47058    106.173    103.034     0.3077     1.4982     3.9426     0.7135       3439     2.3875  0.000e+00
     21.774   60.51204 -168.43764     21.983     0.8060     0.8062     0.8052    29.9143    29.9255  1024.0726    23.9675    376.343    364.950  354.46943    106.171    102.966     0.3077     1.4982     3.9426     0.7135       3440     2.3882  0.000e+00
     21.812   60.51204 -168.43764     22.022     0.8058     0.8062     0.8051    29.9146    29.9254  1024.0731    23.9678    376.538    364.655  354.47003    106.226    102.883     0.3065     1.4908     3.9426     0.7135       3441     2.3889  0.000e+00
     21.835   60.51204 -168.43764     22.045     0.8060     0.8062     0.8052    29.9145    29.9257  1024.0731    23.9677    376.288    365.185  354.46876    106.155    103.033     0.3077     1.4982     3.9426     0.7135       3442     2.3896  0.000e+00
     21.812   60.51204 -168.43764     22.022     0.8060     0.8061     0.8052    29.9143    29.9257  1024.0728    23.9675    376.237    364.749  354.46938    106.141    102.909     0.3065     1.4908     3.9426     0.7135       3443     2.3903  0.000e+00
     21.835   60.51204 -168.43764     22.045     0.8058     0.8059     0.8051    29.9144    29.9259  1024.0730    23.9676    376.232    364.715  354.47061    106.139    102.900     0.3077     1.4982     3.9414     0.7147       3444     2.3910  0.000e+00
     21.812   60.51204 -168.43764     22.022     0.8058     0.8061     0.8051    29.9144    29.9255  1024.0729    23.9676    376.466    364.862  354.47058    106.205    102.941     0.3065     1.4908     3.9426     0.7135       3445     2.3917  0.000e+00
     21.835   60.51204 -168.43764     22.045     0.8058     0.8060     0.8051    29.9144    29.9255  1024.0730    23.9676    376.264    364.579  354.47061    106.148    102.861     0.3077     1.4982     3.9426     0.7135       3446     2.3924  0.000e+00
     21.812   60.51204 -168.43764     22.022     0.8058     0.8062     0.8051    29.9144    29.9258  1024.0729    23.9676    376.500    364.531  354.47058    106.215    102.848     0.3065     1.4908     3.9426     0.7135       3447     2.3931  0.000e+00
     21.835   60.51204 -168.43764     22.045     0.8060     0.8062     0.8052    29.9142    29.9257  1024.0729    23.9675    376.494    364.944  354.46952    106.213    102.965     0.3065     1.4908     3.9426     0.7135       3448     2.3937  0.000e+00
     21.812   60.51204 -168.43764     22.022     0.8060     0.8062     0.8052    29.9142    29.9254  1024.0728    23.9675    376.530    364.522  354.46949    106.223    102.845     0.3065     1.4908     3.9512     0.7048       3449     2.3944  0.000e+00
     21.835   60.51204 -168.43764     22.045     0.8056     0.8061     0.8049    29.9147    29.9256  1024.0733    23.9679    376.089    364.204  354.47116    106.099    102.756     0.3065     1.4908     3.9683     0.6875       3450     2.3951  0.000e+00
     21.812   60.51204 -168.43764     22.022     0.8060     0.8063     0.8052    29.9145    29.9255  1024.0730    23.9677    376.238    364.551  354.46873    106.141    102.854     0.3077     1.4982     3.9731     0.6826       3451     2.3958  0.000e+00
     21.835   60.51204 -168.43764     22.045     0.8058     0.8062     0.8051    29.9147    29.9257  1024.0732    23.9678    376.239    364.527  354.46985    106.141    102.847     0.3065     1.4908     3.9731     0.6826       3452     2.3965  0.000e+00
     21.874   60.51204 -168.43764     22.084     0.8061     0.8062     0.8054    29.9141    29.9257  1024.0729    23.9674    376.719    364.286  354.46838    106.277    102.779     0.3028     1.4688     3.9707     0.6851       3453     2.3972  0.000e+00
     21.812   60.51204 -168.43764     22.022     0.8058     0.8061     0.8051    29.9144    29.9255  1024.0729    23.9676    376.321    364.685  354.47058    106.164    102.891     0.2967     1.4322     3.9719     0.6839       3454     2.3979  0.000e+00
     21.835   60.51204 -168.43764     22.045     0.8060     0.8065     0.8052    29.9140    29.9254  1024.0727    23.9673    376.561    364.249  354.47018    106.232    102.769     0.2955     1.4249     3.9707     0.6851       3455     2.3986  0.000e+00
     21.812   60.51204 -168.43764     22.022     0.8058     0.8061     0.8051    29.9143    29.9261  1024.0728    23.9676    376.363    364.191  354.47080    106.176    102.752     0.2955     1.4249     3.9719     0.6839       3456     2.3993  0.000e+00
     21.835   60.51204 -168.43764     22.045     0.8058     0.8062     0.8051    29.9146    29.9257  1024.0732    23.9678    376.365    364.344  354.47007    106.177    102.795     0.2967     1.4322     3.9719     0.6839       3457     2.4000  0.000e+00
     21.874   60.51204 -168.43764     22.084     0.8056     0.8059     0.8049    29.9146    29.9254  1024.0733    23.9678    376.460    364.100  354.47165    106.203    102.725     0.2955     1.4249     3.9719     0.6839       3458     2.4007  0.000e+00
     21.835   60.51204 -168.43764     22.045     0.8058     0.8059     0.8051    29.9144    29.9255  1024.0730    23.9676    376.465    364.332  354.47061    106.205    102.791     0.2967     1.4322     3.9719     0.6839       3459     2.4014  0.000e+00
     21.812   60.51204 -168.43764     22.022     0.8060     0.8059     0.8052    29.9142    29.9258  1024.0728    23.9675    376.429    364.351  354.46949    106.195    102.797     0.2967     1.4322     3.9719     0.6839       3460     2.4021  0.000e+00
     21.835   60.51204 -168.43764     22.045     0.8060     0.8059     0.8052    29.9142    29.9259  1024.0729    23.9675    376.397    364.101  354.46952    106.186    102.726     0.2967     1.4322     3.9719     0.6839       3461     2.4028  0.000e+00
     21.874   60.51204 -168.43764     22.084     0.8058     0.8061     0.8051    29.9146    29.9258  1024.0733    23.9678    376.454    364.465  354.47012    106.202    102.829     0.2967     1.4322     3.9719     0.6839       3462     2.4035  0.000e+00
     21.836   60.51204 -168.43764     22.045     0.8060     0.8062     0.8052    29.9141    29.9257  1024.0727    23.9674    376.466    364.235  354.46996    106.205    102.764     0.2955     1.4249     3.9719     0.6839       3463     2.4042  0.000e+00
     21.812   60.51204 -168.43764     22.022     0.8058     0.8061     0.8051    29.9141    29.9255  1024.0727    23.9674    376.482    364.006  354.47134    106.210    102.700     0.2967     1.4322     3.9719     0.6839       3464     2.4049  0.000e+00
