merge_samples_with_btl/SKQ202309T/ctd/skq202309t_002.ros
* Sea-Bird SBE 9 Data File:
* FileName = D:\CTD\SKQ202309T\SKQ202309T_002.hex
* Software Version Seasave V 7.26.7.121
* Temperature SN = 6177
* Conductivity SN = 0369
* Number of Bytes Per Scan = 38
* Number of Voltage Words = 3
* Number of Scans Averaged by the Deck Unit = 1
* NMEA Latitude = 54 25.07 N
* NMEA Longitude = 165 12.78 W
* NMEA UTC (Time) = Jun 09 2023  15:02:10
* NMEA baud rate = 4800
** Ship: R/V Sikuliaq
** Station Number: 002
** Station Name: STN002
** Bottom Depth: 177
** Operator: SZ
# nquan = 21
# nvalues = 980                                   
# units = specified
# name 0 = depSM: Depth [salt water, m]
# name 1 = latitude: Latitude [deg]
# name 2 = longitude: Longitude [deg]
# name 3 = prDM: Pressure, Digiquartz [db]
# name 4 = t090C: Temperature [ITS-90, deg C]
# name 5 = t190C: Temperature, 2 [ITS-90, deg C]
# name 6 = potemp090C: Potential Temperature [ITS-90, deg C]
# name 7 = sal00: Salinity, Practical [PSU]
# name 8 = sal11: Salinity, Practical, 2 [PSU]
# name 9 = density00: Density [density, kg/m^3]
# name 10 = sigma-é00: Density [sigma-theta, kg/m^3]
# name 11 = sbox0Mm/Kg: Oxygen, SBE 43 [umol/kg]
# name 12 = sbox1Mm/Kg: Oxygen, SBE 43, 2 [umol/kg]
# name 13 = oxsolMm/Kg: Oxygen Saturation, Garcia & Gordon [umol/kg]
# name 14 = sbeox0PS: Oxygen, SBE 43 [% saturation]
# name 15 = v0: Voltage 0
# name 16 = flECO-AFL: Fluorescence, WET Labs ECO-AFL/FL [mg/m^3]
# name 17 = CStarAt0: Beam Attenuation, WET Labs C-Star [1/m]
# name 18 = scan: Scan Count
# name 19 = nbf: Bottles Fired
# name 20 = flag:  0.000e+00
# interval = seconds: 0.0416667
# start_time = Jun 09 2023 15:06:35 [NMEA time, first data scan]
# bad_flag = -9.990e-29
*END*
[from data line 207]
    100.110   54.41860 -165.21412    101.041     4.9100     4.9102     4.9026    32.7248    32.7342  1026.3512    25.8825    275.784    268.923  313.31892     88.020     0.1209     0.3773     0.1278      26575          5  0.000e+00
    100.164   54.41860 -165.21412    101.095     4.9101     4.9102     4.9028    32.7243    32.7342  1026.3510    25.8821    275.785    268.933  313.31891     88.020     0.1197     0.3699     0.1278      26576          5  0.000e+00
    100.164   54.41860 -165.21412    101.095     4.9100     4.9101     4.9026    32.7243    32.7345  1026.3510    25.8821    275.752    268.938  313.32017     88.010     0.1209     0.3773     0.1278      26577          5  0.000e+00
    100.164   54.41860 -165.21412    101.095     4.9100     4.9102     4.9026    32.7244    32.7342  1026.3511    25.8822    275.749    268.755  313.31981     88.009     0.1209     0.3773     0.1278      26578          5  0.000e+00
    100.110   54.41860 -165.21412    101.041     4.9100     4.9100     4.9026    32.7244    32.7344  1026.3509    25.8822    275.745    268.735  313.31984     88.008     0.1209     0.3773     0.1278      26579          5  0.000e+00
    100.226   54.41860 -165.21412    101.158     4.9100     4.9102     4.9026    32.7244    32.7341  1026.3514    25.8822    275.747    268.717  313.31979     88.008     0.1197     0.3699     0.1278      26580          5  0.000e+00
    100.110   54.41860 -165.21412    101.041     4.9100     4.9102     4.9026    32.7241    32.7344  1026.3506    25.8819    275.740    268.875  313.32057     88.006     0.1209     0.3773     0.1278      26581          5  0.000e+00
    100.188   54.41860 -165.21412    101.119     4.9100     4.9102     4.9026    32.7243    32.7343  1026.3511    25.8821    275.740    268.688  313.32020     88.006     0.1221     0.3846     0.1278      26582          5  0.000e+00
    100.165   54.41860 -165.21412    101.095     4.9101     4.9102     4.9028    32.7245    32.7342  1026.3512    25.8822    275.735    268.660  313.31845     88.005     0.1258     0.4066     0.1278      26583          5  0.000e+00
    100.165   54.41860 -165.21412    101.095     4.9101     4.9101     4.9028    32.7244    32.7343  1026.3511    25.8821    275.733    268.632  313.31873     88.004     0.1258     0.4066     0.1278      26584          5  0.000e+00
    100.165   54.41860 -165.21412    101.095     4.9098     4.9103     4.9024    32.7245    32.7343  1026.3512    25.8823    275.732    268.600  313.32070     88.003     0.1258     0.4066     0.1278      26585          5  0.000e+00
    100.165   54.41860 -165.21412    101.095     4.9101     4.9101     4.9028    32.7241    32.7341  1026.3509    25.8819    275.696    268.386  313.31937     87.992     0.1258     0.4066     0.1278      26586          5  0.000e+00
    100.165   54.41860 -165.21412    101.096     4.9098     4.9103     4.9024    32.7246    32.7342  1026.3513    25.8823    275.693    268.331  313.32061     87.991     0.1245     0.3993     0.1278      26587          5  0.000e+00
    100.165   54.41860 -165.21412    101.096     4.9100     4.9101     4.9026    32.7244    32.7349  1026.3511    25.8822    275.689    268.278  313.31990     87.990     0.1258     0.4066     0.1267      26588          5  0.000e+00
    100.165   54.41860 -165.21412    101.096     4.9100     4.9102     4.9026    32.7245    32.7343  1026.3512    25.8822    275.685    268.223  313.31972     87.988     0.1245     0.3993     0.1278      26589          5  0.000e+00
    100.111   54.41860 -165.21412    101.041     4.9100     4.9103     4.9026    32.7241    32.7343  1026.3506    25.8819    275.680    268.165  313.32057     87.986     0.1258     0.4066     0.1278      26590          5  0.000e+00
    100.165   54.41860 -165.21412    101.096     4.9100     4.9101     4.9026    32.7243    32.7341  1026.3510    25.8821    275.677    268.319  313.32018     87.986     0.1245     0.3993     0.1278      26591          5  0.000e+00
    100.227   54.41860 -165.21412    101.158     4.9100     4.9101     4.9026    32.7242    32.7344  1026.3513    25.8820    275.676    268.305  313.32025     87.985     0.1258     0.4066     0.1278      26592          5  0.000e+00
    100.126   54.41860 -165.21412    101.057     4.9098     4.9102     4.9024    32.7239    32.7343  1026.3506    25.8818    275.670    268.284  313.32213     87.983     0.1258     0.4066     0.1278      26593          5  0.000e+00
    100.165   54.41860 -165.21412    101.096     4.9100     4.9104     4.9026    32.7240    32.7337  1026.3507    25.8818    275.666    268.082  313.32091     87.982     0.1258     0.4066     0.1278      26594          5  0.000e+00
    100.165   54.41860 -165.21412    101.096     4.9100     4.9101     4.9026    32.7244    32.7345  1026.3511    25.8822    275.662    268.045  313.31990     87.981     0.1245     0.3993     0.1278      26595          5  0.000e+00
    100.165   54.41860 -165.21412    101.096     4.9100     4.9102     4.9026    32.7243    32.7343  1026.3510    25.8821    275.658    268.007  313.32018     87.980     0.1258     0.4066     0.1278      26596          5  0.000e+00
    100.165   54.41860 -165.21412    101.096     4.9100     4.9102     4.9026    32.7243    32.7342  1026.3511    25.8821    275.654    267.969  313.31999     87.978     0.1258     0.4066     0.1278      26597          5  0.000e+00
    100.165   54.41860 -165.21412    101.096     4.9098     4.9102     4.9024    32.7246    32.7339  1026.3513    25.8824    275.651    267.932  313.32052     87.977     0.1258     0.4066     0.1278      26598          5  0.000e+00
    100.165   54.41860 -165.21412    101.096     4.9100     4.9101     4.9026    32.7243    32.7345  1026.3510    25.8821    275.852    267.709  313.32018     88.042     0.1270     0.4139     0.1278      26599          5  0.000e+00
    100.111   54.41860 -165.21412    101.041     4.9100     4.9102     4.9026    32.7239    32.7343  1026.3505    25.8818    275.877    267.650  313.32103     88.049     0.1245     0.3993     0.1267      26600          5  0.000e+00
    100.227   54.41860 -165.21412    101.158     4.9098     4.9102     4.9024    32.7246    32.7342  1026.3516    25.8824    275.494    267.598  313.32050     87.927     0.1258     0.4066     0.1278      26601          5  0.000e+00
    100.165   54.41860 -165.21412    101.096     4.9100     4.9104     4.9026    32.7241    32.7337  1026.3509    25.8820    275.661    267.540  313.32045     87.980     0.1245     0.3993     0.1278      26602          5  0.000e+00
    100.127   54.41860 -165.21412    101.057     4.9101     4.9099     4.9028    32.7243    32.7344  1026.3509    25.8821    275.685    267.507  313.31887     87.989     0.1258     0.4066     0.1278      26603          5  0.000e+00
    100.165   54.41860 -165.21412    101.096     4.9101     4.9102     4.9028    32.7242    32.7344  1026.3509    25.8820    275.477    267.475  313.31928     87.922     0.1245     0.3993     0.1267      26604          5  0.000e+00
    100.165   54.41860 -165.21412    101.096     4.9100     4.9101     4.9026    32.7244    32.7344  1026.3511    25.8822    275.650    267.445  313.31981     87.977     0.1258     0.4066     0.1278      26605          5  0.000e+00
    100.165   54.41860 -165.21412    101.096     4.9100     4.9104     4.9026    32.7244    32.7340  1026.3511    25.8822    275.647    267.415  313.31990     87.976     0.1245     0.3993     0.1353      26606          5  0.000e+00
    100.165   54.41860 -165.21412    101.096     4.9100     4.9102     4.9026    32.7243    32.7342  1026.3510    25.8821    275.677    267.390  313.32018     87.986     0.1258     0.4066     0.1450      26607          5  0.000e+00
    100.165   54.41860 -165.21412    101.096     4.9097     4.9102     4.9023    32.7245    32.7344  1026.3512    25.8823    275.472    267.364  313.32187     87.920     0.1258     0.4066     0.1471      26608          5  0.000e+00
    100.111   54.41860 -165.21412    101.042     4.9098     4.9102     4.9024    32.7245    32.7340  1026.3510    25.8823    275.676    267.339  313.32073     87.985     0.1270     0.4139     0.1460      26609          5  0.000e+00
    100.166   54.41860 -165.21412    101.096     4.9098     4.9102     4.9024    32.7248    32.7340  1026.3514    25.8825    275.679    267.134  313.32006     87.986     0.1270     0.4139     0.1460      26610          5  0.000e+00
    100.166   54.41860 -165.21412    101.096     4.9097     4.9104     4.9023    32.7247    32.7340  1026.3513    25.8824    275.682    267.279  313.32160     87.987     0.1270     0.4139     0.1460      26611          5  0.000e+00
    100.166   54.41860 -165.21412    101.096     4.9100     4.9102     4.9026    32.7243    32.7342  1026.3511    25.8821    275.681    267.262  313.31999     87.987     0.1270     0.4139     0.1460      26612          5  0.000e+00
    100.235   54.41860 -165.21412    101.167     4.9104     4.9107     4.9031    32.7241    32.7341  1026.3512    25.8819    275.682    268.443  313.31702     87.988     0.1514     0.5604     0.1310      26863          6  0.000e+00
    100.235   54.41860 -165.21412    101.167     4.9108     4.9108     4.9034    32.7241    32.7336  1026.3511    25.8819    275.839    268.435  313.31432     88.039     0.1294     0.4286     0.1310      26864          6  0.000e+00
    100.235   54.41860 -165.21412    101.167     4.9109     4.9108     4.9035    32.7235    32.7340  1026.3506    25.8813    275.823    268.424  313.31507     88.034     0.1258     0.4066     0.1310      26865          6  0.000e+00
    100.235   54.41860 -165.21412    101.167     4.9108     4.9108     4.9034    32.7237    32.7342  1026.3508    25.8815    275.805    268.412  313.31533     88.028     0.1294     0.4286     0.1310      26866          6  0.000e+00
    100.235   54.41860 -165.21412    101.167     4.9109     4.9108     4.9035    32.7234    32.7342  1026.3505    25.8812    275.786    268.377  313.31535     88.022     0.1294     0.4286     0.1310      26867          6  0.000e+00
    100.235   54.41860 -165.21412    101.167     4.9108     4.9107     4.9034    32.7240    32.7344  1026.3510    25.8818    275.558    268.362  313.31460     87.949     0.1294     0.4286     0.1310      26868          6  0.000e+00
    100.235   54.41860 -165.21412    101.167     4.9106     4.9108     4.9032    32.7243    32.7342  1026.3513    25.8820    275.713    268.344  313.31539     87.999     0.1294     0.4286     0.1278      26869          6  0.000e+00
    100.235   54.41860 -165.21412    101.167     4.9108     4.9106     4.9034    32.7242    32.7344  1026.3512    25.8819    275.722    268.325  313.31414     88.002     0.1294     0.4286     0.1267      26870          6  0.000e+00
    100.251   54.41860 -165.21412    101.182     4.9110     4.9110     4.9036    32.7241    32.7341  1026.3511    25.8818    275.527    268.303  313.31326     87.940     0.1294     0.4286     0.1267      26871          6  0.000e+00
    100.290   54.41860 -165.21412    101.221     4.9109     4.9110     4.9035    32.7240    32.7340  1026.3513    25.8817    275.477    268.467  313.31385     87.924     0.1294     0.4286     0.1267      26872          6  0.000e+00
    100.235   54.41860 -165.21412    101.167     4.9110     4.9110     4.9036    32.7242    32.7343  1026.3512    25.8819    275.660    268.460  313.31288     87.982     0.1282     0.4212     0.1267      26873          6  0.000e+00
    100.235   54.41860 -165.21412    101.167     4.9111     4.9113     4.9037    32.7238    32.7338  1026.3508    25.8816    275.672    268.287  313.31317     87.986     0.1294     0.4286     0.1267      26874          6  0.000e+00
    100.174   54.41860 -165.21412    101.105     4.9113     4.9113     4.9039    32.7236    32.7340  1026.3504    25.8814    275.681    268.256  313.31202     87.989     0.1282     0.4212     0.1267      26875          6  0.000e+00
    100.290   54.41860 -165.21412    101.222     4.9114     4.9113     4.9040    32.7236    32.7335  1026.3509    25.8814    275.696    268.231  313.31126     87.994     0.1294     0.4286     0.1267      26876          6  0.000e+00
    100.174   54.41860 -165.21412    101.105     4.9114     4.9116     4.9040    32.7239    32.7334  1026.3505    25.8816    275.464    268.193  313.31030     87.921     0.1294     0.4286     0.1267      26877          6  0.000e+00
    100.236   54.41860 -165.21412    101.167     4.9116     4.9116     4.9042    32.7234    32.7335  1026.3505    25.8812    275.652    268.161  313.31021     87.981     0.1294     0.4286     0.1267      26878          6  0.000e+00
    100.290   54.41860 -165.21412    101.222     4.9117     4.9114     4.9044    32.7230    32.7336  1026.3504    25.8809    275.428    268.335  313.30993     87.909     0.1294     0.4286     0.1267      26879          6  0.000e+00
    100.236   54.41860 -165.21412    101.167     4.9116     4.9113     4.9042    32.7232    32.7338  1026.3503    25.8810    275.407    268.338  313.31076     87.902     0.1282     0.4212     0.1267      26880          6  0.000e+00
    100.197   54.41860 -165.21412    101.128     4.9117     4.9114     4.9044    32.7234    32.7334  1026.3502    25.8812    275.592    268.339  313.30909     87.962     0.1294     0.4286     0.1267      26881          6  0.000e+00
    100.236   54.41860 -165.21412    101.167     4.9117     4.9111     4.9044    32.7234    32.7338  1026.3504    25.8812    275.606    268.157  313.30913     87.966     0.1294     0.4286     0.1267      26882          6  0.000e+00
    100.236   54.41860 -165.21412    101.167     4.9117     4.9111     4.9044    32.7233    32.7339  1026.3504    25.8811    275.413    268.137  313.30923     87.905     0.1294     0.4286     0.1267      26883          6  0.000e+00
    100.236   54.41860 -165.21412    101.167     4.9117     4.9111     4.9044    32.7232    32.7339  1026.3503    25.8810    275.603    268.116  313.30950     87.965     0.1294     0.4286     0.1267      26884          6  0.000e+00
    100.236   54.41860 -165.21412    101.167     4.9121     4.9113     4.9047    32.7232    32.7340  1026.3502    25.8810    275.615    268.114  313.30725     87.969     0.1294     0.4286     0.1267      26885          6  0.000e+00
    100.236   54.41860 -165.21412    101.167     4.9122     4.9113     4.9048    32.7227    32.7338  1026.3498    25.8806    275.423    268.092  313.30728     87.908     0.1294     0.4286     0.1267      26886          6  0.000e+00
    100.236   54.41860 -165.21412    101.167     4.9121     4.9117     4.9047    32.7230    32.7335  1026.3501    25.8809    275.614    268.088  313.30753     87.969     0.1294     0.4286     0.1267      26887          6  0.000e+00
    100.236   54.41860 -165.21412    101.167     4.9122     4.9121     4.9048    32.7231    32.7330  1026.3502    25.8809    275.422    268.085  313.30627     87.908     0.1490     0.5458     0.1267      26888          6  0.000e+00
    100.236   54.41860 -165.21412    101.167     4.9122     4.9121     4.9048    32.7229    32.7330  1026.3500    25.8807    275.408    268.083  313.30672     87.904     0.1795     0.7289     0.1321      26889          6  0.000e+00
    100.236   54.41860 -165.21412    101.168     4.9122     4.9121     4.9048    32.7230    32.7327  1026.3501    25.8808    275.395    268.082  313.30654     87.900     0.1893     0.7875     0.1353      26890          6  0.000e+00
    100.197   54.41860 -165.21412    101.129     4.9122     4.9121     4.9048    32.7229    32.7326  1026.3498    25.8808    275.176    268.264  313.30668     87.830     0.1880     0.7802     0.1364      26891          6  0.000e+00
    100.236   54.41860 -165.21412    101.168     4.9124     4.9123     4.9050    32.7229    32.7325  1026.3500    25.8807    275.342    268.097  313.30555     87.883     0.1868     0.7729     0.1353      26892          6  0.000e+00
